evaluations raw_y
1 2685.0000000000
7 3082.0000000000
14 3134.0000000000
15 3214.0000000000
21 3333.0000000000
28 3475.0000000000
34 3492.0000000000
37 3667.0000000000
75 3700.0000000000
78 3864.0000000000
111 3899.0000000000
112 3926.0000000000
116 3932.0000000000
123 3948.0000000000
129 4101.0000000000
143 4102.0000000000
149 4126.0000000000
160 4169.0000000000
174 4187.0000000000
175 4193.0000000000
180 4228.0000000000
189 4238.0000000000
196 4284.0000000000
200 4314.0000000000
206 4318.0000000000
208 4360.0000000000
219 4428.0000000000
225 4449.0000000000
241 4454.0000000000
247 4542.0000000000
250 4573.0000000000
289 4576.0000000000
296 4591.0000000000
313 4598.0000000000
314 4621.0000000000
333 4696.0000000000
346 4761.0000000000
370 4789.0000000000
401 4852.0000000000
411 4872.0000000000
471 4904.0000000000
494 4952.0000000000
512 4955.0000000000
521 4975.0000000000
597 4983.0000000000
607 5050.0000000000
100000 4970.0000000000
evaluations raw_y
1 2351.0000000000
3 2436.0000000000
4 2884.0000000000
6 2927.0000000000
11 2934.0000000000
12 2999.0000000000
17 3008.0000000000
19 3031.0000000000
20 3370.0000000000
31 3380.0000000000
34 3401.0000000000
37 3408.0000000000
40 3442.0000000000
41 3556.0000000000
46 3602.0000000000
54 3633.0000000000
55 3662.0000000000
65 3734.0000000000
80 3791.0000000000
104 3823.0000000000
110 3827.0000000000
122 3900.0000000000
135 3915.0000000000
148 3983.0000000000
153 4058.0000000000
181 4063.0000000000
182 4131.0000000000
188 4286.0000000000
204 4330.0000000000
219 4333.0000000000
235 4353.0000000000
240 4356.0000000000
252 4360.0000000000
256 4382.0000000000
264 4390.0000000000
278 4447.0000000000
288 4492.0000000000
290 4529.0000000000
306 4540.0000000000
307 4543.0000000000
314 4544.0000000000
342 4627.0000000000
377 4634.0000000000
384 4656.0000000000
394 4675.0000000000
398 4754.0000000000
415 4768.0000000000
467 4828.0000000000
494 4846.0000000000
514 4910.0000000000
587 4917.0000000000
629 4934.0000000000
634 4968.0000000000
693 4978.0000000000
735 5010.0000000000
796 5038.0000000000
847 5050.0000000000
100000 4917.0000000000
evaluations raw_y
1 2308.0000000000
4 2408.0000000000
6 2579.0000000000
7 3091.0000000000
15 3214.0000000000
20 3226.0000000000
22 3345.0000000000
23 3412.0000000000
25 3712.0000000000
33 3873.0000000000
52 3878.0000000000
53 3926.0000000000
59 4003.0000000000
93 4020.0000000000
94 4078.0000000000
107 4089.0000000000
114 4130.0000000000
136 4157.0000000000
141 4214.0000000000
153 4217.0000000000
155 4269.0000000000
166 4272.0000000000
167 4277.0000000000
177 4371.0000000000
202 4419.0000000000
204 4530.0000000000
211 4542.0000000000
215 4569.0000000000
217 4589.0000000000
233 4608.0000000000
243 4648.0000000000
255 4649.0000000000
267 4688.0000000000
277 4713.0000000000
285 4728.0000000000
286 4758.0000000000
301 4769.0000000000
312 4816.0000000000
325 4822.0000000000
328 4827.0000000000
346 4851.0000000000
348 4855.0000000000
440 4878.0000000000
449 4879.0000000000
453 4902.0000000000
499 4912.0000000000
612 4929.0000000000
690 4946.0000000000
702 4947.0000000000
810 4949.0000000000
817 5006.0000000000
837 5050.0000000000
100000 5043.0000000000
evaluations raw_y
1 2860.0000000000
11 2890.0000000000
14 3045.0000000000
19 3058.0000000000
20 3063.0000000000
28 3075.0000000000
33 3181.0000000000
34 3266.0000000000
46 3365.0000000000
52 3371.0000000000
61 3381.0000000000
65 3387.0000000000
70 3438.0000000000
73 3504.0000000000
80 3615.0000000000
87 3626.0000000000
97 3721.0000000000
100 3736.0000000000
105 3751.0000000000
109 3876.0000000000
114 3890.0000000000
123 3938.0000000000
133 4013.0000000000
151 4059.0000000000
168 4104.0000000000
181 4128.0000000000
186 4239.0000000000
193 4270.0000000000
199 4299.0000000000
202 4349.0000000000
225 4372.0000000000
226 4427.0000000000
236 4443.0000000000
238 4450.0000000000
250 4548.0000000000
260 4608.0000000000
268 4637.0000000000
295 4668.0000000000
299 4753.0000000000
340 4762.0000000000
359 4763.0000000000
368 4780.0000000000
415 4796.0000000000
429 4813.0000000000
545 4814.0000000000
563 4852.0000000000
659 4854.0000000000
709 4878.0000000000
734 4884.0000000000
785 4974.0000000000
830 5032.0000000000
868 5045.0000000000
1038 5050.0000000000
100000 4967.0000000000
evaluations raw_y
1 3124.0000000000
9 3198.0000000000
21 3210.0000000000
24 3314.0000000000
29 3380.0000000000
35 3381.0000000000
50 3467.0000000000
51 3504.0000000000
67 3549.0000000000
79 3565.0000000000
84 3588.0000000000
85 3682.0000000000
98 3762.0000000000
108 3774.0000000000
109 3797.0000000000
116 3832.0000000000
130 3856.0000000000
133 3865.0000000000
136 3867.0000000000
144 3890.0000000000
152 3958.0000000000
159 3963.0000000000
171 3987.0000000000
185 4037.0000000000
188 4059.0000000000
198 4187.0000000000
220 4225.0000000000
226 4244.0000000000
247 4254.0000000000
250 4304.0000000000
271 4331.0000000000
283 4423.0000000000
300 4425.0000000000
302 4436.0000000000
305 4480.0000000000
315 4529.0000000000
374 4542.0000000000
379 4585.0000000000
390 4598.0000000000
398 4600.0000000000
422 4631.0000000000
442 4669.0000000000
444 4729.0000000000
469 4743.0000000000
471 4762.0000000000
481 4766.0000000000
502 4778.0000000000
536 4788.0000000000
540 4806.0000000000
551 4820.0000000000
569 4835.0000000000
582 4853.0000000000
595 4865.0000000000
608 4906.0000000000
623 4918.0000000000
636 4969.0000000000
692 4991.0000000000
725 5000.0000000000
760 5036.0000000000
765 5038.0000000000
791 5039.0000000000
921 5040.0000000000
926 5050.0000000000
100000 5022.0000000000
evaluations raw_y
1 2632.0000000000
4 2759.0000000000
6 2854.0000000000
9 2955.0000000000
14 3062.0000000000
18 3251.0000000000
20 3292.0000000000
32 3307.0000000000
35 3326.0000000000
38 3448.0000000000
45 3452.0000000000
50 3482.0000000000
52 3586.0000000000
58 3602.0000000000
69 3650.0000000000
73 3693.0000000000
81 3756.0000000000
86 3790.0000000000
104 3791.0000000000
108 3875.0000000000
117 3889.0000000000
120 3895.0000000000
124 3898.0000000000
131 4002.0000000000
142 4042.0000000000
155 4108.0000000000
171 4119.0000000000
176 4160.0000000000
201 4214.0000000000
222 4270.0000000000
225 4377.0000000000
235 4521.0000000000
242 4558.0000000000
247 4603.0000000000
320 4663.0000000000
378 4758.0000000000
479 4786.0000000000
505 4829.0000000000
517 4847.0000000000
552 4868.0000000000
566 4921.0000000000
595 4947.0000000000
603 4965.0000000000
649 4988.0000000000
655 5007.0000000000
889 5018.0000000000
951 5050.0000000000
100000 5014.0000000000
evaluations raw_y
1 2307.0000000000
4 2492.0000000000
5 2701.0000000000
7 2843.0000000000
10 2866.0000000000
11 3104.0000000000
25 3134.0000000000
26 3175.0000000000
32 3350.0000000000
55 3450.0000000000
71 3479.0000000000
83 3511.0000000000
89 3514.0000000000
91 3626.0000000000
98 3647.0000000000
114 3674.0000000000
121 3701.0000000000
129 3740.0000000000
145 3742.0000000000
148 3762.0000000000
152 3771.0000000000
153 3827.0000000000
163 3834.0000000000
165 3838.0000000000
169 3850.0000000000
173 3851.0000000000
180 3859.0000000000
181 3924.0000000000
182 3947.0000000000
206 4046.0000000000
220 4062.0000000000
227 4076.0000000000
228 4101.0000000000
239 4134.0000000000
248 4239.0000000000
253 4271.0000000000
254 4292.0000000000
261 4366.0000000000
270 4398.0000000000
293 4456.0000000000
311 4499.0000000000
328 4560.0000000000
336 4581.0000000000
344 4588.0000000000
366 4632.0000000000
385 4650.0000000000
390 4659.0000000000
396 4689.0000000000
429 4705.0000000000
442 4751.0000000000
447 4767.0000000000
461 4785.0000000000
479 4844.0000000000
489 4846.0000000000
508 4869.0000000000
516 4874.0000000000
521 4911.0000000000
570 4932.0000000000
608 4933.0000000000
666 4946.0000000000
766 4953.0000000000
781 5037.0000000000
784 5044.0000000000
2117 5050.0000000000
100000 5050.0000000000
evaluations raw_y
1 2636.0000000000
7 2693.0000000000
9 3014.0000000000
15 3093.0000000000
17 3163.0000000000
23 3363.0000000000
31 3538.0000000000
41 3597.0000000000
50 3624.0000000000
54 3677.0000000000
60 3688.0000000000
61 3734.0000000000
70 3824.0000000000
74 3826.0000000000
93 3872.0000000000
103 3887.0000000000
112 3922.0000000000
118 3946.0000000000
126 3954.0000000000
132 3963.0000000000
134 3989.0000000000
137 4101.0000000000
140 4150.0000000000
147 4151.0000000000
149 4219.0000000000
152 4257.0000000000
158 4261.0000000000
182 4326.0000000000
205 4334.0000000000
206 4389.0000000000
219 4397.0000000000
224 4400.0000000000
228 4462.0000000000
235 4470.0000000000
236 4473.0000000000
246 4487.0000000000
255 4523.0000000000
276 4566.0000000000
302 4570.0000000000
305 4630.0000000000
320 4669.0000000000
330 4689.0000000000
342 4728.0000000000
349 4731.0000000000
357 4748.0000000000
360 4754.0000000000
361 4771.0000000000
385 4779.0000000000
388 4783.0000000000
420 4792.0000000000
449 4812.0000000000
455 4844.0000000000
528 4860.0000000000
576 4861.0000000000
597 4908.0000000000
605 4919.0000000000
615 4939.0000000000
689 4984.0000000000
782 4991.0000000000
816 5040.0000000000
1287 5050.0000000000
100000 5023.0000000000
evaluations raw_y
1 2312.0000000000
2 2724.0000000000
7 2740.0000000000
8 2787.0000000000
10 3039.0000000000
21 3159.0000000000
25 3216.0000000000
29 3310.0000000000
36 3719.0000000000
57 3757.0000000000
64 3819.0000000000
77 3827.0000000000
89 3840.0000000000
90 3873.0000000000
93 3917.0000000000
95 3969.0000000000
105 3977.0000000000
111 4058.0000000000
116 4061.0000000000
122 4161.0000000000
129 4206.0000000000
144 4252.0000000000
145 4286.0000000000
152 4341.0000000000
155 4377.0000000000
178 4382.0000000000
181 4398.0000000000
188 4401.0000000000
190 4440.0000000000
242 4508.0000000000
249 4513.0000000000
252 4571.0000000000
255 4587.0000000000
312 4617.0000000000
354 4671.0000000000
368 4672.0000000000
413 4730.0000000000
431 4752.0000000000
444 4755.0000000000
574 4801.0000000000
592 4827.0000000000
604 4836.0000000000
669 4846.0000000000
709 4874.0000000000
737 4898.0000000000
769 4969.0000000000
779 5007.0000000000
786 5045.0000000000
844 5050.0000000000
100000 4976.0000000000
evaluations raw_y
1 2449.0000000000
3 2538.0000000000
5 2544.0000000000
6 2686.0000000000
8 2819.0000000000
11 2937.0000000000
13 3149.0000000000
21 3220.0000000000
23 3305.0000000000
29 3446.0000000000
34 3475.0000000000
44 3665.0000000000
56 3688.0000000000
65 3786.0000000000
70 3788.0000000000
89 3805.0000000000
93 3901.0000000000
115 3923.0000000000
130 3938.0000000000
139 3942.0000000000
140 3959.0000000000
151 3960.0000000000
160 3964.0000000000
173 3988.0000000000
185 4079.0000000000
197 4115.0000000000
206 4141.0000000000
210 4210.0000000000
215 4308.0000000000
240 4321.0000000000
249 4419.0000000000
295 4507.0000000000
297 4519.0000000000
302 4561.0000000000
332 4572.0000000000
357 4580.0000000000
378 4636.0000000000
393 4680.0000000000
396 4725.0000000000
406 4769.0000000000
424 4810.0000000000
463 4848.0000000000
517 4862.0000000000
535 4909.0000000000
615 4952.0000000000
644 5015.0000000000
1122 5040.0000000000
1458 5043.0000000000
1461 5050.0000000000
100000 4938.0000000000
