evaluations raw_y
1 0.0000000000
2 8.9000000000
3 14.3800000000
6 23.4500000000
7 33.6100000000
12 37.7600000000
15 90.9800000000
20 117.5100000000
93 121.5100000000
99 132.2300000000
101 135.6400000000
113 142.2900000000
124 170.3500000000
129 195.4100000000
142 205.1200000000
160 228.5600000000
219 234.8700000000
232 240.4900000000
247 249.3300000000
272 270.3300000000
299 277.9700000000
337 302.7800000000
391 306.3900000000
444 306.9100000000
455 311.4800000000
496 316.4700000000
523 316.6900000000
532 326.6400000000
585 328.3700000000
617 349.2800000000
653 358.8800000000
821 363.3100000000
845 374.6800000000
862 377.4100000000
893 381.9000000000
913 397.5000000000
930 419.9400000000
1091 427.5000000000
1107 443.5700000000
1127 445.1300000000
1168 482.7200000000
2131 489.5100000000
2234 492.9600000000
2252 533.8900000000
2286 539.2500000000
2346 551.9400000000
2378 556.3400000000
2405 559.6100000000
2413 568.6900000000
2419 582.3900000000
2442 593.4600000000
2602 611.5100000000
2611 633.5200000000
2915 648.3100000000
3355 655.0800000000
3357 656.0100000000
3415 678.8600000000
3482 700.8800000000
4165 702.9600000000
4168 715.7300000000
4220 720.3400000000
4256 724.6500000000
4361 727.1000000000
4398 730.2100000000
5675 733.0700000000
5688 746.4800000000
5749 753.1300000000
5766 753.8200000000
5789 754.9100000000
5830 756.9400000000
5856 761.7800000000
5927 777.1300000000
5929 777.4500000000
5937 781.6400000000
5968 785.1800000000
6085 797.7200000000
6499 800.7500000000
6524 802.0000000000
6553 805.2900000000
6557 819.9300000000
6577 825.9100000000
6777 832.6400000000
6779 844.2500000000
6802 846.5500000000
7140 847.6700000000
7172 864.4400000000
7798 870.4600000000
7809 897.0600000000
7863 897.2200000000
7881 915.4400000000
8421 920.2500000000
8762 923.4900000000
8876 936.4100000000
9997 939.1200000000
10231 946.2600000000
11533 950.6200000000
11761 952.4200000000
11801 959.0900000000
11805 982.6300000000
11960 988.3100000000
14787 988.5800000000
14819 1000.3500000000
15074 1002.5900000000
15077 1008.4700000000
15141 1014.4600000000
15170 1025.1900000000
15553 1026.7900000000
15678 1030.7100000000
15684 1032.1600000000
15838 1038.1800000000
17076 1050.2200000000
17615 1053.3900000000
17825 1054.6700000000
18867 1062.9600000000
19035 1063.0500000000
19686 1064.0200000000
20204 1064.7300000000
20235 1065.4700000000
20346 1074.2100000000
21601 1074.5900000000
22132 1075.5000000000
22240 1078.2300000000
22258 1078.2700000000
22335 1079.9800000000
22440 1080.4900000000
22505 1082.2400000000
22520 1085.8500000000
23861 1087.5400000000
25388 1090.7100000000
25674 1092.5600000000
26008 1095.0500000000
26172 1098.6700000000
26463 1102.4700000000
26940 1105.4000000000
27040 1112.3000000000
27835 1119.4800000000
30280 1121.5500000000
35268 1121.9700000000
35909 1122.0400000000
36229 1128.7300000000
36246 1140.0600000000
36543 1140.2600000000
36549 1142.2000000000
36577 1145.3500000000
36896 1148.9200000000
37758 1151.9700000000
37787 1160.3700000000
37870 1161.7300000000
37877 1163.8100000000
37937 1172.0100000000
38715 1185.6600000000
40876 1191.6800000000
43770 1202.0000000000
43820 1202.3100000000
44384 1204.3000000000
46095 1204.9600000000
46281 1210.8600000000
46346 1212.1700000000
46417 1213.1400000000
46973 1216.8400000000
47250 1219.5600000000
47339 1221.8600000000
47378 1224.2500000000
47543 1224.7900000000
48351 1229.2900000000
51629 1231.8000000000
57290 1231.9600000000
58917 1232.6000000000
65425 1232.6700000000
67780 1236.4700000000
70599 1239.3600000000
76021 1243.8000000000
76831 1258.2700000000
89281 1261.5200000000
100000 1178.8100000000
evaluations raw_y
1 0.0000000000
2 2.2600000000
3 2.9300000000
4 16.4200000000
5 20.0500000000
7 20.5000000000
8 41.8300000000
10 60.7100000000
15 78.7300000000
16 90.4100000000
20 103.7400000000
22 105.3000000000
50 111.8800000000
52 121.4600000000
54 126.3200000000
67 143.9700000000
68 144.8500000000
79 182.4100000000
81 188.7400000000
101 203.7400000000
114 256.8300000000
117 267.4900000000
135 279.3500000000
149 283.3800000000
195 293.3600000000
229 310.5000000000
343 321.5500000000
473 336.2500000000
824 349.9900000000
899 350.8800000000
950 354.4600000000
1122 371.7400000000
1567 399.2300000000
1600 417.1700000000
1701 420.0900000000
1740 432.4800000000
1781 436.9300000000
1787 452.5400000000
1801 468.2200000000
1828 475.5900000000
1922 480.0500000000
1984 491.3300000000
2067 493.9200000000
2120 494.5600000000
2164 507.5100000000
2196 516.0800000000
2259 522.1300000000
2484 529.6800000000
2779 549.2400000000
2798 586.5600000000
2799 604.8800000000
2892 605.7400000000
3378 627.6100000000
3385 632.1300000000
3423 636.4000000000
3463 648.1200000000
3474 648.4200000000
3658 666.9300000000
3695 667.5800000000
3740 674.1800000000
3834 678.4000000000
3855 691.4400000000
3895 705.2300000000
3989 718.4600000000
4101 727.1200000000
4202 734.3800000000
4385 737.0700000000
4395 753.8100000000
4409 755.4500000000
4429 769.5500000000
4517 770.0100000000
4535 788.1600000000
4539 820.6000000000
4548 834.5300000000
4569 848.1300000000
4646 854.8900000000
4987 856.4200000000
4996 864.0800000000
5044 875.0100000000
5248 884.2200000000
5499 890.8900000000
5652 895.2500000000
5847 895.9600000000
5899 898.4600000000
5937 909.4700000000
6022 915.4500000000
6028 933.1100000000
6238 937.7300000000
6286 938.9500000000
6294 954.0000000000
6303 981.2300000000
7822 986.2000000000
8911 1004.1100000000
14285 1012.7000000000
14608 1018.6500000000
15467 1094.6800000000
15629 1101.1500000000
15908 1114.0700000000
16416 1115.4500000000
16595 1118.0300000000
17686 1119.7800000000
18269 1123.7900000000
18382 1125.2700000000
19393 1127.9000000000
19611 1129.2100000000
19864 1136.0100000000
19879 1143.0100000000
20159 1145.2500000000
20547 1149.7200000000
22927 1150.2300000000
24473 1150.3500000000
26191 1150.6900000000
26259 1170.8200000000
26542 1171.5800000000
26556 1173.0200000000
26606 1173.2000000000
26609 1173.6700000000
26691 1177.1200000000
26915 1181.7100000000
26989 1191.5500000000
27140 1196.9500000000
27225 1198.0900000000
27323 1198.2300000000
27538 1198.6900000000
27591 1205.7700000000
27780 1211.9900000000
27976 1213.4500000000
30272 1217.1300000000
30329 1217.8400000000
30355 1217.9600000000
30483 1218.0300000000
30508 1226.3000000000
30515 1226.9400000000
30561 1227.1700000000
30613 1238.8500000000
31211 1239.6200000000
32197 1244.9600000000
32503 1246.4400000000
33302 1249.0800000000
33613 1251.7400000000
35096 1252.6500000000
35302 1255.4600000000
41028 1258.3200000000
42178 1260.1900000000
44716 1265.5300000000
82579 1271.3500000000
88271 1273.2000000000
88972 1277.8500000000
92985 1286.7000000000
100000 1195.1700000000
evaluations raw_y
1 0.0000000000
2 4.8700000000
3 26.4200000000
6 39.8700000000
11 41.0500000000
12 67.9200000000
26 68.2300000000
27 101.0700000000
37 106.1800000000
39 110.7300000000
57 135.1700000000
92 135.3200000000
94 144.9300000000
96 149.6700000000
114 154.4000000000
124 155.6300000000
131 162.0200000000
144 167.9800000000
156 199.5700000000
202 264.6400000000
223 269.6000000000
234 278.8100000000
257 293.9500000000
279 297.9100000000
298 300.8300000000
314 314.3000000000
344 322.9700000000
356 346.4000000000
375 351.4900000000
620 354.5100000000
656 357.9700000000
664 362.0000000000
669 374.0000000000
682 396.7200000000
683 408.6300000000
685 410.2500000000
746 424.3000000000
762 438.0600000000
975 447.1000000000
1013 447.6800000000
1024 463.6800000000
1067 479.0900000000
1116 518.0700000000
1129 525.7300000000
1156 541.5500000000
1161 552.3800000000
1164 558.4300000000
1190 560.9800000000
1197 583.0000000000
1205 591.1800000000
1500 606.8600000000
1604 613.3700000000
1708 621.6500000000
1791 627.3600000000
1797 655.5600000000
1801 673.2400000000
1822 673.3100000000
1841 689.8000000000
1875 692.1900000000
1909 697.3900000000
1926 698.5500000000
2229 701.8900000000
2245 703.3400000000
2501 718.4300000000
3940 731.0600000000
4436 753.2300000000
4527 772.7500000000
4725 782.5900000000
4766 791.1100000000
4950 793.9700000000
5563 795.1600000000
5579 799.7300000000
5590 799.8700000000
5633 817.8000000000
5652 818.6000000000
5717 826.8900000000
8193 830.7900000000
8200 831.9400000000
8268 833.3300000000
8407 835.5400000000
8444 840.9600000000
8623 844.2900000000
8708 875.0300000000
8715 906.2600000000
8900 920.0200000000
8901 926.0000000000
9458 932.0100000000
9514 936.9600000000
9624 952.2700000000
9672 960.5400000000
9744 970.6300000000
10671 981.2900000000
10696 1004.4700000000
11589 1004.7300000000
11593 1006.2700000000
12023 1006.6800000000
12326 1028.3500000000
13411 1036.9200000000
13421 1040.9900000000
13495 1051.0700000000
14164 1055.1600000000
14402 1062.1700000000
14608 1063.1900000000
14613 1066.6300000000
14622 1068.9900000000
14624 1069.7900000000
14638 1071.8100000000
14756 1073.6500000000
14818 1087.0800000000
17826 1087.6900000000
17854 1119.8200000000
18460 1121.0300000000
18522 1124.3500000000
18897 1132.4200000000
20375 1145.1000000000
21097 1156.5300000000
27002 1160.0900000000
27424 1165.1700000000
27480 1182.7700000000
42557 1183.1100000000
43235 1185.3900000000
45696 1189.6800000000
45841 1192.6300000000
46450 1201.9800000000
46884 1207.0900000000
48432 1208.4300000000
49229 1209.9800000000
49275 1217.2900000000
49284 1217.8700000000
50217 1220.1100000000
50239 1220.7200000000
50495 1226.3200000000
52760 1227.9000000000
56264 1230.1400000000
56886 1230.4700000000
56904 1233.3500000000
57391 1238.8300000000
63455 1246.9800000000
74913 1264.0700000000
80907 1264.3700000000
83519 1273.5700000000
100000 1202.9700000000
evaluations raw_y
1 0.0000000000
2 1.9100000000
3 7.2800000000
4 15.2100000000
5 42.1500000000
9 58.8300000000
13 65.2900000000
22 99.7700000000
44 104.1100000000
47 122.2200000000
61 131.3300000000
63 132.9400000000
73 137.5800000000
79 157.1500000000
81 177.5600000000
130 181.7600000000
157 191.1400000000
173 201.6500000000
206 207.3000000000
248 221.6400000000
249 235.2900000000
300 241.6100000000
319 245.8700000000
356 276.6100000000
361 276.8300000000
377 279.2000000000
381 286.7300000000
385 291.4200000000
406 298.0700000000
501 309.9000000000
565 316.6000000000
577 329.5100000000
700 332.9200000000
710 342.4900000000
721 355.3300000000
832 359.6100000000
884 370.3300000000
946 370.9300000000
955 373.6800000000
958 389.1900000000
1114 392.0200000000
1183 415.3900000000
1234 425.5500000000
1462 436.3900000000
1660 442.7300000000
1703 461.5700000000
1898 467.0500000000
1987 469.4700000000
2002 477.8500000000
2067 479.9600000000
2113 482.6600000000
2136 509.3600000000
2138 516.0900000000
2178 526.4400000000
2190 528.7400000000
2343 536.4100000000
2363 544.5500000000
2368 550.7000000000
2405 559.7700000000
2454 564.0500000000
2811 645.3600000000
2837 662.8200000000
2907 673.5800000000
3167 677.3000000000
3408 689.1100000000
3420 693.6100000000
3531 705.0100000000
3670 712.9500000000
4770 718.9400000000
5580 830.6300000000
5938 836.7700000000
5988 843.8500000000
6079 844.2700000000
6084 849.9900000000
6171 856.2700000000
6359 868.5800000000
6378 869.3500000000
6385 880.4500000000
6391 924.2200000000
6734 928.5000000000
6782 933.7500000000
6824 960.4900000000
7144 978.4100000000
7156 996.8600000000
7189 1011.5300000000
7361 1012.0300000000
7427 1016.7600000000
7668 1019.1300000000
7963 1024.0900000000
8071 1027.1800000000
8136 1031.6200000000
8205 1034.0700000000
8265 1042.3000000000
8543 1043.9100000000
8715 1044.7700000000
8725 1049.9500000000
8734 1053.1600000000
8763 1054.5400000000
8785 1058.4200000000
8867 1068.3700000000
9082 1071.8700000000
10653 1073.8800000000
10875 1090.2300000000
11748 1091.9000000000
15000 1092.3300000000
15532 1096.7300000000
17540 1100.6300000000
18015 1101.2800000000
18203 1101.4100000000
18417 1110.5500000000
18428 1113.9700000000
18551 1115.8000000000
18637 1118.1700000000
18777 1118.7600000000
18963 1120.9800000000
19156 1125.2500000000
20212 1127.5400000000
20981 1127.7000000000
21221 1131.7800000000
22279 1132.8600000000
22596 1139.9900000000
23633 1140.6300000000
23656 1144.8500000000
23712 1151.2300000000
24079 1156.8900000000
24114 1167.1500000000
24762 1168.1300000000
24796 1179.2100000000
24951 1179.6100000000
25058 1180.9800000000
25624 1184.4400000000
25741 1191.3800000000
25898 1202.8500000000
26105 1207.6300000000
27317 1207.9700000000
27360 1209.6800000000
27436 1213.4800000000
27990 1218.3500000000
30196 1225.8400000000
43869 1226.7700000000
45418 1227.4400000000
46008 1228.0200000000
46569 1229.5600000000
46629 1235.1800000000
46741 1242.9400000000
48359 1243.3800000000
49949 1243.6700000000
50881 1250.8400000000
63283 1251.5700000000
63687 1254.3600000000
63760 1255.6400000000
63918 1255.8000000000
64183 1259.9000000000
64946 1267.8800000000
69921 1270.8500000000
71398 1273.0300000000
71645 1276.5900000000
72290 1278.7600000000
75537 1281.5200000000
80362 1282.5700000000
100000 1096.6100000000
evaluations raw_y
1 0.0000000000
2 10.6900000000
3 22.3200000000
4 50.7800000000
5 66.3700000000
19 82.4000000000
22 100.3800000000
24 102.4700000000
28 113.4000000000
39 135.0200000000
54 144.0800000000
63 151.3000000000
66 153.9900000000
69 164.7300000000
81 167.6000000000
88 180.8800000000
126 187.2800000000
132 193.4000000000
149 219.1800000000
238 222.8100000000
240 225.0900000000
253 230.8000000000
260 242.5300000000
274 246.5200000000
275 258.1300000000
285 263.6600000000
287 274.1700000000
298 286.7300000000
356 287.5200000000
408 304.4800000000
455 304.9300000000
633 310.7400000000
652 311.0000000000
663 318.0500000000
689 338.2800000000
724 355.3400000000
818 357.1500000000
821 366.5400000000
827 375.3100000000
833 378.2300000000
906 410.9700000000
1192 413.5500000000
1200 430.8100000000
1273 433.8900000000
1304 439.8600000000
1333 455.1300000000
1378 456.8300000000
1393 499.5500000000
1468 523.4000000000
1558 542.3900000000
1599 553.8600000000
1686 557.4100000000
1698 559.2300000000
1753 565.3300000000
1769 569.8700000000
1811 589.5600000000
1991 595.1200000000
2223 599.5500000000
2283 611.2700000000
2315 613.8800000000
2553 624.9300000000
2559 628.6900000000
2605 633.7200000000
2624 637.9000000000
2768 653.5400000000
2790 656.0100000000
2842 662.2500000000
2843 665.0700000000
2850 666.7200000000
2921 687.8000000000
3008 694.8300000000
3315 711.7000000000
3327 715.6000000000
3422 726.7300000000
3578 734.9700000000
3666 738.7200000000
3719 740.9800000000
3812 766.9300000000
4059 774.0700000000
4097 781.5500000000
4179 781.6900000000
4218 784.4800000000
4225 786.7700000000
4245 795.5500000000
4296 812.2400000000
4413 812.3900000000
4456 819.2500000000
4590 820.2700000000
4733 821.6500000000
4752 831.2000000000
4807 831.8100000000
4907 839.4300000000
4908 855.6900000000
5216 860.7100000000
5513 861.7100000000
5529 867.0000000000
5686 870.5900000000
5692 876.1700000000
5735 885.7900000000
6037 892.9100000000
6350 892.9300000000
6610 897.2600000000
6642 897.4300000000
6655 918.5500000000
11345 922.8100000000
11698 925.1000000000
11711 925.1800000000
11727 925.9200000000
11732 942.9900000000
11834 943.6600000000
11852 946.1900000000
12076 946.8700000000
12203 949.9400000000
12379 956.8400000000
12427 960.1600000000
12660 967.8000000000
12712 977.8500000000
13290 977.9100000000
15966 980.8700000000
16481 988.0000000000
17920 991.7900000000
18571 995.9800000000
19141 996.2300000000
19992 996.8100000000
20061 1002.9300000000
20144 1003.4900000000
20188 1010.9000000000
20266 1029.9200000000
20758 1031.2100000000
20779 1034.5900000000
20792 1037.6300000000
21757 1038.1100000000
22056 1038.1300000000
22613 1046.6400000000
23209 1048.8500000000
23345 1058.6900000000
23425 1063.4000000000
23595 1065.8100000000
23631 1069.1400000000
23794 1069.4100000000
24876 1071.0500000000
25166 1074.8300000000
25177 1090.2100000000
25319 1091.1300000000
25324 1099.0300000000
25651 1103.3500000000
25751 1153.9400000000
25783 1168.4100000000
25792 1170.2900000000
25815 1174.4100000000
26103 1183.0700000000
26659 1190.7000000000
33077 1199.8600000000
43802 1201.2700000000
45096 1202.3100000000
45540 1209.6000000000
45702 1210.7000000000
46546 1213.6600000000
48593 1216.3000000000
49429 1224.3300000000
71063 1228.4000000000
75071 1230.0400000000
79797 1237.1800000000
100000 991.9700000000
evaluations raw_y
1 0.0000000000
2 12.7500000000
4 33.5900000000
7 38.3200000000
13 47.4300000000
16 55.1900000000
21 67.9400000000
22 73.9200000000
29 90.5500000000
36 109.4900000000
46 129.7500000000
47 177.7400000000
51 197.2900000000
63 215.9700000000
65 217.9200000000
72 229.5100000000
74 239.3900000000
86 239.5300000000
101 244.1900000000
117 262.7700000000
123 270.2700000000
129 275.7600000000
130 300.9400000000
132 301.8300000000
156 318.6300000000
215 322.6700000000
226 349.6100000000
263 357.1800000000
285 361.5400000000
322 364.4000000000
382 434.7000000000
418 454.5200000000
430 461.3500000000
434 467.8300000000
446 468.2200000000
490 471.3300000000
491 480.0800000000
496 484.3900000000
522 495.7300000000
552 505.3100000000
561 509.1800000000
582 523.2200000000
729 535.0900000000
852 536.3400000000
1216 538.7000000000
1243 540.2200000000
1258 544.3800000000
1351 545.4400000000
1407 545.7900000000
1449 563.0900000000
1471 563.7600000000
1765 571.9100000000
1956 572.3400000000
2178 578.0500000000
2758 578.2500000000
3013 588.5800000000
3341 626.4600000000
3342 644.7400000000
3343 650.9300000000
3381 658.8000000000
3407 663.2800000000
3424 669.8000000000
3444 672.7400000000
3467 674.6800000000
3711 678.0000000000
3776 685.3100000000
3816 686.4900000000
3831 699.2600000000
3844 711.4100000000
3914 711.6900000000
3928 724.8100000000
3942 731.2400000000
4276 735.1100000000
4300 745.3400000000
4332 747.5600000000
4376 761.7900000000
4419 762.2100000000
4428 778.5800000000
4434 785.3200000000
4443 800.8900000000
4460 808.4000000000
4545 826.6900000000
6164 829.7500000000
6434 831.8600000000
6661 832.9500000000
6712 843.3200000000
6955 845.3800000000
7521 847.6000000000
7523 852.7400000000
7571 854.8700000000
7646 861.6200000000
7785 863.7600000000
7815 868.6600000000
7826 875.1000000000
7845 891.1900000000
7882 900.1200000000
8419 911.7300000000
9152 915.3900000000
9161 919.5800000000
9224 921.5100000000
9276 926.5600000000
9311 928.2700000000
9325 949.8000000000
9980 986.8700000000
10115 996.1500000000
10137 999.9100000000
10310 999.9600000000
10376 1011.1200000000
10550 1011.6000000000
10552 1019.7300000000
10594 1038.9800000000
10678 1051.1000000000
11144 1053.0200000000
11664 1056.7700000000
11893 1057.9100000000
11953 1058.0800000000
11978 1064.1700000000
12021 1064.2900000000
12155 1064.9100000000
12276 1068.0700000000
12528 1068.1700000000
13499 1069.4200000000
14547 1078.5800000000
14785 1080.1500000000
15227 1085.5900000000
15439 1089.1700000000
15731 1093.5000000000
18509 1098.8100000000
18595 1101.5100000000
21423 1101.7900000000
22025 1106.2500000000
22261 1108.9100000000
22375 1109.0100000000
22481 1110.8600000000
22705 1113.4200000000
23070 1117.8500000000
23130 1126.3600000000
23305 1131.2000000000
23353 1132.6900000000
23793 1141.5000000000
27306 1142.7000000000
27913 1144.4100000000
27988 1168.7100000000
29748 1181.4800000000
30338 1190.7300000000
38065 1192.4500000000
38696 1195.4900000000
41553 1200.2200000000
41694 1203.2300000000
45392 1210.9500000000
45596 1211.7900000000
46545 1212.4400000000
48792 1215.6200000000
51472 1222.1900000000
67015 1227.0900000000
96245 1227.5200000000
98251 1228.3600000000
98264 1231.5300000000
98382 1236.8100000000
98982 1241.4900000000
100000 811.3200000000
evaluations raw_y
1 0.0000000000
2 18.4200000000
3 27.0300000000
6 47.1500000000
7 48.4400000000
9 51.1800000000
14 61.8500000000
16 72.6000000000
22 74.5700000000
24 83.9500000000
29 92.0000000000
32 92.5800000000
54 108.3000000000
62 117.0600000000
83 118.0000000000
89 139.0200000000
102 145.6600000000
118 158.5200000000
124 160.8900000000
156 170.1800000000
192 170.6900000000
196 193.2000000000
212 196.0300000000
223 213.5400000000
238 215.4100000000
267 220.5700000000
269 222.4000000000
296 226.0800000000
319 239.2200000000
336 243.9300000000
366 246.7500000000
371 260.6000000000
422 268.7200000000
432 279.0800000000
469 314.4400000000
475 325.6100000000
495 339.9100000000
502 349.4000000000
546 354.8800000000
577 372.4600000000
582 383.8800000000
655 387.7800000000
661 394.4800000000
662 409.3500000000
691 415.5700000000
706 420.0100000000
746 426.9300000000
767 430.0000000000
773 444.1300000000
788 444.6600000000
794 449.6200000000
835 455.4300000000
946 460.0800000000
988 466.3300000000
1009 477.6200000000
1112 493.7400000000
1210 509.9600000000
1260 514.9700000000
1330 519.5300000000
1380 546.5300000000
1505 551.4200000000
1540 558.2200000000
1740 559.9300000000
1782 568.5400000000
1816 570.2600000000
1819 570.5200000000
1825 586.0300000000
1897 586.4100000000
1929 587.0500000000
1936 597.4000000000
1974 597.9700000000
1992 599.3800000000
2276 602.3300000000
2463 608.2300000000
2677 610.1900000000
2714 615.5000000000
2717 616.3500000000
2756 621.3100000000
2774 624.4900000000
2781 634.6100000000
2843 641.0700000000
2888 656.5100000000
3419 673.3200000000
3420 674.7000000000
3435 689.5400000000
3456 689.6300000000
3457 690.1200000000
3467 694.0800000000
3479 694.1900000000
3547 722.1800000000
4084 724.5000000000
4126 737.1200000000
4257 829.3100000000
4337 836.9200000000
4354 837.4100000000
4391 849.0000000000
4420 854.7000000000
4439 868.9300000000
4452 888.9500000000
4619 893.4600000000
4872 899.3700000000
5108 906.7000000000
5271 910.5400000000
6393 913.1100000000
6536 923.0400000000
6564 938.3300000000
6672 939.1800000000
6751 941.4000000000
6824 941.4100000000
6852 947.5500000000
6879 967.4800000000
7753 968.6900000000
7817 974.6500000000
8024 977.9800000000
8036 980.5700000000
8118 985.0300000000
8130 988.0300000000
8626 988.3900000000
8718 993.2600000000
8734 995.1200000000
8751 999.2200000000
8792 1028.0200000000
9556 1028.7700000000
9634 1049.1100000000
9753 1052.7600000000
10392 1057.9700000000
10427 1064.0000000000
10453 1069.8500000000
10455 1086.4400000000
10655 1088.0000000000
11773 1089.2100000000
11777 1096.0500000000
11871 1099.4900000000
11971 1100.8700000000
11995 1108.0100000000
12196 1109.2800000000
13046 1110.4000000000
13157 1117.7800000000
13201 1128.7900000000
13403 1132.0200000000
16667 1135.8800000000
16755 1143.3200000000
16954 1151.3200000000
17007 1156.7900000000
17392 1159.3400000000
18021 1168.5500000000
18190 1173.8200000000
18356 1179.1900000000
19085 1179.4500000000
21871 1187.3100000000
22892 1187.3700000000
23271 1192.0500000000
23368 1194.7900000000
23371 1196.4100000000
23407 1200.2800000000
23742 1200.6300000000
24143 1207.4800000000
24376 1208.5900000000
24394 1210.1500000000
24769 1222.4700000000
35237 1224.0200000000
35496 1230.8900000000
36353 1246.7000000000
49635 1251.7600000000
58314 1252.8700000000
58390 1260.0500000000
61112 1261.4800000000
62063 1262.4900000000
81149 1264.0300000000
82267 1264.8000000000
90035 1266.2700000000
94067 1269.7600000000
95078 1272.1300000000
100000 888.5800000000
evaluations raw_y
1 0.0000000000
2 8.3300000000
3 16.7000000000
4 33.3700000000
5 38.0200000000
7 38.8800000000
9 43.7700000000
16 49.3700000000
17 69.9700000000
22 89.2300000000
26 97.0900000000
46 98.7000000000
49 112.4400000000
52 122.4000000000
59 128.1900000000
65 136.5400000000
71 138.8100000000
83 152.9100000000
101 161.8200000000
107 172.4600000000
111 174.2800000000
119 190.5600000000
133 190.6400000000
138 204.2100000000
183 212.7500000000
186 217.3800000000
209 248.4400000000
257 260.0100000000
261 286.6000000000
339 299.0900000000
360 303.9400000000
362 308.0400000000
396 314.7200000000
490 324.5600000000
517 332.8900000000
536 358.1400000000
592 359.3400000000
747 363.4700000000
790 384.7100000000
805 394.3800000000
831 406.7000000000
836 411.0100000000
906 411.8500000000
907 417.2900000000
908 429.4400000000
910 441.7000000000
1146 446.1500000000
1395 449.5100000000
1628 451.5900000000
1790 467.4400000000
2160 470.1100000000
2183 471.5200000000
2209 472.0600000000
2261 479.3800000000
2301 486.2200000000
2742 488.8000000000
2789 498.5900000000
2854 503.5100000000
2859 506.5500000000
2865 512.0900000000
2866 521.7500000000
2883 545.3300000000
2897 547.0900000000
2903 565.7700000000
2960 569.9000000000
2993 577.8400000000
3085 588.6400000000
3099 616.0800000000
3141 617.7800000000
3181 634.2000000000
3607 634.6200000000
3674 636.8100000000
3821 637.4700000000
3838 648.6100000000
3953 661.1100000000
4355 670.3200000000
4421 670.6800000000
4453 674.7500000000
4463 677.7800000000
4466 698.8100000000
4512 702.9200000000
4831 703.9900000000
4864 715.8700000000
4927 731.2900000000
4952 738.7900000000
4955 751.4100000000
4983 754.7400000000
5020 759.3400000000
5059 762.9000000000
5092 776.7700000000
5100 790.2700000000
6001 799.3700000000
6195 809.2800000000
6397 811.8200000000
6445 812.6300000000
6468 815.4500000000
6958 847.7400000000
9681 853.9300000000
9780 854.1500000000
9921 855.4800000000
10770 881.8800000000
10932 885.5400000000
10968 896.5200000000
10971 903.8700000000
11185 907.5800000000
11266 915.4200000000
11933 916.7900000000
12029 924.6100000000
12119 934.9400000000
12134 937.6500000000
12217 951.2500000000
12238 980.2200000000
13256 980.5400000000
13540 981.3700000000
13583 1000.1600000000
13708 1012.9400000000
13807 1021.0200000000
14770 1025.7700000000
15093 1033.0700000000
15367 1036.8400000000
15787 1047.3400000000
16711 1055.6100000000
16833 1060.3500000000
16859 1062.4100000000
16863 1064.5600000000
16876 1066.8600000000
17394 1067.6400000000
17429 1072.2900000000
17739 1082.5300000000
17789 1083.9500000000
17851 1090.1300000000
17911 1098.6800000000
18177 1103.7000000000
18248 1106.4000000000
18299 1109.4300000000
19286 1109.8900000000
19520 1116.1700000000
19846 1121.9100000000
19907 1137.2900000000
20296 1138.9500000000
20815 1138.9900000000
21315 1150.8200000000
22366 1152.2100000000
22451 1156.2300000000
23341 1161.8800000000
24052 1175.1900000000
24288 1177.5700000000
24331 1182.8400000000
26227 1185.3500000000
26590 1190.3300000000
27412 1194.6400000000
27429 1195.3300000000
27506 1205.2500000000
29209 1211.3200000000
29933 1213.4900000000
30033 1214.4200000000
30161 1216.7700000000
30165 1219.3600000000
30213 1219.8400000000
30250 1230.1200000000
30674 1237.1200000000
32625 1237.9200000000
33384 1242.5600000000
34344 1247.9400000000
35635 1250.1800000000
38274 1250.4000000000
39747 1253.4600000000
44560 1253.5600000000
45065 1253.6400000000
45516 1258.8100000000
46913 1263.9500000000
100000 1161.6800000000
evaluations raw_y
1 0.0000000000
2 4.3500000000
3 10.6200000000
6 17.1200000000
7 21.0500000000
8 32.2500000000
9 41.0500000000
11 69.4800000000
14 76.0300000000
29 85.9300000000
33 102.1100000000
43 118.8900000000
45 129.2700000000
47 145.3000000000
48 149.7500000000
50 151.6300000000
59 160.4800000000
69 180.0100000000
122 192.3900000000
134 201.9100000000
163 218.2500000000
165 227.5000000000
172 250.7800000000
234 252.7300000000
239 255.3800000000
240 294.6500000000
251 307.7200000000
274 310.8500000000
290 340.7500000000
300 347.2200000000
311 348.0500000000
329 348.1400000000
354 361.1000000000
383 382.0900000000
418 398.9500000000
423 402.3700000000
428 404.6300000000
451 409.1700000000
476 422.8500000000
478 441.5900000000
597 447.3200000000
687 447.5800000000
723 451.3500000000
728 453.4300000000
755 457.9500000000
832 459.8800000000
839 470.8100000000
869 473.8700000000
919 475.6700000000
1022 484.3600000000
1039 484.8000000000
1047 489.3200000000
1118 542.6800000000
1148 559.8000000000
1226 560.2900000000
1306 567.4400000000
1308 578.0800000000
1350 583.7900000000
1366 606.4800000000
1796 607.3100000000
2022 619.3000000000
2106 625.5700000000
2282 635.5100000000
2417 640.5300000000
2562 643.5100000000
2620 653.6600000000
2648 658.1800000000
2781 658.8000000000
2802 667.2400000000
2817 668.5300000000
2830 684.0900000000
2836 690.6500000000
2929 699.4300000000
2942 702.6300000000
2943 703.2900000000
3212 703.3100000000
3253 714.3600000000
3298 728.0000000000
3394 729.9900000000
3506 731.1800000000
3566 741.3600000000
3604 743.3500000000
3647 753.8600000000
3649 754.5900000000
3684 763.7100000000
3710 794.4400000000
3919 795.4200000000
3976 809.9700000000
4126 821.2600000000
4153 827.7300000000
4185 834.4100000000
4348 963.4000000000
4355 964.4500000000
4504 969.6500000000
4527 976.4200000000
4560 980.0500000000
4720 982.1600000000
4770 982.6700000000
5399 989.0000000000
7454 996.4000000000
7687 997.3800000000
7695 1016.3200000000
8151 1026.9000000000
8187 1035.2400000000
8805 1038.8400000000
8885 1055.1200000000
9634 1058.4800000000
9692 1065.7700000000
11898 1066.8800000000
11940 1084.8600000000
19860 1091.2400000000
20430 1096.1500000000
20748 1096.2300000000
20818 1096.3400000000
20877 1099.1700000000
20940 1100.7300000000
21038 1114.9000000000
21217 1115.6200000000
21245 1116.0600000000
21358 1122.1000000000
21377 1124.1400000000
21464 1129.0400000000
21478 1134.6700000000
21486 1146.5900000000
21600 1156.2300000000
21848 1156.7200000000
22090 1157.9300000000
22130 1167.4500000000
23198 1170.7200000000
23825 1172.0600000000
24032 1175.7700000000
24167 1180.1400000000
24437 1185.0100000000
24659 1189.3000000000
25031 1197.0600000000
26523 1208.6000000000
27243 1209.4000000000
27758 1212.9600000000
28345 1217.2300000000
28974 1232.1600000000
34675 1240.3700000000
53980 1241.2900000000
55078 1245.7500000000
70064 1247.0000000000
71493 1253.4000000000
71609 1254.2200000000
71989 1262.8300000000
72379 1263.1600000000
73370 1265.8700000000
76177 1267.7900000000
77162 1269.5700000000
77694 1276.4800000000
100000 176.4600000000
evaluations raw_y
1 0.0000000000
2 5.8800000000
4 10.8600000000
6 20.9800000000
7 50.4300000000
9 54.2300000000
18 68.1600000000
20 94.3200000000
23 101.7000000000
39 118.9000000000
51 142.8200000000
61 151.4800000000
78 156.2600000000
85 157.4900000000
88 158.7900000000
96 174.3700000000
129 199.3400000000
214 201.0700000000
276 208.4600000000
283 214.9800000000
289 225.0800000000
292 225.8600000000
313 235.7400000000
319 267.3500000000
497 272.7500000000
528 281.7000000000
561 293.4500000000
602 305.5000000000
734 331.9400000000
760 340.8300000000
764 345.0300000000
824 351.1900000000
860 374.4500000000
1994 380.9700000000
2070 383.4000000000
2074 397.9500000000
2221 402.8600000000
2239 411.9100000000
2243 414.9900000000
2250 425.8500000000
2253 445.8900000000
2262 458.4400000000
2264 458.4500000000
2274 475.2000000000
2336 475.8100000000
2343 483.3000000000
2350 485.0500000000
2359 494.2100000000
2373 538.0300000000
2390 541.9500000000
2563 543.8000000000
2578 550.2700000000
2580 558.1300000000
2587 564.0000000000
2611 566.9600000000
2664 580.4200000000
2682 585.3300000000
2719 591.9600000000
2732 596.3500000000
2742 600.6100000000
2751 605.7100000000
2767 615.4700000000
2976 620.7200000000
3017 625.6100000000
3034 625.8100000000
3072 637.3700000000
3096 658.9500000000
3119 661.7900000000
3132 675.5100000000
3157 712.4300000000
3475 718.8600000000
3536 732.7700000000
3696 740.7500000000
3867 748.0900000000
3911 748.2100000000
3936 757.6600000000
4070 759.9800000000
4074 762.8600000000
4116 776.9600000000
4927 780.8000000000
5773 781.5700000000
6844 791.8000000000
7118 878.8600000000
7132 889.3500000000
7149 899.6000000000
7172 923.1400000000
8662 923.6600000000
9140 936.5900000000
9229 940.9100000000
9368 946.3800000000
9490 947.6500000000
9546 949.0700000000
9691 978.8600000000
9807 988.9900000000
10707 992.9700000000
10797 994.4800000000
11044 999.5900000000
11101 1002.0000000000
11256 1015.5200000000
12855 1028.8800000000
12953 1032.2900000000
12976 1057.4500000000
14709 1081.1900000000
14776 1085.7700000000
14808 1089.9600000000
14897 1096.0800000000
14936 1104.9000000000
15509 1105.1600000000
19499 1106.5000000000
19588 1109.9300000000
19775 1113.2300000000
19889 1116.3100000000
19891 1118.7200000000
20584 1121.0100000000
20927 1130.0700000000
21242 1136.4300000000
21366 1137.6700000000
21400 1139.4300000000
21478 1149.1300000000
21504 1150.5900000000
22210 1153.7100000000
22461 1156.6600000000
22706 1171.6600000000
24306 1173.7600000000
24311 1186.8900000000
24546 1196.0800000000
24568 1197.6000000000
31223 1203.4600000000
31743 1204.3100000000
31806 1209.2500000000
31811 1211.8300000000
31825 1211.8400000000
31833 1217.3900000000
36352 1219.6000000000
36401 1220.3300000000
36681 1221.6400000000
36697 1224.3200000000
36948 1225.7600000000
37615 1227.2600000000
37742 1228.4400000000
37891 1240.7500000000
38014 1245.2500000000
38419 1249.5600000000
38800 1263.6100000000
83836 1265.3000000000
93702 1266.4000000000
95401 1268.9000000000
100000 951.5600000000
evaluations raw_y
1 0.0000000000
2 5.0700000000
3 21.1000000000
5 23.5000000000
7 24.2200000000
9 34.6600000000
10 47.1100000000
16 48.6300000000
21 60.3000000000
23 64.6000000000
25 81.0500000000
26 86.6500000000
37 92.7200000000
48 115.2000000000
50 120.5900000000
52 133.9900000000
78 137.5000000000
90 140.3400000000
100 149.5500000000
106 190.5500000000
119 195.1800000000
125 214.7300000000
131 223.3400000000
151 248.9400000000
322 256.4400000000
348 267.6100000000
356 268.0200000000
466 279.9300000000
474 281.2100000000
478 288.8800000000
489 299.9000000000
632 308.0200000000
669 316.0100000000
1110 325.3700000000
1124 325.3800000000
1133 327.1200000000
1172 328.2800000000
1181 351.4300000000
1201 353.5100000000
1228 380.6100000000
1392 398.5500000000
1429 411.1700000000
1728 414.8100000000
1761 424.6100000000
1770 443.0300000000
1813 447.4100000000
1826 448.5800000000
1854 450.9700000000
1860 462.2500000000
1864 462.8900000000
1876 477.0100000000
1995 492.6000000000
2047 502.6100000000
2083 508.8400000000
2199 513.7400000000
2201 520.3900000000
2240 528.5000000000
2442 529.8700000000
2455 532.3700000000
2459 550.8500000000
2492 584.0700000000
2676 589.8300000000
2731 598.4300000000
3088 599.2600000000
3161 616.2800000000
3203 621.4000000000
3403 625.3200000000
3449 636.8100000000
3474 640.1000000000
3574 644.5400000000
3666 645.8800000000
4130 648.6900000000
4198 665.7300000000
4206 681.1400000000
4221 681.2300000000
4276 685.7600000000
4361 690.1100000000
4421 696.2800000000
4772 698.8800000000
4860 707.2800000000
4891 715.3300000000
4907 717.0100000000
4983 726.0500000000
5015 747.0700000000
5134 748.4800000000
5196 756.5800000000
5258 758.3200000000
5326 763.2700000000
5331 771.2800000000
5364 774.2500000000
5366 783.6800000000
5418 788.0900000000
5431 797.7100000000
5503 839.2400000000
5539 846.6500000000
5547 868.3200000000
5673 870.2100000000
5732 879.3400000000
6368 879.6200000000
6491 884.0800000000
6500 891.2900000000
6636 897.3600000000
6681 902.4400000000
6716 902.9400000000
6745 909.3900000000
6755 919.3200000000
6877 921.0600000000
7173 925.3900000000
7996 931.7800000000
8422 962.5900000000
8497 997.5400000000
8816 997.7300000000
8884 998.9200000000
9563 1016.3700000000
10252 1018.6600000000
10684 1019.9100000000
10874 1033.3700000000
12643 1034.8100000000
12708 1046.6800000000
12793 1060.2500000000
13466 1064.5700000000
14151 1065.5300000000
14354 1085.2700000000
30428 1111.1000000000
30511 1112.8300000000
30518 1117.3500000000
30532 1118.7600000000
30533 1127.9000000000
30605 1132.1300000000
30658 1139.8400000000
30688 1145.0900000000
30847 1145.1600000000
30881 1147.4500000000
30971 1156.5600000000
31143 1156.6900000000
31370 1160.2300000000
31620 1163.1600000000
31779 1164.5200000000
31831 1171.2100000000
32194 1172.4800000000
32725 1174.4500000000
32771 1177.6700000000
32796 1183.0500000000
33423 1184.6100000000
33518 1188.3300000000
33531 1191.8100000000
33570 1202.3300000000
34771 1206.7200000000
36357 1207.7000000000
36811 1215.7900000000
38478 1223.8400000000
39081 1226.9800000000
40275 1231.5200000000
44121 1232.8700000000
46063 1234.7800000000
47930 1237.5100000000
57550 1237.8300000000
57556 1241.2900000000
57761 1246.0800000000
58062 1259.1300000000
58426 1263.4400000000
73178 1266.9200000000
100000 894.0400000000
evaluations raw_y
1 0.0000000000
2 1.7800000000
3 3.8100000000
4 8.2400000000
7 12.7100000000
9 23.2700000000
13 24.5700000000
14 30.0000000000
15 37.2100000000
19 50.4800000000
23 55.8400000000
27 78.5700000000
28 87.1400000000
32 108.2300000000
35 115.3500000000
47 152.5500000000
60 154.0700000000
62 166.3700000000
91 183.7600000000
134 183.8200000000
158 318.5900000000
178 332.5200000000
179 334.9300000000
180 369.1500000000
194 381.4300000000
206 382.6000000000
208 387.8900000000
212 391.3700000000
235 408.2000000000
237 410.7000000000
295 424.8800000000
304 431.9200000000
365 437.7500000000
375 442.1700000000
381 452.7100000000
458 455.4700000000
461 558.9600000000
542 574.9000000000
543 578.2900000000
554 583.6500000000
688 586.3500000000
769 601.8100000000
837 622.5200000000
920 628.6000000000
1268 630.6200000000
1311 639.8700000000
1454 647.4100000000
1469 648.8300000000
1471 651.5700000000
1496 655.3900000000
1506 658.9200000000
1512 660.6900000000
1544 663.6000000000
1562 668.1400000000
1601 680.9000000000
1950 683.6200000000
2039 689.9100000000
2146 691.8500000000
2226 705.0500000000
2294 709.3100000000
2574 710.9200000000
2645 714.1000000000
2678 715.9200000000
2743 717.6900000000
2780 724.5900000000
2795 725.1600000000
2807 768.7900000000
3455 773.8300000000
3789 777.0000000000
3838 799.3900000000
4053 824.2600000000
4374 828.2700000000
4429 829.2800000000
4564 851.7700000000
4832 860.1300000000
4835 864.5600000000
5176 870.1600000000
5350 876.4200000000
6571 908.2500000000
6699 922.1800000000
6830 930.7500000000
7074 932.5600000000
7115 1019.0200000000
7187 1020.9300000000
7203 1032.6700000000
7236 1034.9700000000
7298 1039.8600000000
7358 1040.9200000000
7395 1044.8700000000
7411 1046.0100000000
7819 1047.7700000000
7850 1053.7800000000
7949 1057.7200000000
8002 1062.7000000000
8164 1065.8600000000
8474 1067.8400000000
8934 1073.6600000000
9020 1074.3500000000
9326 1074.4300000000
9362 1088.6300000000
10187 1089.5200000000
10377 1090.6700000000
10529 1093.3100000000
10554 1095.2300000000
10673 1102.0800000000
10971 1114.8900000000
11006 1118.6000000000
11058 1122.8100000000
11068 1122.8900000000
11123 1132.7900000000
11153 1139.2500000000
11280 1139.6400000000
11295 1141.5900000000
11422 1144.1300000000
11761 1146.2800000000
12452 1153.3400000000
12549 1153.5300000000
12757 1158.9900000000
15321 1161.9000000000
15433 1171.2700000000
20552 1173.5100000000
22746 1181.2100000000
40685 1181.4700000000
42659 1182.4000000000
42721 1186.5400000000
43251 1188.3300000000
44135 1188.7600000000
45015 1191.3600000000
50094 1192.7500000000
52467 1193.9100000000
60675 1194.4800000000
60859 1195.5500000000
60898 1208.1800000000
61413 1211.1200000000
61673 1214.5100000000
61863 1216.4000000000
63693 1221.6800000000
66258 1222.6900000000
68787 1228.9600000000
100000 988.6400000000
evaluations raw_y
1 0.0000000000
2 5.5200000000
4 13.9100000000
8 16.3900000000
9 62.4900000000
12 72.3700000000
15 118.9000000000
68 119.8400000000
69 123.7200000000
75 129.1500000000
86 131.7100000000
96 134.9100000000
97 151.0700000000
98 161.9600000000
100 173.6400000000
136 186.9700000000
143 196.6100000000
173 204.7700000000
184 231.8300000000
192 237.5200000000
202 245.7700000000
206 252.5100000000
231 264.7200000000
419 264.7300000000
432 267.8200000000
458 290.4200000000
499 300.8100000000
510 309.0500000000
524 311.6200000000
529 322.6200000000
822 326.5000000000
903 336.5200000000
998 356.9100000000
1005 372.6900000000
1013 382.9300000000
1024 392.2500000000
1032 408.1000000000
1035 430.7500000000
1203 432.6500000000
1205 435.7100000000
1207 462.4900000000
1224 471.2200000000
1344 478.6700000000
1355 479.6400000000
1386 496.8100000000
1400 525.5300000000
1440 529.6200000000
1539 537.1600000000
1701 539.6000000000
1832 547.4000000000
1868 547.7700000000
1988 550.7000000000
2211 559.2600000000
2223 560.3700000000
2242 565.1200000000
2272 584.4500000000
2293 591.6200000000
2296 593.7100000000
2299 596.2300000000
2423 596.2600000000
2469 604.0400000000
2495 613.3700000000
2506 621.9900000000
2603 627.1700000000
2620 639.7600000000
2707 643.6400000000
2865 697.5300000000
2954 717.9400000000
2994 722.9000000000
3089 729.4400000000
3206 731.6000000000
3277 732.3600000000
3308 734.3100000000
3317 742.4400000000
3367 742.9000000000
3689 746.3000000000
3900 746.3700000000
4763 749.1500000000
5067 763.6300000000
5173 775.8000000000
6002 776.2000000000
6660 789.2400000000
7659 793.6700000000
7677 797.5800000000
7727 805.8000000000
7798 820.2300000000
7883 832.4800000000
8178 833.6300000000
8431 844.6100000000
9520 847.2400000000
9534 856.0100000000
10209 856.7000000000
11747 858.4700000000
11803 859.3400000000
11915 866.3500000000
12448 867.5100000000
13561 869.2800000000
13623 871.6800000000
13692 878.2400000000
14225 880.8800000000
14470 886.3900000000
14703 888.2400000000
14826 890.5000000000
14935 892.3700000000
15122 894.3700000000
15126 904.2600000000
15249 908.1000000000
15257 918.2500000000
15262 919.7300000000
15340 946.3500000000
15463 948.5700000000
17483 955.4000000000
17583 963.1600000000
17693 963.8200000000
17862 966.4600000000
17978 974.4700000000
18597 990.7400000000
19004 996.4700000000
19124 1004.4100000000
19170 1023.0800000000
19283 1029.4900000000
19445 1035.7400000000
19487 1040.3700000000
19569 1045.8700000000
19703 1047.1800000000
19747 1056.4800000000
19977 1059.7700000000
20821 1059.9500000000
20868 1073.3100000000
25547 1074.4100000000
25630 1077.7100000000
26509 1086.9700000000
26582 1088.1500000000
26592 1091.1800000000
26626 1104.4900000000
26982 1105.9200000000
27135 1106.1400000000
27139 1130.4200000000
27859 1130.7300000000
28388 1131.3400000000
28935 1135.6500000000
29898 1138.3400000000
29947 1140.0300000000
31255 1141.3000000000
31880 1145.2700000000
32013 1152.5300000000
32206 1165.3400000000
48305 1165.6700000000
49027 1168.8200000000
49618 1170.4500000000
49810 1183.6300000000
51209 1185.0000000000
51434 1185.3200000000
51868 1186.1800000000
52026 1186.1900000000
52131 1201.9700000000
52985 1207.9700000000
53950 1211.7700000000
55006 1212.8400000000
56278 1213.7100000000
56487 1216.7200000000
56925 1227.3200000000
93429 1233.9300000000
95068 1245.1800000000
100000 970.9300000000
evaluations raw_y
1 0.0000000000
2 12.0500000000
3 15.3200000000
4 24.4400000000
6 30.7400000000
7 41.4000000000
10 48.6800000000
30 63.8300000000
35 64.8500000000
40 84.2800000000
43 108.2100000000
54 114.7000000000
66 127.8600000000
92 136.9300000000
96 170.9200000000
111 174.1100000000
115 174.3300000000
175 178.9100000000
204 188.6600000000
219 188.7100000000
223 214.6900000000
231 220.0300000000
232 244.9000000000
253 251.0200000000
277 251.6800000000
289 261.0900000000
291 271.8100000000
293 273.8400000000
299 300.0200000000
318 303.2400000000
321 323.1400000000
377 342.8500000000
399 349.1900000000
415 355.7500000000
433 357.1300000000
459 358.3900000000
481 362.6000000000
508 364.8900000000
628 370.2800000000
654 385.0900000000
706 390.1100000000
898 403.7700000000
916 408.3900000000
1017 415.6300000000
1091 417.6500000000
1136 439.8000000000
1167 442.2200000000
1168 449.0800000000
1172 449.4300000000
1318 455.5200000000
1323 463.1800000000
1382 469.7700000000
1385 473.1400000000
1488 475.5700000000
1585 487.9200000000
1612 503.8000000000
1683 511.4500000000
1691 513.3400000000
1699 515.4100000000
1714 519.9500000000
1760 540.3800000000
1790 552.5500000000
3076 559.6700000000
3117 572.4200000000
3133 572.7600000000
3154 585.1500000000
3165 585.7400000000
3183 587.6400000000
3280 594.7300000000
3283 608.2500000000
3302 614.8900000000
3326 618.5800000000
3344 619.3100000000
3365 623.0000000000
3367 626.6600000000
3370 627.5100000000
3386 632.8700000000
3525 646.4200000000
3680 655.0600000000
3684 657.0200000000
4086 658.0100000000
4089 661.1600000000
4227 668.8000000000
4336 673.1400000000
4342 680.6000000000
4379 681.6500000000
4403 683.7400000000
4449 692.5400000000
4468 705.7500000000
4575 706.5300000000
4600 715.6800000000
4622 733.7200000000
4661 734.3000000000
4669 746.4200000000
4708 752.8700000000
4722 754.4700000000
4743 754.8300000000
4837 757.8000000000
4887 760.7200000000
5239 763.1400000000
5247 766.2800000000
5289 766.3200000000
5931 789.9700000000
5955 791.0600000000
5967 793.9600000000
5980 800.3100000000
5988 805.2300000000
6010 818.9500000000
6116 837.5100000000
6397 838.7100000000
6416 838.8100000000
6472 868.7700000000
6476 870.5300000000
6518 871.4000000000
6598 874.9300000000
6656 886.3000000000
6661 889.8700000000
6673 890.1900000000
6700 891.7100000000
6817 905.2900000000
7119 911.6900000000
7195 945.8500000000
9520 948.3100000000
9669 955.6700000000
9784 960.4200000000
10599 963.3100000000
10783 963.8300000000
10809 972.0700000000
10834 981.8900000000
11131 983.3700000000
11291 986.1200000000
11318 989.4700000000
11367 993.1900000000
11556 996.8100000000
11623 999.8500000000
11671 1002.5400000000
11679 1003.1900000000
11686 1004.7200000000
11703 1006.1700000000
11914 1006.4300000000
11958 1013.3300000000
11967 1018.6800000000
12058 1024.2600000000
12172 1038.3600000000
13023 1039.6100000000
13391 1048.2300000000
13970 1052.5300000000
14507 1054.5800000000
14609 1069.1700000000
15029 1071.6100000000
15427 1074.1600000000
15433 1080.7300000000
15754 1084.1800000000
15780 1097.1600000000
16291 1097.8600000000
16596 1113.6100000000
18687 1116.3300000000
20287 1118.0700000000
21454 1120.9900000000
22028 1122.7200000000
22970 1124.6300000000
23420 1126.5300000000
23499 1133.6300000000
23711 1138.1100000000
24339 1138.5100000000
24486 1147.0800000000
25502 1148.4600000000
25709 1163.2100000000
25810 1173.5300000000
25819 1174.7200000000
25823 1181.1000000000
25904 1189.5600000000
26437 1190.8300000000
26561 1202.3300000000
33693 1215.7200000000
44397 1222.6700000000
44850 1229.8600000000
48027 1231.6800000000
52484 1233.8400000000
56581 1234.6700000000
57174 1240.5500000000
59047 1241.1600000000
59746 1242.7800000000
63049 1247.9000000000
63396 1215.0800000000
