evaluations raw_y
1 1.0836584309
2 1.0979358805
7 1.2141816416
9 1.2946659762
13 1.4261266400
16 1.4594279043
43 1.7818959373
59 1.8315018315
66 1.9186492709
74 1.9455252918
97 2.0210185934
98 2.0308692120
104 2.0678246485
129 2.2747952684
137 2.3299161230
140 2.4925224327
165 2.5075225677
168 2.5329280648
207 2.9446407538
215 2.9940119760
264 3.0012004802
274 3.1766200762
343 3.4674063800
427 3.5161744023
484 3.6075036075
526 3.7707390649
821 4.0518638574
842 4.3177892919
845 4.6904315197
100000 3.0674846626
evaluations raw_y
1 1.0117361392
2 1.0275380189
4 1.1307100859
6 1.1358473421
7 1.2083131948
10 1.2285012285
22 1.2370113805
23 1.4376078206
25 1.4997000600
26 1.6700066800
38 1.7717930546
46 1.7844396859
65 1.9857029388
106 2.0678246485
107 2.1349274125
128 2.1910604733
142 2.2261798753
159 2.3386342376
192 2.4154589372
194 2.5484199796
269 2.5536261491
302 2.6232948583
311 2.7442371021
325 2.7502750275
348 2.9239766082
408 2.9868578256
490 2.9940119760
756 3.0303030303
1038 3.0525030525
1091 3.1367628607
1128 3.1446540881
1310 3.2509752926
1425 3.3467202142
6170 3.3647375505
6214 3.4482758621
6494 3.6390101892
9586 3.6603221083
9672 3.7147102526
9862 4.0650406504
9888 4.1876046901
100000 4.1876046901
evaluations raw_y
1 0.8671522719
5 0.8983111750
6 1.0670081093
8 1.1579434924
12 1.4889815366
20 1.5713387806
30 1.6655562958
39 1.7818959373
41 1.8155410312
47 1.8811136193
64 1.9607843137
68 1.9888623707
101 2.0441537204
116 2.0542317173
129 2.0644095789
153 2.0678246485
159 2.2421524664
161 2.2461814915
176 2.3386342376
201 2.4925224327
222 2.8121484814
240 2.9868578256
282 3.2258064516
283 3.3921302578
385 3.4199726402
1478 3.4674063800
1689 3.4770514604
1715 3.5663338088
9311 3.6927621861
9355 3.7707390649
9516 3.8284839204
9554 3.9619651347
100000 3.9619651347
evaluations raw_y
1 0.6754931100
2 0.7624275694
6 0.8605851979
7 0.8893632159
8 0.9716284493
10 1.0343400910
12 1.1775788978
15 1.2272950417
18 1.2632642749
20 1.2946659762
23 1.3137151865
26 1.4611338399
27 1.8050541516
32 1.8288222385
33 1.9157088123
42 1.9305019305
51 2.1533161068
80 2.1645021645
107 2.1987686895
148 2.2999080037
165 2.3126734505
182 2.6288117771
185 2.7027027027
220 2.8184892897
295 3.1525851198
360 3.1766200762
464 3.2175032175
680 3.2938076416
689 3.3377837116
717 3.3647375505
811 3.4293552812
20649 3.5063113604
21312 3.5360678925
21502 3.5460992908
21709 3.5561877667
21717 3.6075036075
21863 3.6603221083
21922 3.8520801233
22011 3.9123630673
22080 3.9246467818
100000 3.4387895461
evaluations raw_y
1 0.9134088418
2 0.9626492106
3 1.0334849111
8 1.1018069634
9 1.1337868481
11 1.2165450122
12 1.2345679012
13 1.3192612137
16 1.3376136972
21 1.4509576320
23 1.5160703457
25 1.5499070056
32 1.7667844523
40 1.8368846436
53 1.9857029388
56 2.0275750203
62 2.0850708924
78 2.1533161068
80 2.3084025854
122 2.5075225677
130 2.5278058645
142 2.5853154085
171 2.6455026455
203 2.6511134677
217 2.6567481403
234 2.7932960894
274 2.8768699655
360 2.8835063437
923 2.9308323564
941 2.9940119760
993 3.0156815440
1087 3.0229746070
1118 3.1367628607
1274 3.1605562579
1983 3.1685678074
2031 3.2258064516
2045 3.3200531208
2113 3.3647375505
2168 3.6284470247
2251 3.7481259370
6373 4.1876046901
100000 4.1876046901
evaluations raw_y
1 1.0836584309
2 1.1276499774
4 1.2357884330
8 1.3433637829
14 1.4116318464
18 1.4409221902
23 1.4425851125
26 1.4611338399
28 1.4889815366
31 1.6523463318
35 1.7543859649
48 2.0275750203
58 2.0712510356
59 2.1910604733
72 2.3255813953
79 2.6795284030
100 2.6968716289
279 2.8636884307
302 2.9377203290
305 2.9868578256
361 3.2092426187
2784 3.4199726402
3387 3.4770514604
3443 3.5460992908
9197 3.5868005739
9256 3.5971223022
9340 3.6075036075
9464 3.7037037037
9480 3.8284839204
15538 3.8520801233
15750 3.8639876352
16446 4.3327556326
100000 3.3647375505
evaluations raw_y
1 0.9221689414
3 0.9908838684
7 0.9932459277
15 1.1317338162
19 1.2879958784
20 1.2893243940
21 1.3912075682
23 1.3943112103
31 1.5253203173
36 1.5615240475
50 1.7064846416
53 1.7135023989
69 1.7895490336
70 2.0242914980
86 2.0885547201
88 2.2104332449
113 2.2542831380
115 2.2747952684
127 2.4390243902
129 2.4925224327
164 2.5960539979
193 2.6068821689
209 2.6567481403
210 2.9797377831
325 3.0156815440
458 3.1289111389
516 3.2175032175
517 3.3467202142
780 3.4293552812
960 3.4770514604
1606 3.5663338088
1908 3.6390101892
2049 3.7821482602
2110 3.8402457757
24518 3.8520801233
24642 4.0650406504
29198 4.0916530278
29368 4.1322314050
30240 4.2881646655
30374 4.3029259897
100000 4.3029259897
evaluations raw_y
1 0.9792401097
2 1.0855405992
4 1.1809163911
7 1.2071463061
8 1.2345679012
13 1.3477088949
15 1.5015015015
17 1.5142337977
18 1.6371971185
19 1.7445917655
23 1.7593244194
28 1.7895490336
29 1.8532246108
40 1.8782870023
41 1.9425019425
54 2.1349274125
56 2.2461814915
65 2.2706630336
74 2.3877745941
88 2.5588536336
182 2.5746652935
190 2.7144408252
194 2.7203482046
214 2.7870680045
228 2.8441410694
404 3.0902348578
541 3.1605562579
923 3.1847133758
951 3.2765399738
1169 3.2851511170
1664 3.3467202142
1765 3.5868005739
1857 3.6179450072
1926 3.6284470247
1961 3.7037037037
1999 3.7821482602
2020 3.9123630673
2633 4.0518638574
2905 4.1186161450
100000 2.9585798817
evaluations raw_y
1 1.2987012987
5 1.3698630137
8 1.4245014245
14 1.5852885225
18 1.5893197711
21 1.6655562958
32 1.7041581459
34 1.8076644975
39 1.8670649739
46 2.0341741253
67 2.2502250225
71 2.2789425706
84 2.3169601483
93 2.3696682464
101 2.3923444976
128 2.4342745862
142 2.5380710660
179 2.8571428571
188 2.8636884307
208 2.8702640643
221 2.8768699655
242 2.9940119760
251 3.0012004802
507 3.1133250311
527 3.1525851198
578 3.2425421530
684 3.2851511170
701 3.4199726402
752 3.5161744023
791 3.7147102526
810 3.7257824143
818 3.7821482602
944 4.0128410915
969 4.3936731107
100000 3.3829499323
evaluations raw_y
1 1.4459224986
14 1.5384615385
20 1.7018379850
22 2.2301516503
62 2.3255813953
126 2.3562676720
128 2.6511134677
147 2.7382256298
187 2.8312570781
342 2.8768699655
348 3.1605562579
367 3.2010243278
381 3.2765399738
418 3.3921302578
559 3.5765379113
704 3.8284839204
16450 3.9494470774
100000 3.0826140567
