evaluations raw_y
1 -0.5338163910
2 -0.5137705382
4 -0.4605308014
14 -0.4549472770
28 -0.4513976335
33 -0.4512686921
35 -0.4486961140
38 -0.4457276265
44 -0.4448782311
48 -0.4358481096
55 -0.4335603573
62 -0.4335045534
63 -0.4268091601
66 -0.4139904924
79 -0.4104569551
88 -0.4085275973
99 -0.4068786640
102 -0.4026631645
108 -0.3981792163
113 -0.3950865092
116 -0.3931031733
118 -0.3927261790
124 -0.3909020388
129 -0.3896785141
145 -0.3893544758
147 -0.3847776780
149 -0.3811545231
164 -0.3784425872
175 -0.3766184470
203 -0.3728543541
204 -0.3728387000
262 -0.3685169684
265 -0.3666977431
269 -0.3623760115
295 -0.3586894528
311 -0.3547930445
316 -0.3524852940
328 -0.3510289515
333 -0.3487212011
346 -0.3481513171
376 -0.3432504810
397 -0.3387061486
416 -0.3298269542
443 -0.3280555752
452 -0.3277137461
492 -0.3255086317
509 -0.3250689024
568 -0.3242754466
581 -0.3242670614
629 -0.3241958186
633 -0.3202017965
688 -0.3190607300
705 -0.3153273608
712 -0.3142612861
762 -0.3134456413
790 -0.3130309960
1227 -0.3117067922
1414 -0.3083814348
1539 -0.3079013148
3802 -0.3077835073
8683 -0.3069975849
8817 -0.3063736249
8826 -0.3058276070
8830 -0.3042608740
8836 -0.3035282417
8842 -0.3035198566
31825 -0.3016811717
53661 -0.2987329146
62726 -0.2974069167
100000 -0.3014599977
evaluations raw_y
1 -0.5318163899
2 -0.5282324731
4 -0.5221576613
7 -0.4872067247
16 -0.4736778109
20 -0.4489816624
29 -0.4383256917
38 -0.4261122246
43 -0.4238675431
50 -0.4102636553
63 -0.4033752318
68 -0.3991502125
69 -0.3943688554
95 -0.3939680414
99 -0.3917373251
106 -0.3843428544
114 -0.3779652111
142 -0.3775505657
148 -0.3758683407
152 -0.3725429833
184 -0.3701826531
192 -0.3686516767
206 -0.3615402413
216 -0.3615308898
235 -0.3595476039
236 -0.3539165097
242 -0.3530168674
244 -0.3510459815
247 -0.3499692024
258 -0.3491639856
263 -0.3477112725
265 -0.3348087506
279 -0.3345026237
290 -0.3337616064
315 -0.3319586539
332 -0.3252683396
379 -0.3242593277
403 -0.3235632769
420 -0.3223329867
442 -0.3174881321
535 -0.3137240391
572 -0.3116015066
745 -0.3115931215
840 -0.3104006913
869 -0.3053783090
884 -0.3048981890
1010 -0.3033672126
1485 -0.3018519523
8182 -0.3004917547
11821 -0.3003739471
11934 -0.2950147514
16662 -0.2934240939
16674 -0.2926830765
17735 -0.2920664943
100000 -0.2930675346
evaluations raw_y
1 -0.5278689353
2 -0.5110953593
4 -0.4848775046
7 -0.4348117934
12 -0.4307950624
19 -0.4236746370
22 -0.4123097360
27 -0.3954083528
28 -0.3893542744
44 -0.3791814673
47 -0.3766874004
59 -0.3759093088
70 -0.3755084948
72 -0.3695939619
85 -0.3622598900
95 -0.3614817984
113 -0.3577603348
126 -0.3577519496
138 -0.3554000046
150 -0.3553916195
152 -0.3550684306
154 -0.3550600454
157 -0.3545818577
176 -0.3531078632
193 -0.3515888761
204 -0.3501148815
225 -0.3462953241
234 -0.3436411941
269 -0.3413334436
299 -0.3391283292
317 -0.3386482092
319 -0.3378877956
323 -0.3340915183
333 -0.3336113983
352 -0.3331773987
355 -0.3255808158
400 -0.3251661704
453 -0.3234552749
482 -0.3234468898
502 -0.3231868668
506 -0.3224458494
523 -0.3223887866
576 -0.3217722044
623 -0.3211057280
752 -0.3188262796
852 -0.3178172677
903 -0.3165869775
8008 -0.3129904906
8318 -0.3084766030
12980 -0.3071506051
18276 -0.3053119202
27142 -0.3037233188
27685 -0.3035969133
27805 -0.2982772775
28753 -0.2981594699
28865 -0.2928002742
100000 -0.2928002742
evaluations raw_y
1 -0.5055863224
2 -0.4724516226
10 -0.4659409386
18 -0.4566772993
22 -0.4371573326
30 -0.4370084499
32 -0.4299022171
36 -0.4298566731
46 -0.4084538468
61 -0.4059440969
69 -0.4059357118
77 -0.4045773985
85 -0.3978782536
97 -0.3965809655
100 -0.3922179572
107 -0.3867651345
111 -0.3865408843
116 -0.3852435962
118 -0.3752211350
122 -0.3720115881
132 -0.3606230099
135 -0.3545774803
155 -0.3492182845
162 -0.3446820840
164 -0.3446739521
172 -0.3442070607
177 -0.3419704787
181 -0.3396627282
191 -0.3378597758
224 -0.3375282018
235 -0.3334751207
265 -0.3311110334
272 -0.3249068747
286 -0.3226274262
303 -0.3200389424
326 -0.3137482319
343 -0.3111597480
369 -0.3105061829
475 -0.3042181306
513 -0.3027441361
594 -0.3015036024
684 -0.2988494724
982 -0.2982328902
9884 -0.2976040004
12765 -0.2941262721
57317 -0.2928002742
100000 -0.2928002742
evaluations raw_y
1 -0.5190970038
3 -0.4975344905
5 -0.4822296494
8 -0.4759796439
9 -0.4629820490
13 -0.4511430774
14 -0.4435369942
22 -0.4407727516
30 -0.4343043028
32 -0.4274940297
38 -0.4273183535
48 -0.4236784798
61 -0.4210979191
68 -0.4199054890
69 -0.4127195160
74 -0.4123776869
79 -0.3974481645
101 -0.3964391527
133 -0.3952088625
147 -0.3929509326
162 -0.3921226210
177 -0.3887972636
191 -0.3881078469
199 -0.3838219670
202 -0.3831325503
204 -0.3818362076
205 -0.3814783649
216 -0.3751526811
222 -0.3728449307
238 -0.3695947098
241 -0.3672343797
286 -0.3636541061
293 -0.3623335436
294 -0.3583452302
304 -0.3560093939
316 -0.3530255944
322 -0.3507461460
351 -0.3504221077
378 -0.3398991091
413 -0.3315236143
416 -0.3308275635
432 -0.3273872743
499 -0.3266249766
522 -0.3200915734
548 -0.3187710109
555 -0.3184592749
556 -0.3181174458
595 -0.3169250156
718 -0.3168679528
912 -0.3165363788
3091 -0.3159074890
5093 -0.3123831969
5393 -0.3117369422
5402 -0.3105445120
18144 -0.3088265451
18518 -0.3079278289
18528 -0.3075962549
20102 -0.3062702570
25932 -0.3027925287
42229 -0.3012772684
100000 -0.3035287674
evaluations raw_y
1 -0.5031103638
2 -0.4981446910
3 -0.4926800703
6 -0.4856531332
8 -0.4813943596
19 -0.4696071137
26 -0.4476676053
34 -0.4337866026
41 -0.4319848059
43 -0.4284154980
46 -0.4183314749
49 -0.4179100720
58 -0.4132795899
65 -0.4128045666
70 -0.4097118595
77 -0.3970626653
89 -0.3966841375
94 -0.3918200513
99 -0.3916527240
109 -0.3906250037
119 -0.3904576764
128 -0.3886862974
135 -0.3850858943
146 -0.3844969431
149 -0.3827255641
165 -0.3742115417
187 -0.3726900033
188 -0.3696459200
190 -0.3679234894
216 -0.3651982858
226 -0.3643275167
228 -0.3602442973
247 -0.3600635970
256 -0.3587777558
266 -0.3586326638
271 -0.3586104285
272 -0.3513470091
290 -0.3500407336
293 -0.3500192151
307 -0.3484976767
310 -0.3477612852
318 -0.3469594442
335 -0.3454379058
339 -0.3434966855
348 -0.3419751471
431 -0.3381847152
458 -0.3375270277
463 -0.3374436978
496 -0.3327093052
634 -0.3310009245
643 -0.3297706344
647 -0.3247128723
708 -0.3236037720
718 -0.3235204421
759 -0.3222901519
796 -0.3204191327
890 -0.3201074577
920 -0.3157422720
954 -0.3133952596
979 -0.3110875091
1084 -0.3110791240
1239 -0.3049840768
1256 -0.3045039568
6805 -0.3018096127
14618 -0.3011807229
21529 -0.2998547250
38197 -0.2982661236
38501 -0.2981397181
38564 -0.2928200823
100000 -0.3065589852
evaluations raw_y
1 -0.5095391852
4 -0.5068025903
5 -0.5023634776
6 -0.4922699536
8 -0.4787083442
15 -0.4779837493
19 -0.4779699869
24 -0.4728904567
25 -0.4617456648
30 -0.4528867642
38 -0.4466778273
39 -0.4331234037
47 -0.4327153316
54 -0.4209472109
68 -0.4192265814
72 -0.4163752302
73 -0.4161023562
74 -0.4085253230
90 -0.4069871196
92 -0.4067223705
98 -0.3951460501
109 -0.3890991611
118 -0.3872962087
125 -0.3861037786
128 -0.3851097053
133 -0.3830492678
135 -0.3807949026
144 -0.3804530735
151 -0.3800538853
156 -0.3776428953
204 -0.3699637032
215 -0.3652687756
221 -0.3611205342
241 -0.3565211149
252 -0.3519767825
267 -0.3496141616
271 -0.3484972279
275 -0.3469756895
285 -0.3446130687
301 -0.3440833259
366 -0.3397181402
411 -0.3356650591
430 -0.3335425266
435 -0.3333503452
455 -0.3323493049
491 -0.3282840400
496 -0.3275879891
558 -0.3268098976
634 -0.3263952522
685 -0.3254578665
736 -0.3204354842
918 -0.3203784214
1086 -0.3172168642
1094 -0.3114992270
1750 -0.3100252324
3902 -0.3099074249
7535 -0.3091215025
14548 -0.3075329011
14570 -0.3074064956
14739 -0.3020868598
16635 -0.3007608619
38784 -0.2997257216
38932 -0.2992456016
58547 -0.2974069167
100000 -0.3099694933
evaluations raw_y
1 -0.5290227334
2 -0.5096744737
3 -0.4736313440
9 -0.4469097882
27 -0.4345114744
37 -0.4292630924
41 -0.4286336967
44 -0.4256813824
49 -0.4199576954
61 -0.4160704073
62 -0.4142851169
65 -0.4096960695
77 -0.4053987771
85 -0.4034294359
96 -0.4011499875
104 -0.3973304301
132 -0.3964705655
137 -0.3910423779
138 -0.3901537320
145 -0.3847255444
151 -0.3812852552
153 -0.3775414115
157 -0.3718584480
180 -0.3707885009
185 -0.3695169926
214 -0.3687759752
220 -0.3670658770
227 -0.3660064608
231 -0.3639293637
233 -0.3619419660
238 -0.3591808329
246 -0.3545586799
261 -0.3408815982
288 -0.3371895211
294 -0.3364485037
353 -0.3363318299
356 -0.3359683837
365 -0.3355537383
391 -0.3347518973
439 -0.3299403658
451 -0.3293237836
468 -0.3258367260
485 -0.3251702496
592 -0.3248575750
611 -0.3201037841
628 -0.3190947723
669 -0.3190863871
680 -0.3178560970
700 -0.3121580579
9065 -0.3082799854
16875 -0.3081621779
16926 -0.3028029821
25280 -0.3012143807
25610 -0.3010879753
25665 -0.2957683394
100000 -0.3045230740
evaluations raw_y
1 -0.5390576650
2 -0.5135419718
4 -0.5119334086
6 -0.4624987863
15 -0.4560088575
16 -0.4254556641
29 -0.4166397238
33 -0.4142635386
41 -0.4069864233
59 -0.4050288163
61 -0.4039534881
73 -0.3989909715
86 -0.3983986001
88 -0.3967330416
90 -0.3889202238
104 -0.3887280424
120 -0.3870321810
122 -0.3837740538
140 -0.3669246550
156 -0.3612070178
184 -0.3594040654
186 -0.3590844853
210 -0.3579567970
216 -0.3557268531
219 -0.3518600500
226 -0.3497375175
230 -0.3479345651
256 -0.3472385143
265 -0.3449415834
294 -0.3409942761
322 -0.3375539869
333 -0.3374275814
347 -0.3335009058
417 -0.3333745004
479 -0.3326784496
534 -0.3273588137
643 -0.3218331017
742 -0.3192781492
748 -0.3168107194
750 -0.3152797430
797 -0.3138057484
844 -0.3133191756
856 -0.3103261939
1196 -0.3103178087
4459 -0.3073695516
6047 -0.3060093540
6342 -0.3041383347
12659 -0.3035746346
12668 -0.3028123368
17650 -0.3026945293
17742 -0.2973353335
45051 -0.2958200732
100000 -0.3021081255
evaluations raw_y
1 -0.5231707578
2 -0.5082661433
4 -0.4682062322
21 -0.4646040671
24 -0.4636738578
25 -0.4584163336
35 -0.4558727233
38 -0.4519971156
39 -0.4501002103
46 -0.4490141409
54 -0.4436569100
59 -0.4430870260
68 -0.4408075776
73 -0.4367423128
93 -0.4360710371
97 -0.4315287440
102 -0.4278474841
105 -0.4193351473
109 -0.4153600329
113 -0.4119197437
115 -0.4118972742
117 -0.4084569850
123 -0.4080183672
127 -0.4030071433
141 -0.3999292671
143 -0.3992332162
150 -0.3927081982
155 -0.3900991427
171 -0.3866192232
174 -0.3825730994
180 -0.3818268329
192 -0.3808830162
196 -0.3752090922
200 -0.3691609156
213 -0.3630641686
218 -0.3592737366
239 -0.3589257796
261 -0.3571544006
274 -0.3565616922
279 -0.3547903132
283 -0.3457187676
326 -0.3452386476
331 -0.3385520408
344 -0.3385436556
359 -0.3378476048
390 -0.3372310226
394 -0.3334824191
420 -0.3302189952
433 -0.3294171542
458 -0.3275461349
496 -0.3248798516
500 -0.3238788112
622 -0.3233895003
627 -0.3215184811
697 -0.3135391456
738 -0.3129225633
763 -0.3116694598
816 -0.3106604479
895 -0.3094680178
927 -0.3082377276
1598 -0.3055433835
6047 -0.3049144938
17989 -0.3042845467
18927 -0.3035884959
43194 -0.3019998944
43441 -0.3018734890
43476 -0.2965538531
100000 -0.2984248724
