evaluations raw_y
1 0.0000000000
2 1.0000000000
3 14.5500000000
6 24.1900000000
7 43.7200000000
13 45.6700000000
19 69.2700000000
25 77.5400000000
46 78.6000000000
47 85.9500000000
53 91.6000000000
58 95.3700000000
66 95.5900000000
67 123.5700000000
68 135.0200000000
71 145.9300000000
84 163.0000000000
104 168.8500000000
108 170.9800000000
112 186.3800000000
118 230.1600000000
122 235.6500000000
128 235.6600000000
147 262.9900000000
188 271.1800000000
208 273.6700000000
211 276.0900000000
242 300.5400000000
347 324.1100000000
489 325.0600000000
539 327.7700000000
563 348.9100000000
607 349.1600000000
698 356.3500000000
718 362.1800000000
778 364.8800000000
779 380.1100000000
838 386.0800000000
847 389.3000000000
850 393.3000000000
906 409.4800000000
915 433.8100000000
1059 436.5400000000
1119 443.1800000000
1153 457.5900000000
1211 463.1000000000
1228 471.4600000000
1308 471.4900000000
1478 503.9200000000
1540 505.4300000000
1601 514.0000000000
1627 527.0400000000
1877 534.5200000000
1903 536.8100000000
2186 538.1600000000
2223 547.8200000000
2302 548.8100000000
2310 553.1200000000
2360 564.6400000000
2544 567.4600000000
2913 569.6300000000
2953 576.9100000000
2975 577.4600000000
2988 578.7800000000
2991 583.8100000000
3092 585.5400000000
3599 593.8400000000
4131 602.8900000000
4201 606.2400000000
4205 637.0500000000
4262 647.1700000000
4322 657.5700000000
4325 668.2800000000
4393 673.6800000000
4432 679.3300000000
4454 687.0200000000
4461 721.1600000000
4750 729.9000000000
6113 775.8000000000
6154 787.7400000000
6263 791.4500000000
6273 797.8300000000
6300 802.1200000000
6305 839.6000000000
6312 848.9000000000
6715 849.8200000000
7357 853.6400000000
7794 856.3200000000
8508 857.5600000000
8511 864.4900000000
8577 884.8900000000
9045 887.9400000000
9397 890.3400000000
9435 905.6300000000
10788 967.2200000000
10802 968.8100000000
10810 982.2300000000
11060 983.3500000000
11100 984.5900000000
11187 993.4100000000
11327 1004.7700000000
11625 1009.6500000000
12083 1011.2400000000
12285 1013.9500000000
12314 1023.5500000000
12360 1027.0600000000
12468 1036.1500000000
12501 1044.2600000000
12546 1048.8200000000
12660 1050.1300000000
12666 1055.9300000000
12689 1066.0700000000
12698 1072.4200000000
12700 1078.0500000000
13090 1079.4400000000
13204 1090.6200000000
13525 1091.4900000000
13800 1092.6200000000
14328 1093.7000000000
16136 1097.5800000000
16153 1106.8500000000
16251 1110.4400000000
16317 1112.1100000000
16354 1112.6800000000
16560 1121.5600000000
16888 1124.3500000000
16961 1129.4900000000
17463 1130.5000000000
17625 1130.7400000000
17635 1136.6000000000
17689 1138.9400000000
17702 1148.1200000000
17984 1151.8100000000
18128 1152.7300000000
18144 1154.5300000000
18370 1155.4300000000
18915 1158.9600000000
18954 1168.8300000000
20923 1169.2600000000
21397 1171.7700000000
21803 1180.1900000000
23879 1184.2000000000
24012 1185.1300000000
24039 1196.2700000000
24058 1204.1200000000
24076 1207.1900000000
25172 1208.0400000000
25395 1212.3400000000
25495 1212.6600000000
25794 1217.2800000000
26500 1219.0100000000
27606 1222.7300000000
44066 1225.8300000000
44972 1226.2600000000
47520 1227.3500000000
48172 1232.7100000000
56094 1233.6200000000
74929 1234.6800000000
74987 1235.2300000000
75246 1241.2500000000
75410 1242.3500000000
75606 1254.5700000000
76459 1254.6600000000
76561 1260.5900000000
78366 1263.5900000000
81285 1266.1800000000
94743 1270.9700000000
100000 940.2600000000
evaluations raw_y
1 0.0000000000
2 17.7300000000
4 34.7600000000
6 35.7400000000
8 43.5800000000
14 50.7300000000
18 72.7000000000
21 89.3200000000
24 109.0500000000
25 116.2700000000
51 117.1800000000
59 118.8900000000
77 125.2600000000
79 128.6200000000
115 139.4600000000
155 145.3600000000
164 151.6500000000
204 158.0900000000
213 159.4900000000
222 174.6200000000
236 193.0500000000
249 198.7800000000
266 220.4100000000
279 236.1600000000
305 252.1900000000
549 265.3100000000
578 275.3800000000
586 280.6200000000
609 290.7700000000
618 295.3200000000
639 302.5700000000
688 306.3100000000
699 328.2200000000
724 343.1100000000
728 344.3100000000
822 358.5800000000
875 362.7600000000
930 363.9000000000
952 371.7300000000
969 373.4000000000
991 377.5200000000
1020 378.8300000000
1140 383.8600000000
1145 386.1200000000
1156 387.7400000000
1180 391.9900000000
1194 400.0900000000
1254 409.1400000000
1283 412.8600000000
1294 416.9700000000
1300 423.7500000000
1304 427.7100000000
1321 441.8500000000
1394 451.9200000000
1404 452.0900000000
1442 468.7100000000
2391 469.3800000000
2418 472.9300000000
2441 481.4900000000
2471 483.3100000000
2528 493.3800000000
2541 497.1200000000
2643 501.7400000000
2691 503.1100000000
2719 515.4200000000
2737 523.2800000000
2764 534.2300000000
2907 543.5100000000
2913 553.5400000000
2930 576.6200000000
2993 589.0800000000
3645 593.8200000000
3816 598.9100000000
5089 606.6600000000
5106 608.1000000000
5342 619.0600000000
5529 624.9600000000
5572 625.8700000000
5803 629.8600000000
5884 640.5400000000
6625 671.6200000000
7200 680.8200000000
7270 684.0300000000
7313 685.0000000000
7387 693.4600000000
7436 695.9700000000
7470 712.4500000000
7578 713.5600000000
7699 720.3500000000
7806 730.9100000000
7848 735.1800000000
7963 737.2500000000
7993 744.5100000000
8005 746.8100000000
8041 759.3400000000
8057 761.9100000000
8071 766.3400000000
8104 773.1200000000
8300 777.6200000000
8638 780.9800000000
8649 791.5700000000
8694 801.8800000000
8749 810.2500000000
9453 810.9400000000
9622 812.4500000000
9644 835.9600000000
9717 839.4200000000
9792 845.9000000000
10015 847.8900000000
10067 852.0500000000
10124 854.0900000000
10380 855.1600000000
10389 856.1000000000
10704 863.0900000000
10806 865.4900000000
10862 869.3200000000
10913 869.7700000000
11294 872.0400000000
12632 873.4700000000
12654 879.2500000000
12674 884.4700000000
12708 896.8400000000
12803 898.1400000000
12912 899.0400000000
12999 914.0500000000
13125 914.1500000000
13166 935.4700000000
14039 954.5200000000
14305 959.1700000000
14701 960.2900000000
14918 961.7500000000
14966 963.9400000000
15016 979.4100000000
15450 987.0400000000
15556 1005.5000000000
15961 1010.4500000000
17500 1012.1300000000
17709 1018.9200000000
17801 1023.9000000000
17962 1030.7000000000
18539 1032.5100000000
18701 1038.1100000000
18758 1043.1700000000
18775 1046.2100000000
18908 1048.5000000000
18950 1054.8000000000
19027 1060.5500000000
19478 1062.7700000000
19618 1076.3600000000
22758 1078.5700000000
26699 1079.3000000000
26805 1099.4500000000
27134 1104.5700000000
28584 1106.8900000000
28627 1108.3900000000
28654 1114.0900000000
28708 1118.0600000000
29113 1119.9400000000
29122 1133.0100000000
29211 1157.7200000000
29595 1159.7000000000
29675 1161.2200000000
30158 1161.2800000000
31359 1173.1000000000
33576 1176.9400000000
33679 1179.8600000000
33862 1179.9400000000
33875 1195.6600000000
34059 1205.8700000000
36547 1206.2300000000
38048 1211.3500000000
40608 1213.1800000000
46258 1213.7200000000
46428 1217.6600000000
48528 1218.8400000000
53305 1224.7500000000
82550 1227.3400000000
87506 1229.1800000000
100000 493.7600000000
evaluations raw_y
1 0.0000000000
2 1.4600000000
3 4.3500000000
4 5.0600000000
5 5.8600000000
6 12.6000000000
9 22.8800000000
11 25.4300000000
12 46.1600000000
15 50.2400000000
16 53.3200000000
17 57.3100000000
19 76.9200000000
23 94.0100000000
39 108.8600000000
49 115.4700000000
79 125.5000000000
84 143.8000000000
86 149.4800000000
93 175.9000000000
103 178.1200000000
114 196.3800000000
171 206.8700000000
178 210.0600000000
215 211.7400000000
226 218.8900000000
289 232.7800000000
294 236.2500000000
373 240.2900000000
374 242.4500000000
380 254.4000000000
387 272.9000000000
388 277.5900000000
426 287.4100000000
428 290.9600000000
434 327.9400000000
445 331.3600000000
449 342.2800000000
458 364.0600000000
514 383.0900000000
523 399.1900000000
689 399.5900000000
714 402.0700000000
727 408.8700000000
763 413.4800000000
778 427.0900000000
797 460.1900000000
853 472.4700000000
1297 476.9900000000
1300 478.2600000000
1325 512.8000000000
1475 516.1600000000
1721 520.5200000000
1729 523.0800000000
1835 541.1500000000
2053 549.4700000000
2110 556.2800000000
2235 558.8200000000
2261 565.9500000000
2269 572.0800000000
2297 598.5500000000
2416 608.3400000000
2694 612.7000000000
2759 615.5900000000
2795 617.9900000000
2799 623.4300000000
2825 630.2800000000
2851 638.7500000000
2895 639.0900000000
2943 642.4100000000
2991 643.1200000000
2992 646.9600000000
2994 654.4800000000
3670 675.1200000000
3784 680.1500000000
3855 687.4600000000
3871 692.6700000000
3893 693.4000000000
3931 698.3700000000
3983 705.7100000000
4038 715.6300000000
4263 726.7800000000
4571 728.0700000000
4658 760.0900000000
5768 765.4900000000
5930 768.7200000000
6053 770.2700000000
6144 779.1900000000
6196 780.9300000000
6238 786.5500000000
6299 797.6300000000
6318 804.2000000000
6411 804.6200000000
6421 816.2900000000
6578 817.7000000000
6579 836.4200000000
7856 841.6500000000
8818 854.9200000000
8918 862.6000000000
9492 875.1900000000
11157 875.3200000000
11252 924.4100000000
11257 935.5900000000
11309 944.2100000000
11315 960.5900000000
11362 966.2300000000
11397 973.4200000000
11454 975.6800000000
11545 981.4000000000
11732 981.6500000000
11779 983.3400000000
11791 993.2500000000
11853 994.7700000000
11855 996.1500000000
11934 1001.4300000000
11990 1011.8700000000
12038 1012.3000000000
12042 1025.5800000000
12117 1027.3100000000
12601 1031.3400000000
12701 1034.6600000000
12718 1036.1700000000
13020 1037.2800000000
13193 1040.0400000000
13264 1051.8000000000
14016 1051.8700000000
14581 1054.4300000000
14981 1054.8000000000
15130 1059.3400000000
15210 1067.0300000000
15515 1069.9700000000
15537 1081.8200000000
16046 1091.1700000000
16646 1094.5700000000
17620 1097.4300000000
17758 1101.2500000000
18039 1114.5400000000
27860 1116.5700000000
28144 1126.1100000000
28562 1128.0700000000
28752 1134.9300000000
28803 1136.8600000000
29015 1145.5500000000
29191 1158.5200000000
29973 1165.6900000000
30504 1166.1000000000
31258 1170.3200000000
31502 1172.5100000000
31546 1173.5500000000
31610 1174.3800000000
31615 1174.4100000000
31822 1174.5700000000
32379 1177.2500000000
32535 1178.6900000000
32752 1183.4600000000
33062 1190.7900000000
33346 1200.0900000000
35152 1205.8700000000
36663 1206.9600000000
37350 1213.4700000000
37430 1219.6400000000
37479 1231.0600000000
38040 1242.3200000000
38114 1246.3600000000
38395 1256.7700000000
38433 1259.0800000000
39621 1260.5200000000
43522 1262.8000000000
43733 1263.7400000000
49982 1264.0100000000
67459 1264.6500000000
67841 1267.1100000000
73053 1273.7300000000
75328 1278.4000000000
100000 604.0500000000
evaluations raw_y
1 0.0000000000
2 6.8900000000
3 16.0700000000
5 61.2000000000
10 69.5000000000
14 71.6700000000
17 89.3200000000
19 108.8600000000
74 113.0500000000
78 150.5300000000
84 169.1800000000
109 186.3600000000
111 201.1800000000
135 201.6600000000
145 207.5400000000
155 209.5400000000
165 218.2000000000
178 223.8500000000
191 235.9700000000
200 238.6600000000
204 252.6800000000
226 252.7800000000
228 255.4800000000
251 270.0100000000
272 275.2500000000
273 277.3100000000
349 293.4200000000
392 299.8100000000
457 308.3700000000
458 308.4100000000
466 381.2600000000
557 397.5800000000
593 403.8200000000
630 440.0600000000
638 445.8400000000
720 466.9800000000
815 488.8800000000
823 492.9500000000
863 510.6100000000
874 532.4400000000
887 537.1100000000
909 547.2100000000
914 560.9100000000
938 586.7700000000
1007 594.1100000000
1020 597.7500000000
1072 601.7700000000
1078 628.2300000000
1166 631.9200000000
1215 633.5500000000
1524 643.8900000000
1625 651.0300000000
1993 652.9600000000
2193 679.2300000000
2351 682.9900000000
2363 693.3600000000
2385 693.6500000000
2499 694.3600000000
2664 697.3100000000
2697 700.3700000000
2876 703.2200000000
3060 716.6500000000
3120 736.9300000000
3140 742.3200000000
3166 748.3200000000
3179 758.0600000000
3189 764.5100000000
3209 764.8900000000
3228 773.4500000000
3290 776.5100000000
3330 777.1400000000
3352 786.1600000000
3362 804.0100000000
3367 809.6300000000
3497 824.5000000000
3650 832.0500000000
3966 839.2700000000
4084 841.9400000000
4598 930.2900000000
4651 931.6500000000
4659 934.7300000000
4706 939.3800000000
4784 946.0900000000
4870 953.1800000000
5165 956.2600000000
5174 956.4600000000
5181 968.9500000000
5201 971.7200000000
5274 975.9400000000
5409 977.2200000000
5415 978.0200000000
5462 988.7600000000
5669 990.0900000000
5797 991.5800000000
5819 997.5400000000
5887 998.0900000000
5958 1001.8200000000
6200 1023.5400000000
6386 1037.8400000000
6400 1049.3800000000
6445 1054.0400000000
6652 1055.2300000000
6660 1060.6800000000
6681 1062.3000000000
6684 1074.7100000000
6712 1087.4700000000
6866 1091.0500000000
6964 1094.4900000000
7005 1096.0600000000
7400 1096.9400000000
7540 1097.2600000000
7597 1102.9500000000
7790 1104.5000000000
7807 1107.0800000000
7873 1120.0200000000
8049 1123.3200000000
8183 1123.3600000000
8196 1137.6200000000
8286 1140.2100000000
8370 1142.2500000000
8442 1153.3800000000
8559 1157.9100000000
8836 1166.0400000000
8907 1176.6100000000
10796 1186.9300000000
17697 1188.2500000000
17832 1190.6500000000
17844 1191.0400000000
17852 1199.0000000000
18012 1202.2500000000
18469 1204.8000000000
22244 1204.8600000000
24697 1210.6300000000
32805 1214.4300000000
32894 1219.0900000000
33147 1225.2500000000
33398 1227.5900000000
33431 1229.6900000000
33940 1230.2200000000
34149 1235.1300000000
34301 1245.2800000000
35228 1246.5600000000
36138 1254.0800000000
47226 1255.0000000000
60526 1255.9000000000
82215 1258.1600000000
84499 1261.8000000000
89312 1263.4100000000
100000 1101.3200000000
evaluations raw_y
1 0.0000000000
2 4.0900000000
3 13.7800000000
4 18.1100000000
5 27.3700000000
10 37.0500000000
14 37.0700000000
16 62.9500000000
18 67.0300000000
22 74.7300000000
25 87.2300000000
31 91.6800000000
42 108.9800000000
133 118.2200000000
142 131.1700000000
151 145.8200000000
196 258.4200000000
216 262.1200000000
220 267.6700000000
221 301.3600000000
222 307.4400000000
227 329.7600000000
241 334.2300000000
245 377.3900000000
458 380.2200000000
557 386.0500000000
563 415.6000000000
575 429.0100000000
593 439.5100000000
611 450.3500000000
626 453.2300000000
735 457.2400000000
753 471.4000000000
756 473.9200000000
813 495.8600000000
1068 518.6900000000
1069 522.2400000000
1085 537.2200000000
1090 549.6600000000
1135 553.8900000000
1158 563.8000000000
1227 565.8500000000
1235 570.6100000000
1244 571.6300000000
1257 580.9300000000
1282 618.8600000000
1582 631.2500000000
1637 646.1400000000
1645 659.4300000000
1665 662.6200000000
1693 666.1600000000
1696 678.1200000000
1754 690.9400000000
1806 699.3100000000
1816 702.7100000000
1874 703.3100000000
1952 704.2900000000
1966 722.9800000000
2046 724.5200000000
2704 736.3000000000
6678 736.6800000000
6710 742.5400000000
6729 745.4300000000
7054 746.1200000000
7094 749.6300000000
7567 753.4600000000
7611 754.4800000000
7770 762.1000000000
7862 765.8700000000
8226 767.5600000000
8671 784.1400000000
8772 784.5600000000
8836 792.4500000000
8837 796.2000000000
9240 808.0100000000
9493 825.2400000000
10063 845.0600000000
10068 851.5700000000
10183 853.1800000000
10337 862.4200000000
11402 869.6800000000
11513 871.6500000000
11792 880.7300000000
11827 893.9600000000
12849 898.8100000000
13177 901.5800000000
13475 904.4900000000
13663 904.9700000000
13767 917.9600000000
13847 919.6700000000
13863 922.2100000000
13973 923.7100000000
14018 933.6500000000
14145 933.8200000000
14163 936.7800000000
14176 942.7400000000
14283 951.3000000000
14634 952.2000000000
14765 956.1400000000
15175 958.3500000000
15322 959.0800000000
15479 967.3500000000
15579 979.2600000000
15709 983.6900000000
15716 989.9300000000
15753 990.8700000000
15755 1000.6300000000
15882 1011.1200000000
16199 1015.9000000000
16349 1017.7200000000
16379 1023.8000000000
17518 1032.7000000000
17904 1037.5200000000
18624 1041.1500000000
18960 1042.0900000000
19037 1043.7200000000
19047 1059.3200000000
19926 1061.8600000000
19931 1065.2000000000
19959 1076.7200000000
20323 1085.0500000000
20536 1091.3200000000
21411 1092.0200000000
21972 1104.9000000000
22136 1111.7600000000
22240 1137.6500000000
26441 1138.8400000000
26532 1148.2800000000
26601 1150.9000000000
26693 1152.2900000000
26919 1154.3000000000
27292 1156.8000000000
27302 1159.3500000000
27360 1173.3700000000
27663 1184.6100000000
29851 1185.0600000000
33149 1188.2900000000
35032 1190.8300000000
50374 1192.1900000000
50414 1192.4400000000
51392 1193.8800000000
51870 1202.3600000000
54836 1205.0200000000
56471 1209.4500000000
56894 1212.2100000000
61382 1217.0900000000
62008 1217.7500000000
62228 1231.1400000000
62264 1233.7500000000
62439 1237.0800000000
62568 1238.9200000000
62846 1239.4600000000
63201 1244.8400000000
76541 1248.0400000000
78280 1250.3800000000
88334 1254.1700000000
100000 1116.3500000000
evaluations raw_y
1 0.0000000000
2 7.4600000000
4 31.5400000000
8 58.7900000000
14 65.6700000000
18 80.9700000000
19 81.5800000000
23 84.1800000000
27 104.1600000000
30 112.0500000000
31 116.4100000000
37 117.5000000000
48 137.9600000000
91 141.5400000000
95 145.3900000000
96 153.3500000000
100 164.5300000000
102 165.6700000000
110 184.1100000000
112 196.9900000000
113 209.6800000000
133 219.3200000000
179 232.2000000000
228 232.9300000000
261 240.2300000000
296 263.6400000000
352 266.1200000000
357 279.3400000000
406 282.9600000000
410 289.6400000000
458 308.6000000000
505 331.3900000000
916 335.1200000000
949 338.0500000000
966 349.5900000000
1025 351.7100000000
1068 352.1400000000
1123 365.0400000000
1137 366.9600000000
1141 388.0800000000
1161 396.1700000000
1176 399.5800000000
1180 404.0300000000
1198 412.4000000000
1737 417.8200000000
1742 418.6200000000
1751 428.2000000000
1982 429.2600000000
2051 431.1000000000
2302 431.6500000000
2311 432.5100000000
2322 447.6300000000
2398 447.6700000000
2435 499.9600000000
2464 522.8700000000
2489 532.5000000000
2508 534.3900000000
2512 541.7100000000
2569 555.2100000000
2611 575.6600000000
2621 580.6500000000
2686 583.2200000000
2698 593.0700000000
2798 654.4900000000
3036 663.0400000000
3161 675.5300000000
3242 688.9500000000
3832 704.3300000000
3922 796.8300000000
4313 797.8300000000
4417 800.8500000000
4426 801.3300000000
4449 806.0400000000
4588 806.0500000000
4610 807.3200000000
4617 818.5700000000
4878 822.2100000000
5290 837.7700000000
6046 839.4300000000
6163 841.0500000000
6495 846.8000000000
6723 863.3100000000
7162 868.3000000000
7297 882.7400000000
7705 888.2200000000
7897 892.0500000000
8563 894.5600000000
8848 920.0300000000
8897 936.6900000000
9000 943.5400000000
9060 947.5200000000
9114 953.0000000000
9133 967.6800000000
9149 971.9900000000
9237 979.2900000000
9282 987.3400000000
9431 998.8700000000
9462 1003.3800000000
9482 1006.0500000000
9551 1011.1300000000
9659 1011.2500000000
9695 1019.6900000000
10532 1027.9400000000
11176 1028.8900000000
11235 1030.6000000000
11251 1033.7900000000
11447 1042.4300000000
12182 1049.7300000000
12408 1056.0200000000
14371 1056.3700000000
14390 1072.5900000000
15317 1082.7200000000
16860 1090.2900000000
17858 1094.8900000000
18570 1101.2700000000
19135 1104.9200000000
19259 1107.3100000000
20133 1108.2100000000
20187 1110.4900000000
20214 1111.3500000000
20251 1121.5600000000
20296 1137.7100000000
20926 1139.2100000000
21023 1139.5700000000
21122 1150.5100000000
22356 1150.5600000000
22577 1152.2700000000
22588 1160.8500000000
22801 1166.3100000000
23215 1168.6200000000
23996 1177.1600000000
24242 1182.6200000000
24373 1188.3100000000
24473 1191.8100000000
24580 1192.3300000000
24806 1196.0900000000
24957 1198.3000000000
25138 1199.0200000000
25405 1200.6500000000
25635 1201.5400000000
25739 1201.7700000000
25947 1208.2900000000
27334 1209.9000000000
27370 1223.0300000000
27442 1223.6200000000
28122 1233.3000000000
41035 1233.4600000000
57275 1239.1000000000
65429 1243.3800000000
78657 1244.0400000000
79030 1244.2500000000
79062 1256.1800000000
79718 1257.5900000000
80000 1259.6900000000
80072 1259.9200000000
80189 1270.1200000000
84017 1270.2700000000
86396 1275.5600000000
89375 1278.1100000000
92940 1283.3100000000
94088 1286.8600000000
100000 118.2400000000
evaluations raw_y
1 0.0000000000
2 6.5000000000
3 11.1000000000
4 14.3800000000
5 27.8800000000
6 32.8700000000
7 56.9800000000
24 59.1800000000
33 59.2600000000
44 81.1800000000
48 82.0900000000
54 93.6500000000
55 105.1100000000
71 110.4100000000
72 123.6900000000
81 135.1500000000
83 139.0100000000
86 169.7000000000
110 178.0700000000
127 183.5600000000
133 203.9900000000
163 205.3900000000
196 221.5800000000
202 250.4400000000
207 251.8700000000
279 268.8200000000
349 270.6800000000
454 275.8500000000
459 283.4100000000
580 285.0700000000
582 303.3900000000
606 357.2300000000
1289 410.6200000000
1307 428.3500000000
1314 434.4900000000
1316 442.7500000000
1343 456.5600000000
1500 457.8100000000
1558 467.5200000000
1622 471.1100000000
1685 474.0100000000
1734 477.4500000000
1811 480.0000000000
1872 480.0100000000
1874 486.0700000000
1888 486.1900000000
1932 524.6800000000
1954 527.2000000000
1971 542.1600000000
2001 561.6000000000
2113 563.0000000000
2244 573.1600000000
2564 577.1000000000
2570 581.4100000000
2668 585.1300000000
2677 608.6600000000
3261 612.1200000000
3552 615.1000000000
3892 617.9400000000
3971 624.5700000000
4066 638.3700000000
4167 647.0400000000
4347 667.4200000000
6027 668.0100000000
6251 718.2400000000
6299 749.0100000000
6312 767.4900000000
6433 769.3000000000
6440 770.5100000000
6564 771.9300000000
6594 785.1000000000
6809 789.1200000000
6872 806.4800000000
7026 824.7100000000
7118 826.2000000000
7319 827.3000000000
7425 828.6500000000
7541 834.2300000000
7564 834.2700000000
7626 835.1600000000
7675 838.6300000000
7691 857.0200000000
7756 864.3300000000
7762 873.5600000000
7804 882.3400000000
8279 892.4700000000
8513 895.8700000000
8517 906.3100000000
8520 914.6600000000
8524 956.0800000000
11423 962.4400000000
11471 965.8000000000
11512 970.5800000000
11563 975.0700000000
12273 978.1700000000
12295 981.4300000000
12337 984.0000000000
12343 990.0200000000
12355 997.3600000000
12452 999.6500000000
12515 1010.2400000000
12612 1023.4200000000
13035 1024.5200000000
13046 1027.3300000000
13071 1028.1900000000
13075 1036.4100000000
13128 1051.6200000000
13148 1063.9300000000
13437 1066.8600000000
13450 1068.7900000000
13464 1079.2000000000
13585 1089.5100000000
13618 1089.6300000000
13970 1112.7400000000
14162 1120.8400000000
14576 1129.3200000000
24267 1130.1800000000
27591 1137.7900000000
32586 1139.8000000000
32864 1140.2000000000
37007 1144.9300000000
40271 1145.4100000000
43881 1150.5700000000
45001 1155.3500000000
48745 1170.7400000000
76455 1171.6500000000
79521 1173.0300000000
79654 1179.5400000000
79993 1182.0800000000
80339 1184.6000000000
80411 1185.5400000000
80561 1187.8800000000
80565 1192.5600000000
80618 1204.9700000000
82919 1207.0800000000
87677 1209.1900000000
88185 1211.9000000000
88490 1214.2500000000
88668 1220.3000000000
88810 1228.9500000000
88987 1233.4100000000
93631 1234.1200000000
93727 1240.6100000000
100000 785.6300000000
evaluations raw_y
1 0.0000000000
2 19.0500000000
3 37.0200000000
5 41.8700000000
6 44.4000000000
7 46.8000000000
8 54.1000000000
10 65.2200000000
13 86.7500000000
19 119.5100000000
52 126.6900000000
60 129.2000000000
63 149.8100000000
74 153.5600000000
77 160.9600000000
83 167.0200000000
85 187.0400000000
109 190.2700000000
121 190.4100000000
123 193.7500000000
142 194.1100000000
146 207.8600000000
147 218.6600000000
162 222.7800000000
166 249.7100000000
197 253.3500000000
201 293.6900000000
237 321.8300000000
329 324.0100000000
415 327.8300000000
909 345.1200000000
1470 392.9000000000
1474 422.9300000000
1593 425.7400000000
1594 449.9600000000
1596 457.4200000000
1641 463.7000000000
1651 483.8000000000
1703 484.8600000000
1737 493.9500000000
1784 496.3500000000
1831 501.3000000000
1865 509.3800000000
2040 513.0700000000
2063 514.0300000000
2064 518.5200000000
2091 519.2300000000
2336 529.1300000000
2578 559.3800000000
3049 593.9600000000
3065 609.1400000000
3069 610.3200000000
3078 611.0500000000
3112 628.9300000000
3137 637.9100000000
3164 710.6400000000
3248 718.4700000000
3284 737.4700000000
3365 745.1100000000
3840 746.9000000000
4061 748.5100000000
4100 777.7000000000
4351 782.5900000000
5005 787.4800000000
5386 797.2300000000
5751 805.1500000000
6523 812.1900000000
6745 817.4000000000
6754 819.7700000000
6761 822.6600000000
6772 835.1400000000
6789 847.9400000000
6996 860.3300000000
7809 868.0600000000
7815 872.8100000000
7860 876.1500000000
7862 878.0400000000
7901 899.9000000000
7941 906.6300000000
8210 909.3300000000
8229 916.9000000000
8257 922.5700000000
8613 922.6600000000
8656 940.3200000000
9462 941.0300000000
9749 941.4600000000
9759 946.9800000000
10119 955.1800000000
11170 956.6700000000
11235 970.1400000000
11598 972.1400000000
14248 974.8300000000
14609 978.5000000000
14901 979.1000000000
14968 985.4500000000
14984 989.4100000000
15037 1012.2500000000
15186 1013.2400000000
15233 1027.1300000000
15253 1032.1800000000
15482 1034.4900000000
15529 1034.8900000000
15600 1036.3900000000
15612 1036.6800000000
15697 1043.3200000000
15826 1044.4600000000
16398 1050.4300000000
16641 1051.2200000000
16760 1065.1300000000
17021 1066.4800000000
17211 1070.0700000000
17230 1070.9400000000
17262 1080.7000000000
21837 1082.9600000000
22758 1083.3000000000
24638 1084.5000000000
24982 1090.7500000000
25142 1107.6900000000
25242 1116.3700000000
25900 1118.2700000000
25966 1119.8500000000
25973 1120.9000000000
26011 1129.8900000000
26598 1130.1400000000
28891 1132.9000000000
29002 1133.4600000000
32037 1135.4800000000
33991 1139.5200000000
38043 1142.7900000000
38393 1144.7000000000
40557 1148.9700000000
40918 1150.7400000000
41046 1155.5300000000
42057 1160.3800000000
43295 1165.9400000000
43307 1172.7000000000
45209 1173.4900000000
45954 1176.5900000000
46073 1178.9800000000
46617 1189.0600000000
46707 1196.6000000000
49091 1198.8500000000
54213 1223.3500000000
60394 1236.7700000000
70068 1241.4300000000
70866 1244.9300000000
72034 1253.6100000000
82579 1255.1200000000
100000 7.0100000000
evaluations raw_y
1 0.0000000000
2 29.1500000000
6 35.0200000000
7 48.1100000000
14 56.0600000000
19 63.1400000000
29 71.9900000000
31 79.8700000000
52 91.3700000000
55 109.6800000000
56 136.1800000000
59 144.0800000000
66 145.3000000000
74 150.9700000000
103 171.4100000000
169 173.6000000000
178 184.5400000000
227 196.7700000000
259 210.7800000000
270 213.8000000000
273 222.2900000000
288 227.0500000000
310 245.5900000000
322 252.0500000000
326 255.4700000000
352 255.5900000000
382 266.7600000000
564 277.6400000000
648 278.3200000000
653 294.9800000000
662 299.9000000000
684 318.9500000000
739 337.4400000000
822 339.9600000000
826 351.8700000000
838 353.3300000000
845 390.4400000000
1022 393.6900000000
1036 406.3100000000
1077 408.7600000000
1095 412.7400000000
1109 418.9500000000
1138 420.2900000000
1144 421.7200000000
1151 424.8100000000
1154 438.7800000000
1163 473.0300000000
1203 475.6000000000
1218 494.3600000000
1223 496.8200000000
1234 510.3100000000
1365 584.7000000000
1403 601.8100000000
1491 610.2100000000
1502 619.3100000000
1563 629.4600000000
1618 630.3000000000
1663 634.4600000000
1796 660.2000000000
3054 667.7700000000
3181 676.7400000000
3202 683.1800000000
3512 706.3300000000
3519 712.9800000000
3582 726.6700000000
3610 750.0500000000
3798 759.7500000000
4399 771.7200000000
4523 779.0700000000
4565 780.1500000000
4574 799.6700000000
4644 801.7600000000
4667 805.2400000000
4686 822.2300000000
4739 823.4100000000
5030 831.4600000000
5120 835.6600000000
5170 838.9200000000
5229 843.1300000000
5333 861.9400000000
5839 871.4900000000
5854 873.9400000000
5860 878.3700000000
5906 879.7200000000
5957 884.0300000000
6101 897.1900000000
6597 901.6400000000
6659 903.1600000000
6707 920.5900000000
6759 925.3400000000
7887 927.1100000000
8052 931.4300000000
8106 941.0600000000
8253 947.4000000000
8273 949.3500000000
8310 958.7100000000
8337 960.0800000000
8414 963.9300000000
8442 968.1300000000
8467 968.6000000000
8484 972.6700000000
9067 979.0900000000
9118 993.4500000000
9295 1007.4500000000
9843 1009.5200000000
9930 1014.0000000000
10321 1016.9600000000
10621 1017.4600000000
11199 1024.4200000000
11722 1025.6800000000
11927 1030.7500000000
12795 1045.3000000000
13212 1062.8900000000
13342 1063.0800000000
13620 1065.1800000000
13623 1077.9800000000
13631 1085.7200000000
14635 1093.3900000000
15647 1094.7700000000
15693 1108.7300000000
15813 1109.0500000000
15946 1115.8900000000
16903 1116.3700000000
18463 1120.7700000000
19033 1132.3700000000
23998 1135.1200000000
24320 1143.6100000000
24366 1161.1400000000
24518 1162.1300000000
24523 1170.1800000000
25630 1176.8700000000
25823 1182.7400000000
26315 1186.9400000000
26712 1189.6000000000
26819 1206.9900000000
27047 1209.0500000000
27286 1209.7500000000
27703 1212.8400000000
27916 1226.2000000000
28973 1228.4000000000
30652 1230.1300000000
30737 1235.3500000000
30776 1247.3600000000
31106 1249.3500000000
31198 1249.3600000000
33089 1249.8300000000
33459 1251.8000000000
34601 1255.0500000000
35513 1269.6100000000
66126 1270.7300000000
100000 891.4300000000
evaluations raw_y
1 0.0000000000
2 12.7300000000
3 27.8200000000
4 34.0300000000
6 40.1800000000
8 41.6900000000
10 59.0000000000
12 70.7600000000
23 78.5700000000
26 112.2600000000
27 112.3700000000
31 128.3000000000
33 138.2400000000
38 141.7800000000
69 151.4600000000
88 160.9900000000
95 165.5500000000
102 180.6800000000
112 201.2800000000
130 203.8200000000
135 223.7800000000
150 234.1200000000
167 240.3700000000
223 240.4600000000
271 242.0800000000
387 260.7100000000
425 278.3600000000
447 278.6000000000
455 286.7500000000
500 288.8700000000
502 308.1500000000
555 313.0100000000
565 334.9700000000
612 342.7900000000
704 352.8100000000
720 358.1900000000
758 369.2600000000
775 393.7800000000
806 404.1000000000
814 419.0900000000
870 420.4300000000
873 440.5100000000
966 443.1200000000
967 465.9500000000
973 467.7900000000
983 469.7500000000
1047 499.8100000000
1127 503.7600000000
1241 509.1000000000
1285 536.3800000000
1334 536.9100000000
1554 557.0600000000
2392 565.8200000000
2576 570.2900000000
2588 572.3100000000
2594 580.9400000000
2625 588.0600000000
2679 594.0000000000
2708 598.5800000000
2716 609.1100000000
2767 619.8200000000
2896 623.4700000000
2905 643.4400000000
2906 651.5100000000
2937 651.7900000000
2940 653.5800000000
2953 656.2700000000
2958 674.2000000000
3112 687.1300000000
3198 690.0800000000
3287 696.0100000000
3321 704.4200000000
3376 707.6600000000
3411 723.5500000000
3475 729.5200000000
3512 734.9200000000
3517 745.2900000000
3523 747.7300000000
3570 766.1600000000
3585 766.9800000000
3603 767.8200000000
3639 775.9900000000
3658 789.7100000000
5292 799.6200000000
7238 809.9400000000
7308 825.7800000000
7327 829.6200000000
7335 849.3300000000
7426 854.2700000000
8079 854.8500000000
9961 858.0800000000
10059 870.6200000000
10068 918.6900000000
10155 928.7400000000
10393 940.3900000000
10434 942.7300000000
10489 955.1500000000
10502 958.0800000000
10641 958.3000000000
10779 960.5000000000
11060 968.0000000000
11424 970.5100000000
11460 972.6100000000
11571 974.7100000000
11600 976.8400000000
11630 979.3900000000
11747 989.7000000000
11977 993.7300000000
11987 996.1300000000
11991 1019.7300000000
12110 1020.9900000000
12122 1030.8700000000
12144 1033.8700000000
12147 1046.3800000000
12311 1054.1400000000
12494 1057.9900000000
12731 1064.0700000000
12969 1078.8300000000
13579 1080.1900000000
13586 1083.0600000000
13673 1088.3200000000
14332 1092.8400000000
16510 1106.1500000000
20019 1110.9000000000
21086 1125.6100000000
21110 1143.5700000000
21241 1144.9800000000
21495 1158.4000000000
22326 1162.9400000000
22673 1164.8900000000
22928 1164.9000000000
22948 1172.9500000000
24191 1173.1300000000
25282 1180.8300000000
26609 1183.7200000000
29485 1187.8800000000
31746 1188.4600000000
33287 1189.4200000000
34328 1191.5400000000
34620 1197.3900000000
36338 1212.9600000000
37988 1214.8100000000
38310 1214.9000000000
39614 1218.0300000000
40642 1225.1000000000
50712 1227.2200000000
50718 1231.2000000000
51275 1238.5500000000
67055 1238.7300000000
69100 1248.0700000000
100000 1138.1800000000
evaluations raw_y
1 0.0000000000
2 11.2600000000
3 35.2000000000
7 36.9400000000
11 42.5800000000
12 51.4200000000
17 65.2500000000
35 71.1900000000
57 77.8300000000
83 78.2900000000
95 93.8100000000
98 102.0000000000
110 133.4300000000
126 139.1400000000
133 168.2500000000
140 180.4700000000
141 190.4500000000
147 222.1700000000
159 225.7800000000
167 231.2000000000
178 239.4300000000
200 316.8400000000
227 319.5000000000
231 353.3500000000
254 353.5200000000
274 354.7900000000
343 354.8000000000
346 354.9700000000
386 362.0900000000
407 365.2800000000
409 379.6000000000
414 387.5200000000
422 406.8800000000
512 434.5200000000
528 439.5100000000
557 444.5000000000
670 446.8200000000
676 449.3900000000
681 460.0700000000
990 538.8800000000
1043 539.5800000000
1060 544.0400000000
1064 560.5000000000
1082 569.6000000000
1083 579.5200000000
1114 586.9300000000
1201 599.8100000000
1292 608.6400000000
1486 625.4900000000
1574 627.6800000000
1620 628.2700000000
1664 629.0300000000
1666 634.5000000000
1778 662.0600000000
2466 671.6000000000
3055 691.6900000000
3422 696.7800000000
3435 706.8000000000
3481 720.6000000000
3696 721.0900000000
3755 744.8800000000
4364 744.9500000000
4493 748.0300000000
4521 752.8800000000
4924 753.9100000000
4935 765.3000000000
5120 774.0100000000
5172 785.7300000000
5393 786.2600000000
5602 788.2400000000
5640 811.0400000000
5946 813.7800000000
6310 817.9300000000
6817 818.2600000000
6883 835.3900000000
7253 836.3200000000
7278 839.4000000000
7307 853.2800000000
7765 857.5000000000
8439 871.5800000000
8540 884.3200000000
8933 898.9900000000
8958 910.8200000000
9030 913.0300000000
9168 914.7700000000
9173 917.9900000000
9192 920.1200000000
9196 925.6200000000
9226 941.3600000000
9915 943.6300000000
9948 950.3400000000
9954 957.7300000000
9959 964.5100000000
9965 968.2100000000
9969 970.6800000000
9977 978.2600000000
10004 979.7600000000
10021 985.6900000000
10048 989.8000000000
10068 991.6300000000
10093 997.5500000000
10118 1016.3100000000
10557 1017.9300000000
10690 1018.2600000000
10766 1020.0000000000
10778 1020.6600000000
10781 1025.1800000000
10847 1040.5100000000
10878 1042.7600000000
10882 1045.1100000000
10971 1045.1500000000
10995 1047.5500000000
11036 1050.2700000000
11049 1074.2500000000
11427 1075.1500000000
12003 1076.0400000000
12267 1083.5900000000
12418 1097.6800000000
12884 1098.2900000000
13440 1100.9400000000
14525 1101.9800000000
14607 1107.1600000000
14851 1108.4400000000
15061 1108.6300000000
15205 1111.7100000000
15698 1120.9200000000
15723 1132.3900000000
16002 1135.7800000000
16093 1138.0600000000
16138 1138.5700000000
16249 1151.4500000000
16283 1158.5900000000
16320 1159.2000000000
16419 1160.4400000000
16464 1162.2300000000
16482 1165.3500000000
16529 1170.5600000000
16634 1172.5300000000
17159 1176.2100000000
19018 1177.7200000000
19773 1178.7700000000
20654 1183.4000000000
20692 1186.1600000000
20937 1186.4200000000
20993 1191.3200000000
21643 1196.3100000000
21746 1198.5700000000
26501 1198.8700000000
28428 1199.2100000000
30037 1202.7100000000
30234 1203.5400000000
30361 1203.6600000000
32352 1208.5000000000
81303 1211.2100000000
100000 221.2800000000
evaluations raw_y
1 0.0000000000
2 11.1700000000
3 16.4400000000
4 40.9800000000
5 42.1500000000
7 50.5900000000
10 75.0600000000
13 75.3600000000
18 91.4600000000
42 104.5700000000
74 116.0400000000
76 123.3900000000
81 155.6100000000
95 170.9500000000
112 178.1500000000
139 178.7500000000
171 181.1700000000
252 188.1600000000
254 189.2800000000
294 193.0500000000
305 210.7800000000
307 226.1400000000
343 234.0600000000
407 246.5100000000
526 249.8200000000
535 250.9800000000
548 258.3700000000
567 268.5700000000
582 269.7800000000
652 275.8100000000
689 284.7900000000
701 291.6300000000
714 305.0500000000
726 319.1400000000
748 330.3700000000
757 350.6400000000
761 399.3700000000
764 434.4900000000
774 439.9000000000
783 442.5500000000
784 452.8100000000
799 454.0000000000
813 461.8200000000
823 473.7000000000
831 482.6800000000
834 501.1600000000
841 618.0300000000
858 626.9500000000
864 639.5700000000
872 647.3400000000
876 672.0100000000
950 674.0900000000
1026 693.3700000000
1085 719.6400000000
1342 724.7100000000
1494 737.2400000000
1507 740.0400000000
1544 763.3000000000
2038 769.6200000000
2058 790.0700000000
2171 791.3600000000
2223 798.7900000000
2404 808.2800000000
2431 816.8300000000
2477 818.7300000000
2539 821.4900000000
2601 832.4200000000
2705 835.0900000000
2757 837.0500000000
2769 853.2300000000
2812 856.9300000000
2900 863.8700000000
2983 879.8700000000
2988 890.3300000000
3033 900.1700000000
3141 901.2900000000
3183 916.1000000000
3196 921.3900000000
3255 923.1600000000
3320 941.5800000000
3349 956.7300000000
4792 962.5900000000
4955 964.7800000000
4957 967.4000000000
5172 968.7800000000
5245 972.9500000000
5443 983.3200000000
5956 984.1700000000
6185 990.5700000000
6261 1000.4600000000
6360 1047.3200000000
6437 1068.0200000000
6588 1068.9300000000
6695 1069.5800000000
6860 1070.9300000000
7010 1073.1500000000
7142 1075.1800000000
7660 1077.0000000000
7704 1081.5400000000
8166 1081.9900000000
8172 1088.2200000000
8178 1088.6400000000
8206 1093.7700000000
8220 1093.8600000000
8265 1101.8000000000
8442 1107.2600000000
9984 1110.7200000000
10156 1125.3200000000
10189 1130.5100000000
10493 1134.2900000000
12383 1135.4700000000
12799 1136.7300000000
12839 1140.1200000000
13307 1142.1600000000
13339 1142.1700000000
13506 1147.0200000000
18798 1152.8900000000
20773 1153.2800000000
20806 1154.1600000000
20885 1158.2100000000
21494 1159.4300000000
21536 1162.4600000000
26563 1164.4100000000
31014 1165.6700000000
32109 1165.9800000000
32297 1166.3000000000
32594 1178.1700000000
32740 1179.7700000000
33430 1188.2000000000
34139 1189.9800000000
37097 1191.8800000000
38852 1194.0700000000
40344 1197.1500000000
52399 1202.1400000000
53823 1205.5800000000
67926 1206.6500000000
68753 1224.4300000000
78856 1228.1200000000
79819 1237.8900000000
100000 945.5700000000
evaluations raw_y
1 0.0000000000
2 15.2000000000
5 17.6000000000
7 24.3900000000
12 57.4000000000
25 61.2700000000
26 62.2100000000
27 69.1800000000
38 84.8500000000
45 98.2400000000
54 106.3900000000
55 118.7400000000
56 141.4200000000
63 153.8200000000
68 160.2800000000
76 182.5300000000
137 191.8800000000
139 227.0600000000
245 241.7900000000
319 243.2000000000
334 247.8600000000
335 251.1100000000
339 269.9800000000
400 287.5200000000
590 301.7400000000
602 302.3600000000
655 375.7300000000
698 383.7300000000
718 391.3200000000
730 404.7600000000
794 406.3900000000
836 413.3600000000
845 416.1100000000
879 419.4500000000
880 436.5100000000
926 440.2300000000
1034 442.2100000000
1093 453.3900000000
1100 461.7900000000
1235 462.3600000000
1247 487.7700000000
1266 499.8600000000
1322 501.8000000000
1397 508.5600000000
1441 511.1300000000
1448 522.6600000000
1543 527.5000000000
1665 538.3200000000
1784 539.3400000000
1844 540.7900000000
1914 556.4100000000
2376 569.1200000000
2679 571.5000000000
2813 582.0900000000
2821 608.7800000000
2983 626.9800000000
3025 630.5800000000
3124 641.9500000000
4764 643.6300000000
4941 644.0100000000
5034 650.3400000000
5059 650.4000000000
5069 656.2700000000
5076 663.4200000000
5193 665.0200000000
5241 676.8800000000
5640 686.7400000000
5680 688.3500000000
5698 688.8600000000
5714 695.1200000000
6345 703.7600000000
6473 705.6700000000
7065 707.7500000000
8093 798.5000000000
8113 816.2800000000
8129 817.2200000000
8155 824.8100000000
8212 848.1300000000
8301 849.3300000000
8351 853.0200000000
8534 853.1400000000
8625 855.4000000000
8654 864.8100000000
8677 867.0200000000
8795 867.1900000000
8806 874.1200000000
8847 874.5000000000
8850 878.4100000000
8861 879.0600000000
8922 881.2900000000
8976 898.0900000000
8999 898.5700000000
9011 905.9800000000
9024 914.5900000000
9040 916.1300000000
9072 918.7900000000
9088 920.1300000000
9109 927.7300000000
9124 938.5500000000
9197 946.2000000000
9261 949.4900000000
9273 960.7800000000
9458 960.9200000000
9795 976.2400000000
10150 979.6400000000
10526 979.8800000000
10915 987.9500000000
10970 991.6300000000
10979 996.2300000000
11112 1007.3300000000
11284 1024.7300000000
11792 1028.9700000000
14672 1032.3700000000
14681 1037.8600000000
14709 1043.1400000000
14772 1048.3200000000
14832 1050.6300000000
15177 1054.0600000000
22752 1055.8000000000
22879 1056.3600000000
22882 1062.3800000000
22920 1064.0600000000
22982 1077.3300000000
23544 1079.5600000000
25017 1083.0600000000
25353 1084.3200000000
25634 1086.5200000000
25908 1092.5400000000
27183 1094.7200000000
28678 1099.8300000000
29010 1120.7500000000
32107 1126.8000000000
33851 1127.0100000000
34446 1128.9200000000
34907 1129.7000000000
35073 1130.1600000000
35176 1135.6900000000
35328 1146.8100000000
35353 1156.3900000000
35398 1164.6300000000
35622 1169.5600000000
36095 1172.4900000000
36218 1180.6200000000
36266 1184.1900000000
37108 1187.7200000000
37235 1188.6100000000
39559 1192.1900000000
45275 1196.0100000000
46988 1207.4600000000
54927 1207.4900000000
54984 1208.8000000000
55500 1216.2600000000
65962 1220.0100000000
66678 1220.0900000000
72343 1221.4200000000
77482 1238.9800000000
77778 1239.2800000000
78246 1243.2600000000
78821 1257.0500000000
82955 1258.0200000000
93131 1264.0700000000
97022 1266.3100000000
100000 819.5900000000
evaluations raw_y
1 0.0000000000
2 5.9600000000
3 15.4400000000
6 16.1100000000
8 31.8700000000
9 39.5000000000
11 53.4600000000
19 64.4800000000
20 65.2000000000
22 84.2200000000
25 84.9600000000
45 216.1400000000
69 242.0200000000
86 247.0700000000
130 247.7400000000
149 376.3900000000
153 383.8700000000
170 389.4800000000
172 395.3500000000
182 413.3900000000
191 418.5200000000
197 425.3500000000
213 426.8900000000
237 435.5600000000
242 444.0800000000
244 464.5700000000
281 476.8600000000
327 496.7300000000
331 499.9500000000
386 505.6100000000
422 507.7100000000
490 517.8200000000
492 518.9000000000
518 532.6500000000
560 536.8500000000
622 540.8700000000
637 546.4000000000
656 557.4000000000
662 569.5600000000
665 575.1800000000
733 590.8300000000
773 591.1800000000
871 610.6900000000
896 619.1800000000
1120 628.3000000000
1166 636.0200000000
1292 638.7500000000
1303 653.2000000000
1313 655.5100000000
1323 656.7100000000
1333 673.1000000000
1380 698.6100000000
1442 705.2800000000
1459 730.7800000000
1485 742.4300000000
1500 745.7000000000
1595 753.6000000000
1634 767.0500000000
1639 771.3700000000
1748 776.0100000000
1813 786.0900000000
1909 795.3300000000
2034 795.3800000000
2102 801.2900000000
2428 802.0100000000
2433 816.2300000000
2452 817.0500000000
2453 834.1400000000
2609 838.0900000000
2632 838.2300000000
2648 845.7400000000
2859 852.9700000000
2949 865.4200000000
3174 870.3800000000
3388 871.6700000000
3439 873.1100000000
3541 883.4900000000
3553 884.2100000000
3968 891.5700000000
3981 902.9500000000
4654 905.4700000000
4902 907.9800000000
4948 915.5200000000
5026 931.8200000000
6127 937.0500000000
6317 1000.5300000000
6326 1021.4400000000
6349 1022.2400000000
6354 1031.0100000000
6484 1041.2400000000
7075 1049.9100000000
7142 1050.2600000000
7161 1066.9500000000
7203 1070.6500000000
7468 1073.1900000000
8511 1073.3900000000
8943 1081.5100000000
9088 1081.7200000000
9148 1088.4900000000
9294 1106.9800000000
10061 1107.4500000000
10280 1119.9200000000
10526 1128.0700000000
10581 1130.2000000000
10716 1133.3200000000
11325 1134.1100000000
11384 1134.4900000000
11842 1136.0700000000
11997 1148.3500000000
11999 1152.6100000000
12018 1154.7700000000
12197 1159.5000000000
12210 1161.2700000000
12366 1164.5700000000
12380 1167.7600000000
12676 1172.7500000000
13152 1173.6400000000
13826 1176.7400000000
13921 1179.6800000000
14524 1190.1700000000
14977 1190.6600000000
15082 1194.9100000000
15293 1195.9500000000
15553 1199.8200000000
15647 1200.1500000000
15793 1207.9700000000
15809 1209.9000000000
15885 1210.8600000000
16620 1211.4600000000
17198 1221.7300000000
17737 1226.3800000000
17742 1244.2700000000
26633 1244.7100000000
30755 1251.5500000000
50349 1252.9000000000
55655 1255.2400000000
61153 1258.7700000000
65082 1260.3200000000
72083 1267.7800000000
100000 1233.6500000000
evaluations raw_y
1 0.0000000000
2 36.3000000000
4 46.4300000000
13 53.8200000000
15 56.7800000000
19 79.9800000000
21 85.7400000000
23 97.4200000000
24 108.6700000000
26 112.9100000000
39 115.7400000000
42 196.0400000000
80 220.7100000000
98 235.7900000000
122 254.9100000000
124 260.0600000000
151 280.9100000000
199 287.8400000000
212 301.3500000000
223 311.9400000000
274 313.8800000000
277 325.1500000000
295 334.5800000000
316 342.8100000000
375 348.7000000000
381 359.8200000000
425 372.9200000000
431 381.4400000000
467 385.3500000000
486 411.8100000000
528 423.4500000000
548 432.4700000000
690 451.2600000000
708 564.7100000000
930 568.2500000000
987 571.1300000000
1011 574.9100000000
1107 576.8300000000
1109 588.6200000000
1113 612.2400000000
1148 628.4900000000
1218 629.9100000000
1227 646.6400000000
1252 654.0800000000
1308 666.3400000000
1322 672.1600000000
1337 672.4500000000
1355 686.0500000000
1408 690.1100000000
1418 696.6300000000
1453 697.5500000000
1525 698.7400000000
1616 704.1100000000
1634 717.6900000000
1648 722.0800000000
1654 722.4900000000
1882 728.1400000000
2122 729.5200000000
2214 755.0600000000
3463 763.2800000000
3661 763.5000000000
3817 763.7900000000
3831 777.7700000000
4042 781.1600000000
4114 782.8700000000
4335 786.7000000000
4349 802.5100000000
4464 820.1400000000
4681 830.4800000000
5091 834.2700000000
5230 876.7900000000
5292 886.0700000000
5310 893.1000000000
5316 899.2700000000
5373 902.2900000000
5401 916.8000000000
5483 923.9400000000
5527 939.5900000000
5671 940.9400000000
5778 941.4900000000
5845 949.8900000000
5972 951.1500000000
5989 952.2800000000
6079 958.5500000000
6108 964.7400000000
6688 965.0400000000
6738 972.2100000000
6900 975.8800000000
6937 980.2500000000
7362 985.3100000000
7718 990.5800000000
8789 1003.1500000000
8856 1011.9000000000
9236 1018.5600000000
9253 1019.5200000000
9569 1034.3500000000
13077 1035.3400000000
13083 1038.2800000000
13169 1040.5800000000
13205 1057.8800000000
15434 1062.3500000000
18455 1072.4800000000
18544 1073.6100000000
18727 1097.2500000000
21457 1099.9500000000
21608 1104.0800000000
22387 1107.4100000000
25008 1112.3400000000
25448 1114.6100000000
26058 1115.8000000000
26155 1118.4600000000
27769 1121.8900000000
28043 1129.4600000000
28273 1140.0000000000
28910 1140.0100000000
29150 1143.6800000000
29514 1147.7500000000
29753 1151.0700000000
30027 1153.3000000000
30104 1154.6500000000
30304 1156.4500000000
30390 1157.8700000000
30482 1158.7300000000
30522 1158.8600000000
34371 1159.6600000000
35075 1165.9100000000
35083 1180.4700000000
35981 1181.6200000000
39590 1185.0800000000
40766 1185.5900000000
40864 1192.0300000000
44809 1195.6400000000
45791 1205.8400000000
46880 1207.3300000000
46937 1208.1800000000
46941 1213.3200000000
47017 1229.4400000000
47056 1234.3000000000
47483 1234.8000000000
47604 1246.5900000000
50027 1248.6600000000
51030 1249.3900000000
54558 1252.9600000000
56207 1255.8900000000
67770 1260.7200000000
100000 1030.9900000000
evaluations raw_y
1 0.0000000000
2 23.9500000000
3 40.9500000000
4 46.8100000000
8 55.9800000000
9 79.7300000000
10 120.9700000000
17 124.6200000000
25 138.9100000000
36 144.3400000000
51 146.8200000000
66 169.2800000000
70 186.7800000000
77 201.0500000000
78 206.8500000000
82 210.5400000000
88 216.7900000000
124 238.4900000000
186 252.1900000000
227 278.0700000000
235 281.5000000000
241 288.2000000000
300 292.1700000000
303 297.0900000000
306 309.9500000000
308 337.5500000000
323 337.7800000000
336 347.1400000000
354 351.6100000000
366 365.1600000000
404 368.9900000000
420 387.3200000000
450 387.5300000000
545 390.8100000000
555 393.8100000000
664 396.3600000000
667 414.0600000000
697 419.2800000000
700 423.7300000000
772 433.3100000000
886 441.1200000000
887 453.5200000000
920 458.9500000000
929 461.9600000000
935 489.5600000000
954 498.4800000000
969 510.4100000000
982 522.1000000000
1174 524.7100000000
1288 560.1600000000
1349 574.2400000000
1373 584.5600000000
1375 599.5700000000
1401 600.3600000000
1415 602.1400000000
1446 614.3900000000
1617 614.5200000000
1632 616.9000000000
1635 629.4000000000
2026 688.2100000000
2075 702.5200000000
2132 707.4000000000
2160 718.7100000000
2170 720.9700000000
2244 734.4600000000
2254 739.2800000000
2262 745.3700000000
2281 754.5300000000
2293 755.4000000000
2331 764.1400000000
2345 765.4300000000
2463 769.7600000000
2471 786.4900000000
2835 798.9100000000
2843 803.3300000000
2927 810.0600000000
3392 825.0000000000
3945 826.9800000000
5375 833.0100000000
5425 833.2500000000
7533 835.1400000000
10343 838.1200000000
10883 889.5600000000
10896 925.1800000000
10898 936.9800000000
10915 940.9700000000
10950 949.8700000000
10963 953.0600000000
10983 953.2400000000
11004 955.2800000000
11022 966.5500000000
11024 967.5300000000
11055 968.4300000000
11059 972.6700000000
11067 976.9600000000
11068 992.7900000000
11085 997.6200000000
11297 1002.8400000000
11443 1003.1900000000
11534 1006.6200000000
11579 1020.0000000000
11594 1047.8300000000
13753 1047.9900000000
14394 1053.9800000000
16521 1058.2600000000
17030 1059.7100000000
17037 1063.0900000000
17042 1077.3400000000
18760 1090.2300000000
19216 1091.9200000000
19514 1092.7400000000
19637 1097.7700000000
19641 1098.4000000000
20217 1102.8100000000
20644 1103.6700000000
20849 1103.7700000000
20967 1114.1900000000
20968 1117.2700000000
21480 1118.1400000000
21611 1119.4300000000
21623 1119.9400000000
21714 1131.9400000000
21861 1138.4400000000
22077 1144.3100000000
22086 1148.0500000000
28920 1150.7800000000
30168 1153.8100000000
30212 1154.3200000000
30301 1154.7200000000
30546 1155.9700000000
30575 1160.9300000000
30576 1167.5100000000
30598 1180.4300000000
30688 1183.4200000000
30733 1185.1100000000
31391 1187.1300000000
31418 1189.0300000000
31509 1189.5400000000
31636 1196.9600000000
32420 1199.6400000000
32598 1202.1400000000
32628 1209.1300000000
32836 1210.6400000000
33116 1210.9200000000
33163 1215.5100000000
34542 1220.5000000000
36081 1222.5300000000
40404 1230.0900000000
58075 1230.8200000000
100000 1131.4900000000
evaluations raw_y
1 0.0000000000
2 8.6500000000
3 27.6300000000
5 52.7800000000
11 63.8400000000
13 71.4000000000
14 74.2700000000
19 77.4800000000
25 180.2400000000
37 208.1500000000
49 246.1000000000
58 255.3000000000
69 256.5000000000
75 263.1400000000
78 281.1200000000
80 312.4300000000
118 319.0600000000
128 336.9900000000
173 343.9400000000
222 344.9000000000
228 353.9600000000
271 377.7000000000
579 386.3600000000
581 391.7800000000
640 401.5600000000
647 406.4800000000
657 418.1200000000
716 419.0900000000
800 424.9300000000
801 450.2000000000
821 455.0800000000
861 464.4500000000
885 469.1200000000
920 474.3900000000
928 488.1000000000
958 509.8400000000
996 607.4400000000
1082 618.4900000000
1127 640.6900000000
1193 648.9400000000
1216 652.0000000000
1218 665.3500000000
3815 675.6400000000
3843 681.9300000000
3860 694.1100000000
3878 696.2400000000
3879 697.7500000000
3900 700.1700000000
3913 705.4600000000
3980 706.1900000000
3989 722.9600000000
4364 725.3500000000
4383 741.5600000000
4448 754.1000000000
4485 756.8500000000
4600 763.8900000000
4788 772.5700000000
5463 773.2800000000
5876 779.2100000000
5914 813.2700000000
5976 816.6400000000
5980 821.0500000000
5986 842.7900000000
6101 848.1600000000
6109 853.1900000000
6114 856.1900000000
6135 862.3700000000
6258 867.4300000000
6314 869.2200000000
6471 873.9500000000
6950 876.1900000000
7110 878.1400000000
7143 878.5400000000
7164 881.5500000000
7315 884.9700000000
7727 887.4300000000
7869 889.2200000000
7963 891.6300000000
7988 892.1700000000
8112 892.7100000000
8194 894.2800000000
8392 894.5300000000
8575 896.5100000000
8744 899.1100000000
8774 899.1200000000
8798 899.3200000000
8811 900.8300000000
8826 917.6100000000
8901 922.4000000000
8933 922.4500000000
8948 938.3400000000
9211 939.8000000000
9428 941.3600000000
9465 945.9400000000
9535 958.6600000000
9955 962.9000000000
10048 964.2400000000
10451 967.7500000000
12244 977.7300000000
12653 981.1600000000
12707 986.2600000000
12832 988.4200000000
12866 988.4800000000
12914 999.8600000000
13180 1007.9900000000
13525 1008.3800000000
13936 1010.1500000000
14076 1010.6200000000
14105 1015.4900000000
14177 1019.3600000000
14193 1026.2700000000
14228 1033.9700000000
14236 1041.4300000000
14377 1050.4100000000
14538 1052.4400000000
14777 1054.6500000000
15125 1062.7200000000
15244 1066.3800000000
15285 1070.2000000000
15335 1074.1400000000
15656 1076.2400000000
15716 1078.5300000000
15730 1083.0000000000
15787 1086.6100000000
16010 1097.0300000000
16181 1104.7300000000
16851 1104.7900000000
16886 1113.6600000000
19890 1136.1800000000
20171 1137.0500000000
20356 1147.0400000000
21480 1150.4100000000
21976 1160.7500000000
50819 1161.9300000000
51717 1165.8500000000
51978 1165.9400000000
52217 1171.4700000000
52552 1171.8200000000
52557 1179.3000000000
53264 1179.5300000000
55973 1180.3100000000
56240 1181.1900000000
56523 1184.2100000000
56853 1186.4900000000
57033 1187.1100000000
57468 1198.5100000000
57720 1198.6800000000
57728 1205.2800000000
58094 1210.2800000000
58679 1215.5200000000
60140 1217.3000000000
60319 1226.9100000000
79668 1227.5200000000
85234 1233.9000000000
93023 1237.2100000000
94339 1239.3700000000
100000 1158.2300000000
evaluations raw_y
1 0.0000000000
2 30.2000000000
5 39.5100000000
7 47.6000000000
12 54.3900000000
14 54.5800000000
16 64.1700000000
17 71.8300000000
18 210.1500000000
19 222.6500000000
20 227.0800000000
22 228.0500000000
26 228.1000000000
29 256.2300000000
35 259.9400000000
49 269.0900000000
73 272.4000000000
93 275.7100000000
110 279.9700000000
114 297.0100000000
210 430.7600000000
221 432.2000000000
254 433.3000000000
265 445.0500000000
275 458.0800000000
285 496.6200000000
293 498.0500000000
329 519.2200000000
339 524.8900000000
349 528.2500000000
386 531.2800000000
411 543.8400000000
424 544.4400000000
425 554.1100000000
426 559.9500000000
442 573.3000000000
451 587.9200000000
625 590.1100000000
660 598.9000000000
733 599.9600000000
765 612.9700000000
784 613.9500000000
795 619.8500000000
808 629.7900000000
842 632.5400000000
887 645.8900000000
889 650.0600000000
903 653.7100000000
956 677.2500000000
966 687.9300000000
1049 690.1000000000
1077 708.3500000000
1646 708.6800000000
1700 719.6700000000
1888 735.2700000000
2035 740.9000000000
2062 745.5800000000
2375 750.9100000000
2406 772.7100000000
3132 772.8000000000
3186 787.0100000000
3189 804.4600000000
3259 820.0800000000
3310 827.8900000000
3314 837.2000000000
3405 844.8000000000
3409 845.2300000000
3543 848.7900000000
3913 864.2300000000
4124 865.8200000000
4134 880.1200000000
4280 881.8900000000
4327 887.9600000000
4404 897.5000000000
4468 897.6400000000
4489 907.4500000000
4530 909.1700000000
4590 917.8900000000
4591 921.4500000000
4596 933.4600000000
5325 935.9700000000
6056 954.4800000000
8672 955.7000000000
8790 1000.4700000000
8814 1032.2100000000
9088 1045.3400000000
10009 1051.3900000000
10561 1053.2900000000
11284 1056.9200000000
13736 1060.1500000000
13759 1064.4000000000
13800 1073.9100000000
13986 1076.0900000000
13988 1088.0400000000
14018 1097.8500000000
14272 1102.1100000000
15325 1102.3200000000
15528 1103.2400000000
15986 1104.8400000000
16083 1118.9500000000
16832 1121.0700000000
18246 1121.9100000000
18334 1127.4800000000
18372 1137.9800000000
18780 1138.1300000000
18964 1147.6100000000
19106 1152.6400000000
20018 1153.2700000000
20228 1156.4900000000
20497 1156.8800000000
20874 1157.0200000000
21135 1164.0200000000
21806 1173.7400000000
21885 1179.3200000000
22246 1179.4800000000
22738 1186.1700000000
23871 1186.5800000000
24130 1191.4400000000
24384 1194.4500000000
26741 1200.1000000000
34913 1201.9200000000
37133 1203.2500000000
38727 1209.2900000000
40764 1216.2300000000
43739 1217.7200000000
43819 1221.4900000000
43848 1231.7500000000
44212 1236.3100000000
48370 1240.3800000000
51225 1241.0500000000
57279 1243.6400000000
88710 1253.6000000000
100000 1110.9200000000
evaluations raw_y
1 0.0000000000
2 9.2300000000
3 18.2100000000
4 34.2100000000
8 43.1600000000
18 44.0900000000
23 61.0400000000
26 73.8400000000
36 96.1800000000
43 106.2100000000
53 112.0000000000
59 114.6400000000
63 132.2200000000
86 135.2700000000
87 151.5200000000
90 161.2200000000
100 162.0400000000
116 174.2500000000
123 184.1600000000
132 191.7900000000
143 196.9900000000
153 207.0900000000
174 224.9200000000
203 232.9600000000
224 251.7900000000
243 258.9800000000
245 267.0900000000
257 321.5000000000
290 348.3200000000
304 356.7700000000
357 371.3500000000
361 375.7200000000
365 375.8700000000
445 380.1000000000
448 386.9900000000
471 407.4100000000
593 409.1300000000
648 412.0300000000
659 417.4000000000
717 418.5700000000
753 426.5100000000
836 439.6600000000
971 449.6200000000
980 455.0200000000
1083 457.2100000000
1195 472.0700000000
1355 475.1800000000
1383 484.6200000000
1396 484.6400000000
1418 485.0100000000
1432 509.9700000000
1715 513.1300000000
1901 559.4200000000
1916 564.5800000000
1943 572.8600000000
1960 579.7500000000
2104 579.9900000000
2126 582.9800000000
2132 634.7000000000
2800 637.2800000000
2857 654.0400000000
2883 673.8000000000
2950 684.1800000000
3137 692.2400000000
3147 710.1400000000
3216 717.0300000000
3268 722.9200000000
3711 731.0800000000
3713 738.6500000000
4610 740.4100000000
4752 741.5000000000
4955 750.0700000000
5395 751.1600000000
5572 752.3900000000
5937 754.7700000000
5940 762.4400000000
6046 773.8100000000
6136 781.3300000000
6186 781.5200000000
6226 786.0300000000
6519 788.1900000000
6630 790.1800000000
6805 792.5500000000
6900 797.1200000000
6947 807.0700000000
7613 816.0400000000
7647 828.8100000000
8351 835.2400000000
8739 836.1900000000
8916 843.1400000000
8950 843.8500000000
9851 850.4200000000
9899 853.6500000000
9946 860.6800000000
9949 869.4300000000
10123 874.0700000000
10235 875.0800000000
10254 879.1700000000
10298 881.2200000000
10370 890.3900000000
10410 891.5800000000
10464 899.4300000000
10586 900.7200000000
10667 906.5600000000
10941 908.7300000000
11173 919.8200000000
11334 931.8800000000
11476 938.6800000000
12089 945.5700000000
13648 947.7600000000
13944 951.9100000000
14051 972.7800000000
14186 973.2800000000
14290 979.0800000000
14447 979.3500000000
14476 984.7400000000
14523 986.9300000000
14661 1006.6600000000
14747 1008.4400000000
14758 1009.4600000000
14766 1014.2700000000
14798 1016.4800000000
15085 1021.4000000000
15184 1022.5300000000
15591 1029.1400000000
15852 1032.7300000000
15963 1038.4600000000
16093 1044.8200000000
16182 1054.3100000000
16336 1058.6000000000
16361 1076.8600000000
16443 1078.9000000000
16502 1081.6900000000
16582 1086.9000000000
16605 1090.1900000000
16817 1095.4800000000
17128 1096.5400000000
17494 1098.6000000000
17947 1102.1900000000
19936 1124.1400000000
20231 1135.4800000000
20352 1142.9000000000
20848 1143.3600000000
21060 1158.3700000000
21118 1180.2000000000
21132 1192.3000000000
21585 1203.9600000000
22015 1212.5500000000
22257 1217.2000000000
39680 1227.7000000000
39928 1239.5700000000
39941 1241.1600000000
39977 1241.5300000000
40326 1246.1300000000
40568 1248.6800000000
41242 1252.8700000000
46131 1257.0300000000
46518 1261.3600000000
50277 1263.3500000000
65843 1274.9900000000
65858 1275.7500000000
66130 1277.9600000000
66171 1278.9400000000
72124 1289.7100000000
100000 948.8800000000
evaluations raw_y
1 0.0000000000
2 20.9500000000
3 23.1800000000
4 55.6000000000
5 63.4000000000
10 67.4200000000
11 69.8800000000
14 83.4600000000
26 87.4200000000
54 112.0400000000
55 120.0400000000
57 142.0800000000
58 151.6600000000
69 158.7600000000
70 163.0200000000
101 172.5500000000
105 189.5900000000
111 195.6100000000
113 214.8000000000
142 250.4100000000
146 258.3300000000
147 347.4500000000
151 369.3300000000
154 376.6700000000
168 387.3400000000
183 397.5900000000
194 401.1600000000
229 404.1800000000
266 408.2400000000
272 413.2200000000
282 422.9600000000
340 431.9400000000
356 436.8600000000
360 472.3400000000
392 480.1800000000
435 506.1800000000
469 517.6900000000
486 519.0000000000
495 530.8800000000
521 533.2800000000
558 548.3400000000
609 559.0700000000
626 582.8700000000
714 586.9500000000
1033 593.3200000000
1074 597.7200000000
1091 598.5500000000
1245 609.5800000000
1567 623.0000000000
1760 626.7100000000
1799 634.6100000000
1803 636.9400000000
1853 650.7900000000
1878 651.7500000000
1890 658.0400000000
1904 672.8300000000
1915 679.1200000000
2021 692.3500000000
2024 696.1800000000
2063 696.9600000000
2152 699.2700000000
2161 700.6300000000
2169 721.9100000000
2205 725.5100000000
2239 727.5700000000
2244 738.5800000000
2360 738.7900000000
2689 744.9300000000
2721 748.9200000000
2763 751.6700000000
2987 762.3900000000
3139 766.8100000000
3149 777.3600000000
3325 789.8200000000
3892 790.5600000000
4457 795.0500000000
4574 814.0700000000
5509 819.9300000000
6035 825.1200000000
6103 834.0600000000
6269 842.2700000000
6319 849.6100000000
6323 855.5600000000
6406 860.0800000000
6421 866.3500000000
6448 877.1900000000
6502 894.4700000000
6572 897.8100000000
6600 899.1000000000
6601 912.2900000000
6675 913.9700000000
6862 926.1700000000
7568 934.0100000000
8572 934.7100000000
9432 941.0300000000
9949 946.9800000000
10210 949.0100000000
10236 949.9500000000
10265 974.9200000000
10408 981.3700000000
10456 983.5000000000
10575 989.8900000000
10654 1033.5800000000
10661 1047.6700000000
10813 1055.2000000000
11055 1056.2700000000
11067 1062.1800000000
11080 1078.4100000000
11209 1084.9100000000
16977 1088.1000000000
19024 1095.3500000000
19706 1097.1700000000
20514 1098.6100000000
20574 1100.1300000000
20898 1105.6000000000
24445 1108.2900000000
25678 1109.5200000000
26656 1110.1800000000
26732 1127.3000000000
27902 1127.8500000000
30052 1141.6800000000
34294 1142.3400000000
34462 1150.3400000000
34577 1160.0000000000
34582 1169.7200000000
35114 1171.0700000000
35217 1172.6300000000
35412 1180.7700000000
38191 1182.4600000000
39616 1194.5900000000
41150 1197.7500000000
41728 1212.0200000000
50005 1213.4700000000
50469 1219.8400000000
52051 1224.6500000000
53726 1235.2500000000
57861 1236.4400000000
58052 1237.1800000000
58799 1237.9100000000
61448 1241.9200000000
62858 1244.6600000000
63517 1252.5200000000
84861 1253.3700000000
95360 1255.3400000000
100000 957.9500000000
evaluations raw_y
1 0.0000000000
2 5.1900000000
3 10.0200000000
5 14.9400000000
11 26.1700000000
14 27.2700000000
15 41.3400000000
16 83.8100000000
20 110.1100000000
26 111.9700000000
28 137.7900000000
51 152.9300000000
62 161.7000000000
69 173.6800000000
76 175.3100000000
85 183.4600000000
89 190.0200000000
145 199.5600000000
204 212.4300000000
235 229.0200000000
252 237.9500000000
271 261.3600000000
285 266.0000000000
345 267.5600000000
350 268.6800000000
352 278.2900000000
357 280.7100000000
366 302.9400000000
369 306.5700000000
376 332.9300000000
379 334.4000000000
403 335.0600000000
417 339.1000000000
419 346.1600000000
441 353.3100000000
446 365.0600000000
512 377.6100000000
548 378.1400000000
554 384.7400000000
584 388.5600000000
588 406.7600000000
637 419.9400000000
663 434.3400000000
705 445.0200000000
763 448.6200000000
920 461.2100000000
1122 530.5700000000
1160 547.7200000000
1161 551.1000000000
1165 564.3800000000
1207 593.3400000000
1209 606.1600000000
1229 620.3400000000
1235 625.3000000000
1240 625.9600000000
1298 628.1000000000
1402 643.3200000000
1426 646.0900000000
1490 648.4700000000
1538 660.6900000000
1777 660.8500000000
2089 667.1700000000
2092 669.6800000000
2375 672.6100000000
2513 686.6400000000
2551 721.9200000000
3203 723.3000000000
5527 729.3200000000
5596 735.8200000000
5625 745.8000000000
5628 746.4400000000
5634 769.6500000000
5831 778.7200000000
5959 783.6800000000
6960 786.6000000000
7065 788.5100000000
7070 794.9400000000
7106 797.3100000000
7165 799.0400000000
7221 801.1500000000
7253 806.1700000000
7442 809.6400000000
7466 829.9300000000
7520 832.4200000000
7613 840.0000000000
7684 845.7300000000
7737 853.6000000000
7743 860.9300000000
7957 864.6300000000
8786 869.7500000000
9063 879.0100000000
9379 879.3100000000
9489 883.8600000000
9765 890.5100000000
9865 899.5500000000
9930 904.4100000000
10011 905.0500000000
10062 905.3500000000
10100 917.6100000000
10123 921.8400000000
10189 923.4400000000
10219 935.8200000000
10289 953.7500000000
10370 962.7300000000
10462 973.0600000000
10493 974.3200000000
10750 975.5900000000
10796 976.5600000000
10802 979.1600000000
10857 979.8600000000
10940 983.7500000000
11035 984.9500000000
11201 990.4100000000
11204 994.8600000000
11262 996.3500000000
11274 1001.4500000000
12253 1007.2400000000
14634 1011.6800000000
15090 1017.0700000000
15198 1021.9800000000
15299 1025.0200000000
15302 1027.7400000000
15437 1028.6800000000
15525 1035.5000000000
15943 1038.6100000000
16342 1039.0300000000
16380 1057.0300000000
16593 1061.0400000000
16628 1071.8100000000
17079 1073.4900000000
17223 1078.0400000000
17771 1078.8300000000
18274 1089.1400000000
20955 1104.6000000000
20962 1105.8200000000
21022 1108.6500000000
21066 1130.1000000000
21106 1130.8100000000
21577 1131.1400000000
21704 1139.3300000000
21911 1141.3300000000
21927 1144.0700000000
21993 1150.0700000000
22341 1158.2500000000
22823 1164.0000000000
23842 1167.0800000000
24327 1170.1100000000
27186 1170.7000000000
28448 1171.2200000000
29345 1174.7200000000
29493 1177.9200000000
32583 1178.0900000000
33302 1181.8000000000
36032 1184.7300000000
36225 1191.7400000000
36301 1192.5000000000
37044 1202.1400000000
37285 1202.2600000000
43285 1209.0000000000
45139 1210.9200000000
45882 1214.0800000000
47517 1214.4900000000
47681 1216.7800000000
47690 1218.8700000000
48345 1226.8500000000
50815 1227.8000000000
51340 1236.3700000000
90604 1244.0900000000
91155 1246.6000000000
91550 1251.8300000000
92635 1253.8700000000
95457 1254.2200000000
98777 1257.6800000000
100000 977.1000000000
evaluations raw_y
1 0.0000000000
2 6.7700000000
3 16.7700000000
9 25.6200000000
15 40.0000000000
21 42.2700000000
22 44.5700000000
27 44.6200000000
28 56.0200000000
30 75.6200000000
32 81.5400000000
38 105.6000000000
42 115.7500000000
48 120.3900000000
50 122.8300000000
51 134.7200000000
85 148.6600000000
133 149.6700000000
139 153.8000000000
153 155.3000000000
161 183.6500000000
170 208.5600000000
216 229.5900000000
221 237.4000000000
226 251.3500000000
244 252.7500000000
270 254.4300000000
271 289.7700000000
323 303.3900000000
344 306.2800000000
348 311.1500000000
358 325.8000000000
396 341.4200000000
444 351.3200000000
514 359.8200000000
521 371.6900000000
550 385.4000000000
583 395.4600000000
656 396.4400000000
663 400.5100000000
715 415.5400000000
1022 420.8900000000
1181 448.5200000000
1195 465.1500000000
1232 465.7000000000
1236 473.6100000000
1343 490.5700000000
1351 505.0700000000
1394 508.7000000000
1505 527.1400000000
2301 532.0200000000
2749 532.1500000000
2860 539.5400000000
2964 551.1900000000
2971 554.0100000000
2983 560.1600000000
3051 566.0700000000
3259 568.3300000000
3278 640.5300000000
3280 642.6500000000
3319 643.6800000000
3451 659.0200000000
3465 664.6100000000
3829 672.4500000000
4600 679.1000000000
5036 682.6300000000
5747 685.0200000000
5754 705.3100000000
6739 712.1300000000
6894 714.5800000000
6940 727.0400000000
6952 736.4400000000
6963 747.7800000000
7977 749.0500000000
8254 758.1400000000
9791 765.0300000000
9822 768.6700000000
10092 771.6700000000
10103 772.7700000000
10436 777.2400000000
10504 779.0700000000
10978 779.7200000000
11256 786.3700000000
11272 805.3500000000
11392 807.9800000000
11566 809.9700000000
11692 811.0000000000
11823 815.5400000000
11899 825.3600000000
12038 830.1400000000
12102 841.8000000000
12514 843.3700000000
12669 843.6700000000
12703 864.8500000000
12995 873.0900000000
12998 874.6900000000
13022 879.5200000000
13162 889.9000000000
13529 891.2600000000
13781 895.8400000000
13893 898.6100000000
13954 906.6800000000
14163 910.3400000000
14493 913.2600000000
14646 927.2500000000
15148 928.2700000000
15234 939.1600000000
15297 939.3600000000
16925 941.8600000000
16983 947.5400000000
17117 947.7800000000
17630 962.3900000000
17735 964.4600000000
18032 966.1000000000
18091 968.7800000000
18120 974.1400000000
18285 978.4800000000
18292 980.5100000000
18323 992.8000000000
18829 994.8700000000
18981 994.9200000000
19113 1004.6000000000
19647 1009.8800000000
20219 1012.2900000000
20846 1016.7100000000
20853 1018.2500000000
21317 1031.9200000000
22474 1031.9400000000
22957 1036.2300000000
23108 1037.0300000000
23186 1051.7500000000
24560 1055.4900000000
25536 1065.1200000000
28273 1096.4000000000
28332 1108.7000000000
28456 1109.0400000000
28729 1111.9200000000
28884 1117.5100000000
30458 1120.2400000000
30583 1124.2800000000
31334 1129.1200000000
31864 1130.5900000000
32373 1132.7600000000
32440 1138.7000000000
32470 1140.7500000000
32678 1142.1500000000
32776 1164.9200000000
33649 1167.9200000000
34870 1168.1800000000
34877 1171.3900000000
38225 1171.7900000000
46807 1174.0900000000
47041 1178.2100000000
47124 1182.0200000000
47168 1188.4000000000
47430 1198.8300000000
47611 1199.9700000000
48500 1207.8500000000
48503 1209.9200000000
48561 1210.0800000000
48656 1215.1000000000
48681 1218.0500000000
49205 1218.8400000000
49219 1220.4200000000
49431 1222.1800000000
50466 1224.6300000000
50578 1227.2200000000
56574 1229.0900000000
59665 1242.5500000000
70244 1242.6300000000
71227 1249.4400000000
72051 1250.9100000000
73669 1252.8700000000
76717 1254.8600000000
78243 1255.0800000000
86595 1258.8500000000
91083 1261.3000000000
100000 656.9900000000
evaluations raw_y
1 0.0000000000
2 5.7300000000
3 13.1200000000
4 21.0000000000
6 23.9100000000
9 46.1000000000
10 57.6300000000
17 58.7500000000
19 69.4500000000
22 79.1100000000
23 110.2800000000
32 120.6600000000
38 125.8300000000
47 145.6500000000
60 172.3700000000
85 181.1000000000
95 191.2300000000
98 220.5700000000
145 224.0100000000
152 235.4300000000
174 251.3600000000
177 259.8900000000
188 265.7700000000
240 276.0400000000
261 280.4800000000
279 287.3000000000
294 303.7300000000
299 326.6300000000
377 328.1800000000
416 329.4700000000
417 331.7100000000
446 334.1600000000
455 344.4800000000
472 352.7900000000
546 354.6000000000
550 372.5500000000
563 380.9600000000
587 397.6700000000
653 399.3700000000
673 409.3400000000
716 413.8800000000
727 416.8400000000
746 429.3800000000
876 436.4100000000
892 436.6800000000
904 443.7300000000
914 446.4100000000
1005 472.1900000000
1092 475.3400000000
1345 475.5400000000
1408 486.3300000000
1413 492.3800000000
1461 512.0100000000
1464 514.6200000000
1588 530.7300000000
1613 549.4900000000
1629 558.1100000000
2121 564.4100000000
2590 570.8000000000
2601 579.5300000000
2604 601.6300000000
3009 612.1200000000
3034 639.4100000000
3182 642.1300000000
3220 646.2500000000
3415 649.7000000000
3421 658.3400000000
3700 660.5600000000
3738 661.7100000000
3758 672.0000000000
4193 677.8200000000
4423 684.2300000000
5130 692.5900000000
5947 699.2400000000
6191 700.5300000000
6222 706.7800000000
6254 711.3000000000
6277 720.1000000000
6302 729.3100000000
6487 729.7300000000
6509 736.8100000000
6663 748.0200000000
6688 753.9500000000
6874 757.8800000000
6895 762.7900000000
6944 768.3500000000
6953 775.3500000000
7063 779.4600000000
7106 782.7500000000
7141 792.6100000000
7166 797.9700000000
7274 805.5800000000
7326 806.5900000000
7385 808.8300000000
7412 824.3200000000
7435 838.7000000000
7477 838.8700000000
7495 845.5000000000
7524 865.8900000000
7771 877.1600000000
7881 881.6100000000
7906 897.6400000000
8042 897.8400000000
8063 904.3800000000
8099 905.2200000000
8190 905.6500000000
8243 907.4400000000
8289 928.1300000000
9039 932.1900000000
9080 937.3800000000
9238 937.6200000000
9282 969.8000000000
9833 973.2100000000
9916 976.6600000000
10158 982.5000000000
10179 990.2100000000
10213 1002.1800000000
10339 1003.1200000000
10354 1024.1900000000
10488 1031.6200000000
11033 1037.3400000000
11929 1040.5900000000
12123 1041.6100000000
12130 1042.0400000000
12231 1043.3600000000
12403 1069.0500000000
14401 1072.1200000000
16591 1074.3400000000
16635 1080.2200000000
16659 1081.6500000000
16674 1082.2300000000
17504 1084.0400000000
18186 1087.1900000000
23372 1089.7900000000
30135 1091.1500000000
30159 1093.4000000000
30352 1094.9100000000
30600 1099.4700000000
30620 1100.4700000000
30680 1103.2800000000
30749 1113.7300000000
31093 1114.4500000000
31469 1116.5000000000
31736 1126.8100000000
36931 1127.1300000000
47033 1128.2900000000
51739 1130.1500000000
59841 1130.9400000000
60727 1137.3600000000
71091 1140.3400000000
71452 1143.3900000000
71734 1145.1400000000
71735 1157.8400000000
71825 1162.8300000000
72422 1167.3400000000
72526 1170.6700000000
72539 1178.8000000000
72734 1179.4100000000
72763 1182.4700000000
72809 1186.2500000000
72910 1192.6100000000
73114 1198.5800000000
73650 1216.9000000000
74155 1220.1900000000
78228 1222.2900000000
82640 1222.8500000000
86866 1228.2000000000
89996 1235.4200000000
100000 1119.0500000000
evaluations raw_y
1 0.0000000000
2 4.5800000000
3 5.2300000000
4 21.5700000000
6 39.4900000000
9 41.1100000000
10 52.9100000000
12 57.5400000000
15 58.0800000000
23 81.4200000000
35 82.9900000000
45 105.5500000000
63 108.9900000000
65 112.7600000000
66 114.9700000000
79 137.2900000000
85 166.9500000000
105 195.2300000000
137 210.5300000000
210 211.0800000000
211 213.8100000000
240 218.6600000000
267 239.5600000000
292 275.4400000000
471 277.9400000000
516 281.9300000000
518 284.9000000000
538 287.9900000000
553 291.3400000000
560 310.5500000000
856 310.5800000000
859 333.1200000000
1255 341.9000000000
1259 355.0000000000
1264 363.7400000000
1265 368.4800000000
1351 375.0000000000
1431 379.0700000000
1433 380.8300000000
1464 389.8300000000
1567 416.7100000000
1844 421.9700000000
1865 430.7700000000
1870 442.4900000000
1881 453.0300000000
1900 464.2200000000
2043 475.8900000000
2100 493.7600000000
2145 495.7400000000
2147 520.0600000000
2259 529.0100000000
2262 537.6900000000
2295 554.4500000000
2388 579.5400000000
2503 589.6500000000
2587 597.0300000000
2670 633.5500000000
2672 648.7600000000
2731 666.5100000000
2735 677.3500000000
2790 691.5100000000
2791 696.0300000000
2918 699.1200000000
2940 726.6500000000
3085 727.1200000000
3194 730.3100000000
3225 736.8900000000
3242 747.1500000000
3304 752.8400000000
3345 753.5200000000
3399 773.1800000000
3658 788.3100000000
3722 814.3700000000
3798 833.3300000000
3922 836.4000000000
5406 839.5800000000
5809 841.1200000000
6270 844.4000000000
6356 879.3300000000
6405 900.8000000000
6537 909.5400000000
6665 917.7000000000
6729 921.2100000000
6746 926.3900000000
6757 939.0100000000
6883 942.7600000000
6911 957.0000000000
7012 968.9500000000
7070 975.7300000000
7147 986.4500000000
7626 992.0200000000
7857 993.6300000000
8058 998.1100000000
8142 999.8500000000
8154 1000.6600000000
8156 1011.4000000000
8216 1013.5500000000
8272 1013.7900000000
8546 1020.3700000000
9358 1021.0300000000
9686 1021.9000000000
9745 1037.6300000000
9769 1110.3100000000
9882 1113.8500000000
10015 1130.5100000000
12878 1133.9900000000
22930 1136.6000000000
23007 1137.4500000000
23047 1145.7900000000
23157 1150.9200000000
24072 1151.0000000000
24322 1153.5100000000
24500 1155.3100000000
24637 1159.8700000000
26381 1161.3000000000
26579 1161.8800000000
27306 1168.6600000000
33171 1171.3300000000
45160 1172.4600000000
45580 1173.1500000000
46071 1177.8600000000
46862 1182.5100000000
47048 1184.6200000000
47898 1189.9200000000
48982 1192.1600000000
49330 1192.5800000000
50358 1194.7300000000
51165 1195.2300000000
51354 1199.7200000000
52713 1200.7800000000
53131 1203.2000000000
54116 1206.1600000000
54553 1214.1000000000
55023 1217.7500000000
55111 1217.8800000000
55845 1222.6300000000
55871 1228.5200000000
56364 1229.3300000000
56732 1229.7900000000
57047 1231.4300000000
57321 1232.0400000000
57477 1234.3800000000
57601 1236.6700000000
57616 1238.3400000000
58165 1244.8600000000
58249 1246.4900000000
58271 1247.5500000000
58435 1251.9700000000
76359 1256.2700000000
76880 1258.3600000000
100000 960.7700000000
evaluations raw_y
1 0.0000000000
2 8.9000000000
3 14.3800000000
6 23.4500000000
7 33.6100000000
12 37.7600000000
15 90.9800000000
20 117.5100000000
93 121.5100000000
99 132.2300000000
101 135.6400000000
113 142.2900000000
124 170.3500000000
129 195.4100000000
142 205.1200000000
160 228.5600000000
219 234.8700000000
232 240.4900000000
247 249.3300000000
272 270.3300000000
299 277.9700000000
337 302.7800000000
391 306.3900000000
444 306.9100000000
455 311.4800000000
496 316.4700000000
523 316.6900000000
532 326.6400000000
585 328.3700000000
617 349.2800000000
653 358.8800000000
821 363.3100000000
845 374.6800000000
862 377.4100000000
893 381.9000000000
913 397.5000000000
930 419.9400000000
1091 427.5000000000
1107 443.5700000000
1127 445.1300000000
1168 482.7200000000
2131 489.5100000000
2234 492.9600000000
2252 533.8900000000
2286 539.2500000000
2346 551.9400000000
2378 556.3400000000
2405 559.6100000000
2413 568.6900000000
2419 582.3900000000
2442 593.4600000000
2602 611.5100000000
2611 633.5200000000
2915 648.3100000000
3355 655.0800000000
3357 656.0100000000
3415 678.8600000000
3482 700.8800000000
4165 702.9600000000
4168 715.7300000000
4220 720.3400000000
4256 724.6500000000
4361 727.1000000000
4398 730.2100000000
5675 733.0700000000
5688 746.4800000000
5749 753.1300000000
5766 753.8200000000
5789 754.9100000000
5830 756.9400000000
5856 761.7800000000
5927 777.1300000000
5929 777.4500000000
5937 781.6400000000
5968 785.1800000000
6085 797.7200000000
6499 800.7500000000
6524 802.0000000000
6553 805.2900000000
6557 819.9300000000
6577 825.9100000000
6777 832.6400000000
6779 844.2500000000
6802 846.5500000000
7140 847.6700000000
7172 864.4400000000
7798 870.4600000000
7809 897.0600000000
7863 897.2200000000
7881 915.4400000000
8421 920.2500000000
8762 923.4900000000
8876 936.4100000000
9997 939.1200000000
10231 946.2600000000
11533 950.6200000000
11761 952.4200000000
11801 959.0900000000
11805 982.6300000000
11960 988.3100000000
14787 988.5800000000
14819 1000.3500000000
15074 1002.5900000000
15077 1008.4700000000
15141 1014.4600000000
15170 1025.1900000000
15553 1026.7900000000
15678 1030.7100000000
15684 1032.1600000000
15838 1038.1800000000
17076 1050.2200000000
17615 1053.3900000000
17825 1054.6700000000
18867 1062.9600000000
19035 1063.0500000000
19686 1064.0200000000
20204 1064.7300000000
20235 1065.4700000000
20346 1074.2100000000
21601 1074.5900000000
22132 1075.5000000000
22240 1078.2300000000
22258 1078.2700000000
22335 1079.9800000000
22440 1080.4900000000
22505 1082.2400000000
22520 1085.8500000000
23861 1087.5400000000
25388 1090.7100000000
25674 1092.5600000000
26008 1095.0500000000
26172 1098.6700000000
26463 1102.4700000000
26940 1105.4000000000
27040 1112.3000000000
27835 1119.4800000000
30280 1121.5500000000
35268 1121.9700000000
35909 1122.0400000000
36229 1128.7300000000
36246 1140.0600000000
36543 1140.2600000000
36549 1142.2000000000
36577 1145.3500000000
36896 1148.9200000000
37758 1151.9700000000
37787 1160.3700000000
37870 1161.7300000000
37877 1163.8100000000
37937 1172.0100000000
38715 1185.6600000000
40876 1191.6800000000
43770 1202.0000000000
43820 1202.3100000000
44384 1204.3000000000
46095 1204.9600000000
46281 1210.8600000000
46346 1212.1700000000
46417 1213.1400000000
46973 1216.8400000000
47250 1219.5600000000
47339 1221.8600000000
47378 1224.2500000000
47543 1224.7900000000
48351 1229.2900000000
51629 1231.8000000000
57290 1231.9600000000
58917 1232.6000000000
65425 1232.6700000000
67780 1236.4700000000
70599 1239.3600000000
76021 1243.8000000000
76831 1258.2700000000
89281 1261.5200000000
100000 1178.8100000000
evaluations raw_y
1 0.0000000000
2 2.2600000000
3 2.9300000000
4 16.4200000000
5 20.0500000000
7 20.5000000000
8 41.8300000000
10 60.7100000000
15 78.7300000000
16 90.4100000000
20 103.7400000000
22 105.3000000000
50 111.8800000000
52 121.4600000000
54 126.3200000000
67 143.9700000000
68 144.8500000000
79 182.4100000000
81 188.7400000000
101 203.7400000000
114 256.8300000000
117 267.4900000000
135 279.3500000000
149 283.3800000000
195 293.3600000000
229 310.5000000000
343 321.5500000000
473 336.2500000000
824 349.9900000000
899 350.8800000000
950 354.4600000000
1122 371.7400000000
1567 399.2300000000
1600 417.1700000000
1701 420.0900000000
1740 432.4800000000
1781 436.9300000000
1787 452.5400000000
1801 468.2200000000
1828 475.5900000000
1922 480.0500000000
1984 491.3300000000
2067 493.9200000000
2120 494.5600000000
2164 507.5100000000
2196 516.0800000000
2259 522.1300000000
2484 529.6800000000
2779 549.2400000000
2798 586.5600000000
2799 604.8800000000
2892 605.7400000000
3378 627.6100000000
3385 632.1300000000
3423 636.4000000000
3463 648.1200000000
3474 648.4200000000
3658 666.9300000000
3695 667.5800000000
3740 674.1800000000
3834 678.4000000000
3855 691.4400000000
3895 705.2300000000
3989 718.4600000000
4101 727.1200000000
4202 734.3800000000
4385 737.0700000000
4395 753.8100000000
4409 755.4500000000
4429 769.5500000000
4517 770.0100000000
4535 788.1600000000
4539 820.6000000000
4548 834.5300000000
4569 848.1300000000
4646 854.8900000000
4987 856.4200000000
4996 864.0800000000
5044 875.0100000000
5248 884.2200000000
5499 890.8900000000
5652 895.2500000000
5847 895.9600000000
5899 898.4600000000
5937 909.4700000000
6022 915.4500000000
6028 933.1100000000
6238 937.7300000000
6286 938.9500000000
6294 954.0000000000
6303 981.2300000000
7822 986.2000000000
8911 1004.1100000000
14285 1012.7000000000
14608 1018.6500000000
15467 1094.6800000000
15629 1101.1500000000
15908 1114.0700000000
16416 1115.4500000000
16595 1118.0300000000
17686 1119.7800000000
18269 1123.7900000000
18382 1125.2700000000
19393 1127.9000000000
19611 1129.2100000000
19864 1136.0100000000
19879 1143.0100000000
20159 1145.2500000000
20547 1149.7200000000
22927 1150.2300000000
24473 1150.3500000000
26191 1150.6900000000
26259 1170.8200000000
26542 1171.5800000000
26556 1173.0200000000
26606 1173.2000000000
26609 1173.6700000000
26691 1177.1200000000
26915 1181.7100000000
26989 1191.5500000000
27140 1196.9500000000
27225 1198.0900000000
27323 1198.2300000000
27538 1198.6900000000
27591 1205.7700000000
27780 1211.9900000000
27976 1213.4500000000
30272 1217.1300000000
30329 1217.8400000000
30355 1217.9600000000
30483 1218.0300000000
30508 1226.3000000000
30515 1226.9400000000
30561 1227.1700000000
30613 1238.8500000000
31211 1239.6200000000
32197 1244.9600000000
32503 1246.4400000000
33302 1249.0800000000
33613 1251.7400000000
35096 1252.6500000000
35302 1255.4600000000
41028 1258.3200000000
42178 1260.1900000000
44716 1265.5300000000
82579 1271.3500000000
88271 1273.2000000000
88972 1277.8500000000
92985 1286.7000000000
100000 1195.1700000000
evaluations raw_y
1 0.0000000000
2 4.8700000000
3 26.4200000000
6 39.8700000000
11 41.0500000000
12 67.9200000000
26 68.2300000000
27 101.0700000000
37 106.1800000000
39 110.7300000000
57 135.1700000000
92 135.3200000000
94 144.9300000000
96 149.6700000000
114 154.4000000000
124 155.6300000000
131 162.0200000000
144 167.9800000000
156 199.5700000000
202 264.6400000000
223 269.6000000000
234 278.8100000000
257 293.9500000000
279 297.9100000000
298 300.8300000000
314 314.3000000000
344 322.9700000000
356 346.4000000000
375 351.4900000000
620 354.5100000000
656 357.9700000000
664 362.0000000000
669 374.0000000000
682 396.7200000000
683 408.6300000000
685 410.2500000000
746 424.3000000000
762 438.0600000000
975 447.1000000000
1013 447.6800000000
1024 463.6800000000
1067 479.0900000000
1116 518.0700000000
1129 525.7300000000
1156 541.5500000000
1161 552.3800000000
1164 558.4300000000
1190 560.9800000000
1197 583.0000000000
1205 591.1800000000
1500 606.8600000000
1604 613.3700000000
1708 621.6500000000
1791 627.3600000000
1797 655.5600000000
1801 673.2400000000
1822 673.3100000000
1841 689.8000000000
1875 692.1900000000
1909 697.3900000000
1926 698.5500000000
2229 701.8900000000
2245 703.3400000000
2501 718.4300000000
3940 731.0600000000
4436 753.2300000000
4527 772.7500000000
4725 782.5900000000
4766 791.1100000000
4950 793.9700000000
5563 795.1600000000
5579 799.7300000000
5590 799.8700000000
5633 817.8000000000
5652 818.6000000000
5717 826.8900000000
8193 830.7900000000
8200 831.9400000000
8268 833.3300000000
8407 835.5400000000
8444 840.9600000000
8623 844.2900000000
8708 875.0300000000
8715 906.2600000000
8900 920.0200000000
8901 926.0000000000
9458 932.0100000000
9514 936.9600000000
9624 952.2700000000
9672 960.5400000000
9744 970.6300000000
10671 981.2900000000
10696 1004.4700000000
11589 1004.7300000000
11593 1006.2700000000
12023 1006.6800000000
12326 1028.3500000000
13411 1036.9200000000
13421 1040.9900000000
13495 1051.0700000000
14164 1055.1600000000
14402 1062.1700000000
14608 1063.1900000000
14613 1066.6300000000
14622 1068.9900000000
14624 1069.7900000000
14638 1071.8100000000
14756 1073.6500000000
14818 1087.0800000000
17826 1087.6900000000
17854 1119.8200000000
18460 1121.0300000000
18522 1124.3500000000
18897 1132.4200000000
20375 1145.1000000000
21097 1156.5300000000
27002 1160.0900000000
27424 1165.1700000000
27480 1182.7700000000
42557 1183.1100000000
43235 1185.3900000000
45696 1189.6800000000
45841 1192.6300000000
46450 1201.9800000000
46884 1207.0900000000
48432 1208.4300000000
49229 1209.9800000000
49275 1217.2900000000
49284 1217.8700000000
50217 1220.1100000000
50239 1220.7200000000
50495 1226.3200000000
52760 1227.9000000000
56264 1230.1400000000
56886 1230.4700000000
56904 1233.3500000000
57391 1238.8300000000
63455 1246.9800000000
74913 1264.0700000000
80907 1264.3700000000
83519 1273.5700000000
100000 1202.9700000000
evaluations raw_y
1 0.0000000000
2 1.9100000000
3 7.2800000000
4 15.2100000000
5 42.1500000000
9 58.8300000000
13 65.2900000000
22 99.7700000000
44 104.1100000000
47 122.2200000000
61 131.3300000000
63 132.9400000000
73 137.5800000000
79 157.1500000000
81 177.5600000000
130 181.7600000000
157 191.1400000000
173 201.6500000000
206 207.3000000000
248 221.6400000000
249 235.2900000000
300 241.6100000000
319 245.8700000000
356 276.6100000000
361 276.8300000000
377 279.2000000000
381 286.7300000000
385 291.4200000000
406 298.0700000000
501 309.9000000000
565 316.6000000000
577 329.5100000000
700 332.9200000000
710 342.4900000000
721 355.3300000000
832 359.6100000000
884 370.3300000000
946 370.9300000000
955 373.6800000000
958 389.1900000000
1114 392.0200000000
1183 415.3900000000
1234 425.5500000000
1462 436.3900000000
1660 442.7300000000
1703 461.5700000000
1898 467.0500000000
1987 469.4700000000
2002 477.8500000000
2067 479.9600000000
2113 482.6600000000
2136 509.3600000000
2138 516.0900000000
2178 526.4400000000
2190 528.7400000000
2343 536.4100000000
2363 544.5500000000
2368 550.7000000000
2405 559.7700000000
2454 564.0500000000
2811 645.3600000000
2837 662.8200000000
2907 673.5800000000
3167 677.3000000000
3408 689.1100000000
3420 693.6100000000
3531 705.0100000000
3670 712.9500000000
4770 718.9400000000
5580 830.6300000000
5938 836.7700000000
5988 843.8500000000
6079 844.2700000000
6084 849.9900000000
6171 856.2700000000
6359 868.5800000000
6378 869.3500000000
6385 880.4500000000
6391 924.2200000000
6734 928.5000000000
6782 933.7500000000
6824 960.4900000000
7144 978.4100000000
7156 996.8600000000
7189 1011.5300000000
7361 1012.0300000000
7427 1016.7600000000
7668 1019.1300000000
7963 1024.0900000000
8071 1027.1800000000
8136 1031.6200000000
8205 1034.0700000000
8265 1042.3000000000
8543 1043.9100000000
8715 1044.7700000000
8725 1049.9500000000
8734 1053.1600000000
8763 1054.5400000000
8785 1058.4200000000
8867 1068.3700000000
9082 1071.8700000000
10653 1073.8800000000
10875 1090.2300000000
11748 1091.9000000000
15000 1092.3300000000
15532 1096.7300000000
17540 1100.6300000000
18015 1101.2800000000
18203 1101.4100000000
18417 1110.5500000000
18428 1113.9700000000
18551 1115.8000000000
18637 1118.1700000000
18777 1118.7600000000
18963 1120.9800000000
19156 1125.2500000000
20212 1127.5400000000
20981 1127.7000000000
21221 1131.7800000000
22279 1132.8600000000
22596 1139.9900000000
23633 1140.6300000000
23656 1144.8500000000
23712 1151.2300000000
24079 1156.8900000000
24114 1167.1500000000
24762 1168.1300000000
24796 1179.2100000000
24951 1179.6100000000
25058 1180.9800000000
25624 1184.4400000000
25741 1191.3800000000
25898 1202.8500000000
26105 1207.6300000000
27317 1207.9700000000
27360 1209.6800000000
27436 1213.4800000000
27990 1218.3500000000
30196 1225.8400000000
43869 1226.7700000000
45418 1227.4400000000
46008 1228.0200000000
46569 1229.5600000000
46629 1235.1800000000
46741 1242.9400000000
48359 1243.3800000000
49949 1243.6700000000
50881 1250.8400000000
63283 1251.5700000000
63687 1254.3600000000
63760 1255.6400000000
63918 1255.8000000000
64183 1259.9000000000
64946 1267.8800000000
69921 1270.8500000000
71398 1273.0300000000
71645 1276.5900000000
72290 1278.7600000000
75537 1281.5200000000
80362 1282.5700000000
100000 1096.6100000000
evaluations raw_y
1 0.0000000000
2 10.6900000000
3 22.3200000000
4 50.7800000000
5 66.3700000000
19 82.4000000000
22 100.3800000000
24 102.4700000000
28 113.4000000000
39 135.0200000000
54 144.0800000000
63 151.3000000000
66 153.9900000000
69 164.7300000000
81 167.6000000000
88 180.8800000000
126 187.2800000000
132 193.4000000000
149 219.1800000000
238 222.8100000000
240 225.0900000000
253 230.8000000000
260 242.5300000000
274 246.5200000000
275 258.1300000000
285 263.6600000000
287 274.1700000000
298 286.7300000000
356 287.5200000000
408 304.4800000000
455 304.9300000000
633 310.7400000000
652 311.0000000000
663 318.0500000000
689 338.2800000000
724 355.3400000000
818 357.1500000000
821 366.5400000000
827 375.3100000000
833 378.2300000000
906 410.9700000000
1192 413.5500000000
1200 430.8100000000
1273 433.8900000000
1304 439.8600000000
1333 455.1300000000
1378 456.8300000000
1393 499.5500000000
1468 523.4000000000
1558 542.3900000000
1599 553.8600000000
1686 557.4100000000
1698 559.2300000000
1753 565.3300000000
1769 569.8700000000
1811 589.5600000000
1991 595.1200000000
2223 599.5500000000
2283 611.2700000000
2315 613.8800000000
2553 624.9300000000
2559 628.6900000000
2605 633.7200000000
2624 637.9000000000
2768 653.5400000000
2790 656.0100000000
2842 662.2500000000
2843 665.0700000000
2850 666.7200000000
2921 687.8000000000
3008 694.8300000000
3315 711.7000000000
3327 715.6000000000
3422 726.7300000000
3578 734.9700000000
3666 738.7200000000
3719 740.9800000000
3812 766.9300000000
4059 774.0700000000
4097 781.5500000000
4179 781.6900000000
4218 784.4800000000
4225 786.7700000000
4245 795.5500000000
4296 812.2400000000
4413 812.3900000000
4456 819.2500000000
4590 820.2700000000
4733 821.6500000000
4752 831.2000000000
4807 831.8100000000
4907 839.4300000000
4908 855.6900000000
5216 860.7100000000
5513 861.7100000000
5529 867.0000000000
5686 870.5900000000
5692 876.1700000000
5735 885.7900000000
6037 892.9100000000
6350 892.9300000000
6610 897.2600000000
6642 897.4300000000
6655 918.5500000000
11345 922.8100000000
11698 925.1000000000
11711 925.1800000000
11727 925.9200000000
11732 942.9900000000
11834 943.6600000000
11852 946.1900000000
12076 946.8700000000
12203 949.9400000000
12379 956.8400000000
12427 960.1600000000
12660 967.8000000000
12712 977.8500000000
13290 977.9100000000
15966 980.8700000000
16481 988.0000000000
17920 991.7900000000
18571 995.9800000000
19141 996.2300000000
19992 996.8100000000
20061 1002.9300000000
20144 1003.4900000000
20188 1010.9000000000
20266 1029.9200000000
20758 1031.2100000000
20779 1034.5900000000
20792 1037.6300000000
21757 1038.1100000000
22056 1038.1300000000
22613 1046.6400000000
23209 1048.8500000000
23345 1058.6900000000
23425 1063.4000000000
23595 1065.8100000000
23631 1069.1400000000
23794 1069.4100000000
24876 1071.0500000000
25166 1074.8300000000
25177 1090.2100000000
25319 1091.1300000000
25324 1099.0300000000
25651 1103.3500000000
25751 1153.9400000000
25783 1168.4100000000
25792 1170.2900000000
25815 1174.4100000000
26103 1183.0700000000
26659 1190.7000000000
33077 1199.8600000000
43802 1201.2700000000
45096 1202.3100000000
45540 1209.6000000000
45702 1210.7000000000
46546 1213.6600000000
48593 1216.3000000000
49429 1224.3300000000
71063 1228.4000000000
75071 1230.0400000000
79797 1237.1800000000
100000 991.9700000000
evaluations raw_y
1 0.0000000000
2 12.7500000000
4 33.5900000000
7 38.3200000000
13 47.4300000000
16 55.1900000000
21 67.9400000000
22 73.9200000000
29 90.5500000000
36 109.4900000000
46 129.7500000000
47 177.7400000000
51 197.2900000000
63 215.9700000000
65 217.9200000000
72 229.5100000000
74 239.3900000000
86 239.5300000000
101 244.1900000000
117 262.7700000000
123 270.2700000000
129 275.7600000000
130 300.9400000000
132 301.8300000000
156 318.6300000000
215 322.6700000000
226 349.6100000000
263 357.1800000000
285 361.5400000000
322 364.4000000000
382 434.7000000000
418 454.5200000000
430 461.3500000000
434 467.8300000000
446 468.2200000000
490 471.3300000000
491 480.0800000000
496 484.3900000000
522 495.7300000000
552 505.3100000000
561 509.1800000000
582 523.2200000000
729 535.0900000000
852 536.3400000000
1216 538.7000000000
1243 540.2200000000
1258 544.3800000000
1351 545.4400000000
1407 545.7900000000
1449 563.0900000000
1471 563.7600000000
1765 571.9100000000
1956 572.3400000000
2178 578.0500000000
2758 578.2500000000
3013 588.5800000000
3341 626.4600000000
3342 644.7400000000
3343 650.9300000000
3381 658.8000000000
3407 663.2800000000
3424 669.8000000000
3444 672.7400000000
3467 674.6800000000
3711 678.0000000000
3776 685.3100000000
3816 686.4900000000
3831 699.2600000000
3844 711.4100000000
3914 711.6900000000
3928 724.8100000000
3942 731.2400000000
4276 735.1100000000
4300 745.3400000000
4332 747.5600000000
4376 761.7900000000
4419 762.2100000000
4428 778.5800000000
4434 785.3200000000
4443 800.8900000000
4460 808.4000000000
4545 826.6900000000
6164 829.7500000000
6434 831.8600000000
6661 832.9500000000
6712 843.3200000000
6955 845.3800000000
7521 847.6000000000
7523 852.7400000000
7571 854.8700000000
7646 861.6200000000
7785 863.7600000000
7815 868.6600000000
7826 875.1000000000
7845 891.1900000000
7882 900.1200000000
8419 911.7300000000
9152 915.3900000000
9161 919.5800000000
9224 921.5100000000
9276 926.5600000000
9311 928.2700000000
9325 949.8000000000
9980 986.8700000000
10115 996.1500000000
10137 999.9100000000
10310 999.9600000000
10376 1011.1200000000
10550 1011.6000000000
10552 1019.7300000000
10594 1038.9800000000
10678 1051.1000000000
11144 1053.0200000000
11664 1056.7700000000
11893 1057.9100000000
11953 1058.0800000000
11978 1064.1700000000
12021 1064.2900000000
12155 1064.9100000000
12276 1068.0700000000
12528 1068.1700000000
13499 1069.4200000000
14547 1078.5800000000
14785 1080.1500000000
15227 1085.5900000000
15439 1089.1700000000
15731 1093.5000000000
18509 1098.8100000000
18595 1101.5100000000
21423 1101.7900000000
22025 1106.2500000000
22261 1108.9100000000
22375 1109.0100000000
22481 1110.8600000000
22705 1113.4200000000
23070 1117.8500000000
23130 1126.3600000000
23305 1131.2000000000
23353 1132.6900000000
23793 1141.5000000000
27306 1142.7000000000
27913 1144.4100000000
27988 1168.7100000000
29748 1181.4800000000
30338 1190.7300000000
38065 1192.4500000000
38696 1195.4900000000
41553 1200.2200000000
41694 1203.2300000000
45392 1210.9500000000
45596 1211.7900000000
46545 1212.4400000000
48792 1215.6200000000
51472 1222.1900000000
67015 1227.0900000000
96245 1227.5200000000
98251 1228.3600000000
98264 1231.5300000000
98382 1236.8100000000
98982 1241.4900000000
100000 811.3200000000