evaluations raw_y
1 0.0000000000
2 7.4200000000
3 33.9600000000
6 35.3400000000
7 36.2500000000
10 40.2400000000
11 60.1600000000
12 69.0700000000
17 80.8300000000
21 101.2000000000
49 103.2200000000
50 117.4200000000
57 129.1300000000
59 134.1300000000
60 144.5500000000
142 148.3400000000
145 162.0200000000
173 172.1700000000
188 183.1800000000
206 189.8000000000
278 197.2200000000
290 200.3600000000
348 210.6900000000
353 230.6700000000
392 231.3600000000
425 239.1900000000
454 241.8400000000
500 243.8900000000
744 249.0400000000
773 257.4500000000
781 258.3600000000
881 267.6500000000
897 280.7600000000
1111 287.7700000000
1390 290.9500000000
1479 293.4800000000
1508 294.0400000000
1520 298.6300000000
1530 310.0100000000
1532 323.5400000000
1546 327.1000000000
1656 337.9900000000
1698 350.9000000000
1715 355.5300000000
1721 361.5600000000
1731 436.0600000000
1747 460.4200000000
1778 463.5600000000
1851 471.5100000000
2009 473.2500000000
2258 478.1100000000
3259 479.3400000000
3318 479.8700000000
3319 490.2000000000
3323 491.5700000000
3331 497.9800000000
3349 521.0500000000
3544 535.3700000000
3584 550.6800000000
3617 555.3100000000
3638 572.6400000000
3650 666.6600000000
3666 672.0000000000
3709 673.1800000000
3713 686.4700000000
3735 687.7900000000
3762 688.5500000000
4024 689.8900000000
4089 691.7700000000
4330 708.7700000000
6396 711.8400000000
7732 714.0400000000
8245 714.7300000000
9036 717.5600000000
10013 724.5900000000
10206 734.4700000000
10347 734.8900000000
10349 737.1000000000
10358 746.5900000000
10439 746.7300000000
11029 748.4000000000
11231 797.9700000000
11332 815.1200000000
11575 820.9600000000
12591 821.3400000000
12926 823.3200000000
13416 825.7300000000
17183 837.1400000000
17194 851.4700000000
17202 864.2000000000
17220 879.8700000000
22125 880.6900000000
22655 882.0900000000
22847 884.5700000000
23939 888.9100000000
24524 892.7000000000
26137 894.2600000000
27674 897.9400000000
32787 899.8300000000
40723 900.1700000000
40854 906.6600000000
42227 911.1600000000
47186 921.0000000000
48145 925.9200000000
56771 933.4300000000
62071 935.3600000000
62198 943.3400000000
68331 944.3000000000
70030 951.4500000000
72587 965.3800000000
100000 307.1800000000
evaluations raw_y
1 0.0000000000
2 3.9300000000
4 12.3700000000
11 25.6900000000
12 35.4800000000
13 37.6900000000
15 50.3500000000
18 57.9300000000
20 81.6300000000
33 97.8900000000
34 104.8900000000
48 131.0600000000
49 131.3700000000
57 134.9600000000
58 140.5000000000
60 156.4900000000
69 158.4700000000
70 168.5400000000
82 168.7100000000
111 168.7700000000
120 178.7500000000
126 179.5500000000
139 188.4100000000
171 197.7900000000
190 199.3700000000
296 202.4300000000
386 209.8500000000
405 222.3300000000
443 224.6000000000
452 228.6100000000
462 232.2200000000
492 258.2200000000
533 343.5400000000
578 368.3300000000
664 373.5900000000
672 389.6800000000
818 394.8900000000
1160 400.0500000000
2698 400.8600000000
2893 405.5200000000
2986 422.5700000000
3224 423.0200000000
3246 432.8900000000
3281 440.0000000000
3313 443.4200000000
3321 450.4700000000
3351 452.8000000000
3379 453.3300000000
3380 457.5300000000
3411 459.7900000000
3767 465.8400000000
3799 475.1700000000
3814 542.9400000000
3853 549.3100000000
3900 561.0900000000
3904 562.4000000000
3920 568.5400000000
3956 570.1200000000
4012 583.8300000000
4199 586.4500000000
4229 607.9100000000
4905 638.7100000000
4918 661.4400000000
5001 664.2400000000
5019 668.2500000000
5179 671.0300000000
5333 679.8300000000
5364 690.4700000000
5743 696.9200000000
5799 703.2200000000
5899 711.9500000000
5994 718.4100000000
6021 720.7200000000
6673 721.8600000000
7821 726.2300000000
7943 731.4000000000
8182 744.8000000000
8186 747.0900000000
8297 757.2500000000
8401 763.7500000000
10413 780.8500000000
10417 791.8000000000
10422 811.4800000000
10435 815.5600000000
10694 818.2100000000
10730 819.8000000000
10838 821.6400000000
10868 833.6900000000
10922 836.6500000000
10937 859.5800000000
13478 859.7900000000
16468 876.8000000000
23228 882.8400000000
23231 892.5300000000
23391 893.4500000000
23498 899.7400000000
23541 900.5700000000
23599 920.0800000000
23613 928.3800000000
31607 929.5200000000
39788 931.2200000000
73464 931.4000000000
80483 934.5900000000
80545 940.9000000000
80649 942.8100000000
80757 944.5500000000
83740 947.1200000000
95945 950.3200000000
100000 876.6700000000
evaluations raw_y
1 0.0000000000
2 19.1000000000
3 28.0600000000
5 45.4900000000
6 50.9700000000
10 64.4900000000
18 65.5200000000
20 65.9100000000
22 92.1500000000
29 102.4700000000
35 132.7700000000
37 156.2400000000
39 156.5300000000
55 168.2600000000
56 172.5600000000
80 180.7000000000
124 197.6700000000
130 213.3800000000
151 223.1900000000
200 234.7100000000
201 238.2400000000
294 242.7800000000
367 244.5500000000
426 247.0100000000
521 250.0300000000
798 261.2700000000
801 302.6300000000
1017 317.3700000000
1323 350.0100000000
1332 368.3300000000
1340 390.7900000000
1358 409.7000000000
1370 412.2900000000
1444 417.6100000000
1445 431.3500000000
1453 440.5700000000
1469 445.0700000000
1627 452.0500000000
1629 463.1500000000
1662 463.9800000000
1700 482.2700000000
1875 489.6100000000
2100 551.5100000000
2113 559.5200000000
2251 564.8500000000
2335 575.2100000000
3672 585.2700000000
3800 587.6900000000
5585 593.4500000000
5628 599.8300000000
6626 604.4800000000
6652 606.9300000000
8540 608.6200000000
8592 615.9300000000
9976 635.3200000000
10063 639.6900000000
10162 639.7900000000
10171 648.7500000000
10446 658.4000000000
11203 661.8700000000
11240 670.3400000000
11674 673.4200000000
11837 673.6200000000
12033 682.7400000000
12565 687.3600000000
13153 687.5600000000
13705 688.5400000000
15452 689.2400000000
16061 700.6900000000
17916 704.5900000000
17924 704.6500000000
18082 711.8700000000
18155 727.9700000000
18732 738.6600000000
19558 752.7800000000
19849 794.0900000000
19858 802.0500000000
19884 816.7500000000
20146 817.2800000000
20278 833.6400000000
20774 837.1600000000
25863 844.5000000000
25869 853.9100000000
25879 858.4700000000
25892 866.9800000000
25921 867.2200000000
25933 888.2800000000
26090 894.0300000000
26231 903.0200000000
26818 907.7800000000
60579 910.8700000000
60630 912.3200000000
61033 913.1400000000
61214 914.2600000000
61234 916.2900000000
61240 917.9200000000
61257 922.5900000000
61796 928.0200000000
62267 933.8000000000
63256 935.3200000000
64790 936.9200000000
65531 943.7600000000
71394 951.8500000000
75943 952.8000000000
83812 953.7200000000
90213 957.0800000000
100000 449.8100000000
evaluations raw_y
1 0.0000000000
2 10.8300000000
3 20.7700000000
6 36.6200000000
9 41.0200000000
12 54.4200000000
15 65.0100000000
30 66.3300000000
35 66.5800000000
36 75.9400000000
41 93.3500000000
45 100.0500000000
60 101.8800000000
61 104.2200000000
65 116.8400000000
66 140.8200000000
79 150.1200000000
84 155.2600000000
88 164.0300000000
89 174.9100000000
94 190.2700000000
98 195.6100000000
116 201.8800000000
124 202.3400000000
128 214.4300000000
138 229.6300000000
140 233.2400000000
151 238.3600000000
160 252.1500000000
180 254.4300000000
192 274.7900000000
213 275.1700000000
216 278.9900000000
219 294.7600000000
226 378.2100000000
267 399.5200000000
271 410.8900000000
379 416.5100000000
401 416.9100000000
410 417.6900000000
424 423.7900000000
428 433.4400000000
491 436.1300000000
769 441.8700000000
996 443.6700000000
1289 448.3700000000
1451 455.2100000000
1555 466.0800000000
1824 474.8300000000
1826 477.0300000000
1845 482.9400000000
1854 484.2900000000
1870 492.8600000000
1918 496.1400000000
1933 501.1400000000
1949 504.3900000000
1979 515.9400000000
2066 530.6300000000
2105 530.9400000000
2151 534.8600000000
2178 540.7300000000
2394 542.4600000000
2420 554.8800000000
2562 558.6700000000
2859 566.4200000000
3977 589.3800000000
7854 596.3600000000
8432 602.0400000000
9014 632.4200000000
10756 635.5400000000
10773 652.0700000000
10774 656.8700000000
10776 665.1100000000
10780 701.9200000000
11485 709.9800000000
12749 711.9200000000
13751 712.3200000000
15287 719.8900000000
15321 722.4700000000
15824 726.6400000000
15856 739.0100000000
16310 739.4900000000
16527 740.1200000000
16662 776.2400000000
16665 792.0200000000
16985 808.5600000000
17435 810.5700000000
17903 820.5000000000
18534 821.9300000000
19476 827.8300000000
19522 832.4600000000
19538 835.0700000000
19543 839.5500000000
19615 840.5800000000
19645 848.7300000000
19831 853.6200000000
19965 856.0200000000
20063 864.5900000000
43688 868.3200000000
43753 877.6000000000
43785 877.8200000000
44044 889.2300000000
44078 899.3000000000
44163 914.6700000000
62854 926.7000000000
100000 884.0100000000
evaluations raw_y
1 0.0000000000
2 10.6100000000
3 35.5800000000
4 47.2400000000
20 57.2800000000
32 60.3500000000
37 71.5600000000
40 95.4700000000
43 110.3600000000
45 122.5100000000
49 123.7200000000
52 133.9100000000
58 137.8800000000
74 174.2800000000
92 190.4700000000
212 210.0000000000
228 211.7200000000
229 213.0300000000
262 230.9700000000
300 233.9300000000
315 235.0800000000
351 235.2000000000
355 243.7300000000
381 256.8300000000
544 282.1600000000
586 293.1700000000
588 296.3400000000
636 314.5800000000
1702 326.5400000000
1713 329.2900000000
1847 337.9700000000
1933 340.7700000000
1958 344.3800000000
1963 349.9200000000
1970 354.0000000000
1992 359.5300000000
1993 376.0400000000
2099 380.1600000000
2198 384.0900000000
2483 411.0100000000
2495 412.9000000000
2502 433.7100000000
2514 439.8300000000
2546 440.0700000000
2669 461.9500000000
2810 474.7500000000
2851 479.3100000000
2881 495.2700000000
3403 496.7800000000
3409 598.3300000000
3413 613.8200000000
3446 635.8800000000
4260 646.5300000000
4324 647.8600000000
5690 651.8700000000
7262 654.1000000000
9436 658.3900000000
14208 664.5900000000
15069 672.5600000000
15687 683.1600000000
16310 701.6800000000
16487 709.9900000000
16506 710.3800000000
16507 713.8300000000
16518 723.7700000000
16520 735.6900000000
16523 751.6300000000
16694 752.5900000000
16867 759.7000000000
17053 766.1700000000
18191 767.8800000000
18782 771.8700000000
19070 774.7200000000
19408 781.8500000000
19612 786.5300000000
20925 791.3000000000
20961 802.3700000000
20990 803.7000000000
21016 804.0100000000
21548 810.4200000000
21583 819.3800000000
30213 819.9200000000
38053 821.8300000000
38357 825.7400000000
38376 835.7400000000
38803 842.0900000000
38854 843.1900000000
38857 844.0800000000
38858 853.3800000000
38983 858.6800000000
39008 867.8600000000
39274 870.8000000000
40650 872.2900000000
40655 893.2500000000
41826 894.6500000000
41830 896.9800000000
41862 902.0600000000
41948 904.1100000000
42002 904.5500000000
42155 926.3500000000
42946 928.1900000000
58204 929.3800000000
58504 934.8000000000
71183 942.9900000000
77637 947.0000000000
77849 947.6700000000
78321 948.8400000000
78997 953.5400000000
80295 954.4700000000
81239 957.1600000000
88121 958.0900000000
99914 958.2500000000
100000 875.7500000000
evaluations raw_y
1 0.0000000000
2 15.4500000000
4 20.3400000000
6 31.7100000000
7 67.3600000000
12 67.4800000000
32 70.9300000000
37 86.9800000000
49 88.5800000000
62 97.1200000000
67 116.1400000000
96 131.0900000000
119 145.5300000000
124 166.9900000000
150 176.3800000000
175 201.4200000000
190 209.2100000000
231 209.5500000000
234 226.4400000000
242 254.8800000000
352 312.6400000000
356 314.8800000000
379 324.2400000000
402 333.8600000000
413 353.8800000000
415 364.7400000000
567 374.3300000000
876 377.9000000000
939 395.4400000000
965 403.9200000000
1005 407.5100000000
1070 410.9300000000
1142 419.5400000000
1276 422.6700000000
1278 426.1000000000
1288 429.7100000000
1410 435.0600000000
1736 458.1200000000
4497 507.6900000000
5328 514.7300000000
5509 518.1800000000
5510 522.3300000000
5657 541.0200000000
8762 545.0700000000
9411 585.0200000000
9444 591.1800000000
9459 594.3300000000
9473 596.2400000000
9480 612.0300000000
9492 619.6600000000
9509 627.7900000000
9527 635.8200000000
9561 640.8300000000
9578 641.5300000000
10702 641.7900000000
10733 644.6300000000
10785 647.0900000000
10799 658.8300000000
11596 675.7700000000
11988 680.4600000000
12131 689.9700000000
12175 700.0700000000
13036 703.1600000000
15081 759.3600000000
15119 782.9100000000
16617 784.1800000000
19019 785.5200000000
23297 790.3800000000
25420 790.7900000000
25451 794.3700000000
26341 795.2100000000
27376 903.3700000000
27458 905.0700000000
27553 905.6000000000
27559 911.1200000000
27690 915.5800000000
28022 917.4600000000
28500 918.0300000000
29423 925.0600000000
29802 926.1400000000
32937 927.1800000000
33401 931.6300000000
74415 934.5100000000
74428 940.7600000000
74441 941.7600000000
74444 954.0200000000
74470 956.9400000000
74673 957.8100000000
74815 960.2500000000
76397 961.5000000000
76702 962.1400000000
77098 964.9000000000
77772 966.1600000000
82714 969.8100000000
100000 914.6900000000
evaluations raw_y
1 0.0000000000
2 3.8500000000
3 7.3300000000
4 8.3100000000
5 16.1500000000
6 30.9800000000
7 39.8000000000
9 45.3200000000
18 46.9300000000
21 50.6300000000
23 53.9000000000
25 73.3300000000
26 75.8800000000
29 89.0300000000
37 93.0000000000
66 119.3100000000
88 122.8200000000
109 162.6700000000
123 167.7100000000
151 196.5000000000
153 224.7600000000
408 231.0100000000
453 232.8500000000
454 238.4600000000
482 247.3900000000
611 262.8900000000
1288 266.1900000000
1301 269.7900000000
1340 280.3500000000
1510 306.0400000000
1518 331.1400000000
1522 334.1800000000
1539 344.3200000000
1553 357.1500000000
1558 367.2300000000
1573 369.2600000000
1624 375.8000000000
1635 384.3300000000
1648 388.7400000000
1690 389.5800000000
1738 390.4600000000
1937 397.1400000000
1946 413.8700000000
1982 416.3900000000
1990 420.0500000000
2097 430.8800000000
2135 434.1300000000
2380 435.9400000000
2802 439.2900000000
3014 443.4800000000
3242 449.1100000000
3788 450.4300000000
3789 455.2600000000
3816 455.8800000000
3841 461.3100000000
3851 467.4500000000
3870 474.3900000000
3886 486.6600000000
3909 487.2400000000
3911 551.9800000000
3933 556.5300000000
3953 570.9500000000
3962 592.8000000000
3970 649.9600000000
3992 651.7800000000
4005 659.7700000000
4009 665.9900000000
4038 666.7600000000
4046 680.6200000000
4052 685.8000000000
4090 706.0800000000
4128 708.7500000000
4160 714.8400000000
4216 716.5900000000
4252 721.8500000000
4364 724.2500000000
4366 724.7600000000
4492 725.0300000000
4554 728.1200000000
4576 731.2300000000
4696 736.0700000000
4893 737.3200000000
4905 745.1300000000
5489 746.7900000000
5817 754.0000000000
7353 754.1600000000
7540 759.2900000000
10267 766.5100000000
10295 782.5700000000
10760 787.5800000000
12943 790.0200000000
13143 793.9900000000
18883 795.7700000000
20251 799.2300000000
23823 844.2500000000
23923 845.1200000000
23945 851.4000000000
24089 852.1200000000
24172 867.0300000000
26627 869.1700000000
30606 873.7000000000
30643 874.8500000000
31064 874.8700000000
31075 878.2500000000
31410 878.6500000000
31507 879.9500000000
31816 889.9400000000
33205 893.1900000000
35862 894.0400000000
35872 895.8600000000
36494 899.2500000000
39429 906.0500000000
44663 917.6500000000
49983 919.7600000000
52253 921.4000000000
52631 921.5500000000
53269 921.6300000000
53390 923.6100000000
55539 929.5900000000
57392 929.7800000000
65818 930.8800000000
68514 931.5700000000
90248 934.1100000000
100000 773.2200000000
evaluations raw_y
1 0.0000000000
2 12.8900000000
5 20.6000000000
7 31.2100000000
10 44.7200000000
13 45.1300000000
15 55.3800000000
18 65.3800000000
21 68.3900000000
36 79.5000000000
38 79.7500000000
41 98.2600000000
50 135.0500000000
52 165.1900000000
91 167.7200000000
99 176.1400000000
123 194.4900000000
145 200.9000000000
148 211.6200000000
158 224.9700000000
183 232.9200000000
339 237.9400000000
387 245.7700000000
401 260.9600000000
616 261.4000000000
685 262.2100000000
692 273.0100000000
710 287.9700000000
769 292.9000000000
857 300.9400000000
880 310.5400000000
882 313.8500000000
884 325.8600000000
892 337.1500000000
982 339.0100000000
1017 339.9100000000
1044 353.6300000000
1286 368.8900000000
3441 377.7800000000
3795 383.0100000000
5058 463.2800000000
5092 474.5400000000
5134 474.7300000000
5198 478.0800000000
5284 478.6400000000
5441 479.4800000000
5657 482.7700000000
6934 493.8200000000
7303 496.1600000000
7395 497.4800000000
7558 500.4600000000
8046 507.4900000000
8286 515.7700000000
8299 530.3300000000
8812 605.1700000000
8837 620.7300000000
8849 621.3100000000
8853 624.7700000000
8861 633.3700000000
8933 637.8300000000
8936 641.4200000000
8982 643.0100000000
9771 651.5800000000
11606 656.7300000000
12060 739.6900000000
12781 754.9900000000
13374 755.7600000000
13399 759.3300000000
15516 759.7900000000
24362 783.5300000000
24372 785.9800000000
24388 795.7100000000
24400 803.8300000000
24422 821.3400000000
24506 838.2800000000
25098 843.6900000000
28619 848.6800000000
29085 854.0400000000
29350 854.2500000000
30069 857.8300000000
33534 868.8700000000
39852 879.7200000000
47209 903.8900000000
70062 906.6900000000
75119 913.1000000000
75212 920.3500000000
75562 925.9600000000
76071 932.7900000000
80700 938.3600000000
86201 944.4300000000
93883 947.0800000000
94114 957.3200000000
95326 959.1700000000
100000 768.7500000000
evaluations raw_y
1 0.0000000000
2 11.3200000000
4 15.4700000000
6 30.4800000000
7 31.7400000000
9 56.3000000000
11 65.9000000000
29 85.3600000000
53 89.8400000000
57 111.6800000000
68 113.0300000000
76 115.5400000000
80 124.8500000000
85 152.9900000000
111 161.7900000000
178 167.1900000000
183 167.9400000000
186 179.6500000000
196 181.5900000000
199 202.2100000000
204 205.4900000000
214 217.8900000000
221 228.3100000000
226 240.2800000000
298 243.6600000000
299 268.8400000000
356 295.4100000000
424 334.4000000000
489 336.7600000000
510 344.6200000000
523 364.3100000000
651 367.8300000000
672 376.1100000000
706 384.1900000000
864 387.0300000000
872 388.5800000000
1753 394.4900000000
2219 407.5800000000
2807 413.1700000000
3242 427.1000000000
3248 439.4100000000
3853 445.2400000000
3930 455.3700000000
3993 463.8200000000
4588 469.9200000000
5267 469.9300000000
5526 474.3900000000
5567 480.0900000000
6171 489.7600000000
6210 502.0000000000
6321 512.0700000000
6513 530.3600000000
6523 533.3300000000
6542 543.3800000000
6569 618.4600000000
6585 632.7300000000
6693 640.7700000000
6758 647.0400000000
6774 654.8000000000
6788 673.4900000000
6951 674.8700000000
7283 687.2400000000
7481 689.1400000000
7723 717.0400000000
7799 730.2700000000
7917 730.5400000000
7934 734.9100000000
7949 735.7200000000
7960 736.6700000000
7973 747.6200000000
8024 748.2900000000
8058 754.2700000000
8114 766.8600000000
8607 767.7900000000
9487 774.3300000000
9850 779.3200000000
11951 817.4200000000
11981 825.7000000000
11984 827.9000000000
11997 830.3700000000
12018 830.6000000000
12036 832.2900000000
12040 842.6200000000
12062 843.3900000000
12144 843.5700000000
12251 854.2500000000
12252 882.8700000000
12362 887.9900000000
12384 892.8600000000
12403 897.2700000000
12453 900.6600000000
12540 911.4400000000
13704 914.0400000000
14453 916.1100000000
25372 918.2700000000
31491 928.2500000000
31817 934.2000000000
32491 935.0200000000
33993 937.4200000000
37790 940.1000000000
39377 940.9400000000
39600 943.7000000000
39768 943.8400000000
47822 945.2300000000
49193 949.4600000000
55806 949.7700000000
57366 953.3500000000
73321 956.0700000000
79141 959.4500000000
100000 21.7600000000
evaluations raw_y
1 0.0000000000
2 8.4700000000
3 26.2700000000
4 30.1300000000
7 38.7900000000
9 69.0900000000
21 73.8200000000
27 96.2100000000
31 110.5200000000
35 115.0600000000
38 123.7500000000
62 137.3900000000
64 140.6300000000
65 152.8900000000
70 164.0400000000
71 172.3000000000
74 184.9500000000
81 203.9900000000
103 212.5400000000
241 214.3300000000
275 223.6700000000
292 231.9400000000
392 232.1300000000
399 246.4000000000
495 276.3000000000
555 278.6100000000
561 291.2100000000
629 291.5300000000
848 294.0500000000
877 299.6400000000
924 319.4500000000
928 336.5000000000
934 379.1500000000
1109 381.5500000000
1116 387.9600000000
1124 395.0900000000
1139 397.4800000000
1144 406.3700000000
1148 411.6000000000
1176 431.0200000000
1298 432.4100000000
1337 432.6400000000
1342 440.9700000000
1357 444.9300000000
1370 450.8100000000
1421 451.6200000000
1528 454.8900000000
1622 461.9000000000
1791 463.0400000000
1930 481.4000000000
2783 484.4000000000
3837 550.3500000000
3855 562.1800000000
3877 570.0800000000
4272 573.1700000000
4297 580.9800000000
4304 581.4300000000
4321 582.5000000000
4326 584.0600000000
4338 591.2000000000
4418 594.8800000000
4539 597.1600000000
4540 601.4800000000
5177 604.5000000000
5187 617.1900000000
9114 719.2800000000
10068 726.9100000000
12417 744.2400000000
12870 751.8200000000
12941 757.8100000000
12985 758.4700000000
13099 767.5500000000
13423 771.0700000000
13458 771.7800000000
13633 776.8400000000
15061 779.3100000000
15637 779.9300000000
15907 780.0300000000
16991 818.3700000000
16998 828.1800000000
17042 833.8200000000
17050 835.2800000000
17051 835.8300000000
17052 842.8200000000
17056 862.5000000000
17177 863.7000000000
17200 865.4400000000
17205 868.9900000000
17283 871.0700000000
17363 874.8600000000
17821 875.2500000000
20855 886.1500000000
20886 890.0700000000
20912 890.4600000000
20949 895.0900000000
21083 907.1500000000
21445 923.0800000000
37322 923.1500000000
51236 928.5400000000
53486 930.8900000000
60671 931.4400000000
60762 937.1400000000
85649 940.3700000000
87536 942.7500000000
100000 613.7300000000
evaluations raw_y
1 0.0000000000
2 25.5500000000
3 51.5000000000
12 58.4800000000
25 71.6400000000
31 71.9000000000
34 75.7300000000
39 84.6800000000
49 84.7000000000
63 104.3500000000
77 113.4400000000
80 122.1500000000
92 132.7000000000
132 150.7000000000
148 160.1700000000
165 200.1400000000
167 206.6900000000
172 209.4900000000
243 234.3400000000
266 254.7700000000
290 271.0000000000
383 286.9000000000
658 288.4900000000
678 292.7500000000
705 296.2200000000
828 298.7400000000
836 302.6600000000
908 314.0700000000
934 315.4500000000
942 320.2900000000
980 329.1500000000
1067 329.8200000000
1161 340.6400000000
1213 350.3100000000
1475 354.7700000000
1556 365.7500000000
1564 398.2000000000
1608 418.6700000000
1653 420.3500000000
1658 432.1300000000
1669 439.4100000000
1695 443.5600000000
1750 465.6100000000
2099 468.8700000000
2140 479.0300000000
2616 525.0200000000
2621 536.4900000000
2659 537.6300000000
2684 538.2700000000
2693 545.8600000000
2698 558.9100000000
2722 564.9800000000
2765 570.5200000000
2969 575.5900000000
2977 589.6800000000
3018 596.0100000000
3164 600.8900000000
3404 603.6000000000
4588 633.2400000000
4628 641.3800000000
4665 649.6600000000
4676 658.7400000000
4699 659.3300000000
4869 660.5800000000
4877 663.7100000000
4986 667.6500000000
5240 781.5400000000
5326 787.0000000000
5413 792.0800000000
5469 795.9300000000
6194 800.3900000000
7768 813.9700000000
12173 814.6100000000
15126 862.2400000000
16688 865.7500000000
16835 873.9400000000
16836 877.1600000000
17255 881.5600000000
17869 881.8200000000
18850 883.4100000000
20991 885.8800000000
22233 890.9000000000
25014 897.8100000000
25947 901.3300000000
26258 901.9500000000
26907 907.1600000000
29042 912.8600000000
39026 915.9800000000
50639 919.8600000000
55382 923.5400000000
56745 923.8800000000
57303 927.7500000000
58288 932.8200000000
60993 939.5000000000
61171 945.0700000000
61656 954.6100000000
61746 954.8100000000
62381 957.1900000000
62525 966.4800000000
67307 966.7000000000
69039 968.1000000000
77466 969.2200000000
100000 931.7300000000
evaluations raw_y
1 0.0000000000
2 8.0100000000
3 19.7500000000
4 24.5800000000
7 25.3000000000
9 27.6900000000
10 32.4500000000
12 52.8900000000
17 55.1000000000
26 61.4200000000
28 67.2800000000
32 77.0800000000
35 89.8100000000
39 148.4600000000
42 156.3700000000
43 172.8700000000
65 189.4500000000
97 191.5900000000
198 203.5200000000
199 208.5600000000
204 209.1000000000
212 222.6900000000
213 223.5600000000
262 229.7000000000
330 234.0900000000
430 242.9500000000
455 259.7600000000
589 262.9400000000
592 265.3600000000
600 266.0000000000
603 266.9000000000
609 268.8200000000
630 274.6500000000
639 282.2900000000
644 312.1500000000
673 314.2700000000
681 324.0100000000
691 331.6100000000
696 344.9000000000
741 349.6000000000
751 350.3300000000
769 352.5300000000
787 359.6900000000
828 367.7600000000
842 370.4200000000
923 373.8100000000
1167 388.5900000000
1261 389.2600000000
1347 398.5300000000
1354 406.6400000000
1374 416.8400000000
1376 430.2700000000
1377 430.6600000000
1398 435.0800000000
1532 440.0500000000
1714 440.6600000000
1860 442.7600000000
1896 450.2700000000
1898 458.0300000000
1994 459.1700000000
2053 475.7100000000
2087 484.1800000000
2173 488.8500000000
2564 494.3500000000
2918 507.9800000000
2940 528.6000000000
2968 530.4100000000
3087 550.4700000000
3443 589.6100000000
3461 604.4800000000
3464 607.6100000000
3486 616.9400000000
3503 617.8100000000
3507 623.0000000000
3510 634.5700000000
3554 641.0800000000
3562 642.5600000000
3572 654.0300000000
3720 664.5300000000
3752 666.1900000000
4088 667.0300000000
4107 671.8100000000
4485 674.6400000000
4508 675.1000000000
4556 683.3500000000
4570 684.4500000000
4594 685.6700000000
4621 696.3800000000
4816 698.3300000000
4821 701.5200000000
4897 708.5100000000
5008 720.1700000000
6711 722.6000000000
6976 723.1300000000
7095 730.6400000000
7541 730.7200000000
7557 740.9400000000
7660 745.5200000000
7667 759.8600000000
7686 759.8800000000
7691 760.5100000000
7759 766.7600000000
7801 774.1500000000
7826 796.2800000000
7834 798.3600000000
7848 812.1200000000
7854 841.3500000000
7872 847.8100000000
7932 852.8800000000
7936 857.0000000000
8484 860.5500000000
9303 866.1800000000
9681 872.6200000000
10505 880.3200000000
10685 885.4500000000
10878 886.7500000000
11569 888.1000000000
11671 888.4400000000
11872 889.0400000000
12650 894.6700000000
16412 903.2200000000
27734 904.9300000000
30283 906.1600000000
30334 913.1000000000
30586 914.3200000000
30719 921.4800000000
30785 922.5300000000
30908 926.7000000000
31059 927.6200000000
32702 931.3000000000
33544 934.0000000000
44543 934.4400000000
46034 934.6500000000
56141 941.2700000000
61800 945.3200000000
63992 946.4300000000
64128 953.5100000000
64148 958.6800000000
64557 958.8900000000
64591 962.7500000000
67806 969.5900000000
93073 970.8800000000
93576 983.4100000000
100000 10.5900000000
evaluations raw_y
1 0.0000000000
2 10.6800000000
4 12.6500000000
6 26.2700000000
7 37.5000000000
8 41.5700000000
9 47.5500000000
11 49.1800000000
21 62.7900000000
26 64.7400000000
29 88.8300000000
43 90.6600000000
49 91.1700000000
54 116.2900000000
63 116.9200000000
65 120.2900000000
66 125.4400000000
75 127.7700000000
76 146.6800000000
101 148.2900000000
112 154.0300000000
118 162.6100000000
137 172.8700000000
140 289.3800000000
188 292.5300000000
194 297.2200000000
222 308.1600000000
330 313.0600000000
335 321.3100000000
412 329.8800000000
551 338.8700000000
565 358.8000000000
588 383.8200000000
1092 388.2000000000
1186 395.7300000000
1496 397.3600000000
1571 401.0200000000
2136 402.0100000000
2869 415.2200000000
2877 424.8300000000
2879 455.0100000000
2882 473.9300000000
2920 480.6000000000
2947 543.7100000000
2950 571.0100000000
3072 574.6000000000
3107 589.1800000000
3184 597.8600000000
3208 598.4200000000
3340 608.9400000000
3424 611.7700000000
3634 613.4700000000
3683 615.0400000000
3729 623.8300000000
4145 642.4200000000
4290 644.4100000000
4291 655.1300000000
4305 659.7100000000
4448 665.2600000000
4725 676.5200000000
5140 683.5200000000
7066 688.7500000000
7800 693.4200000000
8013 707.1200000000
8928 708.8100000000
9548 716.9400000000
11830 718.0400000000
12481 799.7100000000
12508 821.1300000000
12546 823.2100000000
12572 825.1500000000
12657 826.9000000000
12780 830.8600000000
12809 831.3800000000
12871 839.7900000000
13134 841.9400000000
13243 843.0800000000
13793 843.6200000000
15614 846.4600000000
15710 854.6800000000
15917 854.7900000000
15918 861.2500000000
15935 866.9400000000
16005 877.9000000000
16417 885.7300000000
21156 891.5300000000
23765 892.5000000000
24035 893.6500000000
24495 897.0100000000
24652 899.0200000000
25663 899.5200000000
26994 900.2400000000
27164 900.3400000000
27539 902.7900000000
39489 910.7500000000
62272 911.3100000000
69260 913.3300000000
69453 918.4000000000
69575 921.4800000000
69871 927.4200000000
71043 930.2500000000
75139 932.2300000000
81758 933.1000000000
81871 936.3400000000
82065 938.5100000000
82312 939.8900000000
82614 940.5700000000
82913 947.2200000000
88711 953.6400000000
98421 959.1500000000
100000 37.5200000000
evaluations raw_y
1 0.0000000000
2 1.3400000000
3 13.8800000000
4 21.9800000000
7 36.9600000000
11 45.1200000000
28 50.3400000000
29 58.5100000000
31 71.7800000000
37 74.1100000000
44 92.8200000000
46 139.7600000000
52 140.8400000000
73 142.8100000000
80 143.8200000000
99 152.6000000000
104 154.1700000000
108 154.3100000000
112 156.2300000000
116 157.3300000000
117 162.6400000000
121 165.9500000000
128 171.8500000000
131 179.8200000000
144 199.8500000000
168 208.6500000000
306 219.5400000000
345 223.7800000000
347 238.4500000000
349 266.3600000000
353 285.9800000000
354 303.8900000000
393 303.9400000000
409 327.2000000000
422 332.9300000000
424 333.4900000000
437 346.7300000000
538 349.3100000000
541 356.3400000000
542 470.4600000000
689 475.1800000000
1229 475.9600000000
1265 489.7700000000
1444 498.9600000000
1721 510.8100000000
1799 512.6900000000
1843 514.8500000000
1905 642.1400000000
1924 661.4400000000
1941 664.2800000000
1965 669.2000000000
2105 669.8400000000
2188 671.5600000000
2205 671.5700000000
2404 672.5500000000
2473 677.2700000000
2748 678.7100000000
2779 689.2600000000
7188 694.1200000000
7227 707.7700000000
7345 710.5200000000
7485 711.4300000000
7527 715.9700000000
7573 722.4800000000
10364 725.0100000000
10782 726.9400000000
11268 729.2800000000
11622 735.0400000000
12009 735.6400000000
14592 740.3700000000
14724 744.0800000000
14774 747.2700000000
15218 747.6700000000
15300 750.1200000000
15308 756.8700000000
15427 772.0300000000
17806 816.8400000000
17860 816.9600000000
17863 818.0100000000
17884 819.1200000000
17890 826.3100000000
17900 829.5900000000
17930 831.8200000000
17987 841.6500000000
18080 852.1600000000
18171 858.2000000000
18326 864.1300000000
19094 865.5200000000
19186 865.9900000000
19541 873.8800000000
19689 876.6400000000
19760 880.6400000000
19859 881.6500000000
19952 885.3200000000
19961 885.9200000000
19964 886.1800000000
19993 895.0300000000
20198 901.7300000000
20306 911.4100000000
21127 915.5700000000
24712 915.9700000000
24837 919.7100000000
24840 925.2300000000
24847 931.9600000000
24892 936.9800000000
26816 940.9700000000
27121 942.9400000000
33277 946.0700000000
33357 953.1600000000
33396 955.0300000000
33556 955.7900000000
34719 956.8800000000
35509 962.6900000000
36392 968.5000000000
37620 976.8300000000
100000 22.8400000000
evaluations raw_y
1 0.0000000000
2 10.8400000000
3 14.0000000000
4 18.4900000000
6 25.4900000000
10 35.4600000000
11 58.2100000000
15 66.8200000000
19 68.4000000000
21 69.9600000000
23 72.4900000000
32 75.7700000000
37 211.5200000000
58 239.5900000000
62 254.3100000000
68 255.9000000000
70 278.1500000000
106 313.2600000000
115 317.0400000000
131 318.9700000000
144 321.2500000000
151 340.9400000000
263 349.0400000000
280 365.8200000000
466 366.0800000000
522 372.0100000000
586 422.5600000000
654 433.7400000000
661 456.3100000000
680 469.4700000000
945 475.9900000000
1129 486.0700000000
1504 498.1000000000
1912 500.1300000000
2065 573.0500000000
2072 573.6700000000
2073 594.3400000000
2107 604.6700000000
2114 621.7400000000
2261 627.2200000000
4216 630.0800000000
4800 631.3400000000
4848 653.5000000000
4855 659.4800000000
4902 662.1900000000
4911 675.7000000000
5106 679.2200000000
5522 706.1300000000
5530 720.2400000000
5540 723.0700000000
5547 739.7000000000
5552 745.5000000000
5575 746.8100000000
5688 750.8100000000
5727 750.9900000000
5818 753.2200000000
5870 760.5400000000
5916 774.3700000000
9001 778.9100000000
12480 845.1700000000
12598 855.2000000000
12619 870.2400000000
12736 873.0200000000
13008 874.7300000000
13569 875.9800000000
13754 878.4600000000
14212 878.6800000000
14492 882.4600000000
18876 885.0000000000
50550 898.0600000000
50656 906.8700000000
51097 917.9000000000
51137 919.5300000000
56859 930.1000000000
64178 933.5700000000
65515 936.9400000000
66091 938.9100000000
66293 946.7200000000
66512 949.1100000000
82703 958.2800000000
84992 960.4200000000
92743 963.2400000000
100000 892.0600000000
evaluations raw_y
1 0.0000000000
2 16.6500000000
3 35.4400000000
5 40.4900000000
15 59.5600000000
17 64.6100000000
35 87.9400000000
36 89.8300000000
42 109.1500000000
46 116.1100000000
49 116.7200000000
53 123.2300000000
57 126.5100000000
60 132.7700000000
71 135.1800000000
73 150.0600000000
86 163.3400000000
105 187.3600000000
106 195.6100000000
161 198.4200000000
171 199.9900000000
190 221.6000000000
193 225.3800000000
195 265.2800000000
232 267.1200000000
279 274.4600000000
290 302.0900000000
534 313.6000000000
539 322.8200000000
558 325.5600000000
713 334.6300000000
722 336.0900000000
739 339.8200000000
866 340.5100000000
1318 357.3500000000
1394 363.1800000000
1430 374.8800000000
1444 379.3500000000
1451 388.3500000000
1478 394.8600000000
1650 400.4100000000
1698 404.1800000000
1855 413.3000000000
1910 415.0400000000
2024 426.9200000000
2027 448.0600000000
2030 465.4600000000
2118 469.8500000000
3088 481.1000000000
3717 488.6600000000
4614 489.3400000000
4654 498.7400000000
5240 503.0900000000
5918 505.4900000000
5977 511.0600000000
6008 513.4600000000
6164 539.6700000000
6517 565.6500000000
6523 574.3100000000
6531 584.2000000000
6547 592.7200000000
6637 595.6900000000
6690 595.7500000000
6770 606.0500000000
6863 613.9100000000
6875 617.3400000000
6892 623.3100000000
6924 632.0500000000
7076 652.6300000000
7461 726.7400000000
7486 726.9000000000
7489 746.2600000000
7502 756.4500000000
7620 762.5200000000
9308 763.9300000000
10115 769.9900000000
10567 770.8100000000
14160 778.4500000000
21759 785.3000000000
21775 794.2300000000
21891 802.4800000000
22791 827.5600000000
22822 841.7300000000
22850 852.0300000000
22856 854.8800000000
23069 862.0900000000
23075 868.3700000000
23316 879.9600000000
25077 892.9800000000
25335 896.5000000000
25382 897.6500000000
25417 903.2000000000
25438 922.6100000000
31000 923.2300000000
31483 927.7100000000
34280 928.3000000000
45737 930.6100000000
56043 942.5300000000
71471 953.1000000000
74005 959.7600000000
79485 964.2100000000
92738 966.3300000000
100000 864.3900000000
evaluations raw_y
1 0.0000000000
2 19.4200000000
3 27.9000000000
5 60.9800000000
8 72.9800000000
9 85.7900000000
17 104.3400000000
25 118.1600000000
26 120.6900000000
31 133.0200000000
55 145.4100000000
87 153.7200000000
91 160.8000000000
97 191.8500000000
107 198.5100000000
166 213.2700000000
172 227.4100000000
177 246.6100000000
373 248.9000000000
410 252.7600000000
450 253.1400000000
453 264.1200000000
460 272.6700000000
461 275.1000000000
468 280.9300000000
478 285.6100000000
481 303.2900000000
487 304.1800000000
488 309.8600000000
491 319.1500000000
535 323.0500000000
540 340.6600000000
589 346.4400000000
603 348.9100000000
615 381.7400000000
943 407.8400000000
951 415.1300000000
1080 419.5500000000
1215 420.4300000000
1472 428.6300000000
1509 433.3300000000
1635 434.4100000000
1681 438.0100000000
1929 447.2200000000
1987 448.1700000000
2157 450.4200000000
2459 453.2700000000
2504 456.6000000000
2511 459.0200000000
2598 467.9700000000
2604 474.3700000000
2649 479.2200000000
2658 486.9900000000
2698 505.5400000000
3048 509.5600000000
3057 517.2000000000
3077 532.9100000000
3099 548.8100000000
3147 550.6900000000
3332 551.8700000000
3342 553.1700000000
3351 559.0600000000
3356 596.6300000000
3386 607.4900000000
3404 612.5700000000
3416 624.7100000000
3516 636.4500000000
3677 638.3100000000
3730 640.0200000000
3879 643.4800000000
3894 648.8300000000
4101 657.1700000000
4443 659.8000000000
4456 662.7200000000
4766 663.0900000000
5178 670.9700000000
5359 673.1700000000
5591 693.3600000000
5599 701.2600000000
5607 705.9300000000
5610 722.6400000000
5671 724.2800000000
5957 734.0000000000
5969 743.6200000000
5970 750.8200000000
6043 759.8200000000
6075 759.9000000000
7715 761.9100000000
7948 764.4100000000
8513 766.8700000000
9408 768.5000000000
10133 778.0400000000
11106 778.7800000000
12087 786.1200000000
13585 787.5300000000
14791 814.4500000000
14808 842.5700000000
14879 842.6000000000
15013 847.4400000000
15049 847.5500000000
15157 849.2300000000
15989 851.2600000000
16169 859.0200000000
16248 867.7800000000
16393 869.0500000000
17966 871.5700000000
18220 880.3600000000
18399 884.6500000000
18441 890.2800000000
18589 893.6200000000
18631 905.6300000000
19438 908.0600000000
22369 911.7000000000
24621 914.7800000000
41584 915.2700000000
55974 916.7300000000
57771 921.6100000000
59322 926.0300000000
73794 927.2900000000
78757 931.0900000000
78971 934.1200000000
79447 935.2300000000
79814 940.1400000000
84092 946.5500000000
100000 772.8300000000
evaluations raw_y
1 0.0000000000
2 12.6300000000
4 29.4500000000
7 32.7300000000
8 198.3200000000
9 216.6500000000
10 249.3600000000
18 255.3000000000
42 267.7400000000
46 293.7400000000
96 294.6500000000
101 309.4500000000
116 333.0100000000
127 371.7000000000
152 375.5400000000
158 376.5000000000
234 386.1900000000
287 400.6800000000
1256 423.2400000000
1258 443.2700000000
1261 455.4600000000
1311 460.5300000000
1333 462.4000000000
1335 468.4000000000
1359 470.4200000000
1497 475.7700000000
1671 478.5600000000
2354 485.5200000000
2359 505.5700000000
2377 547.4100000000
2391 560.3400000000
2481 561.0700000000
2493 561.8000000000
2507 577.4000000000
2596 581.1200000000
2603 590.0200000000
2706 593.9800000000
2779 596.1600000000
3265 600.2500000000
3530 607.6200000000
3704 609.6400000000
3817 616.7700000000
3884 617.0500000000
4674 629.0700000000
4704 647.0700000000
4789 649.3800000000
4823 658.5000000000
5444 663.4900000000
5490 684.4400000000
6029 691.1000000000
6190 692.1700000000
6300 694.8100000000
8414 696.7400000000
8469 700.6300000000
8473 705.7300000000
8485 721.6300000000
9712 728.3200000000
9918 735.2700000000
13501 744.9100000000
13775 747.2800000000
13858 796.3200000000
13881 817.6200000000
13882 825.6500000000
13942 827.8800000000
13955 832.0100000000
13988 845.3000000000
14012 851.6900000000
14023 857.4700000000
18540 862.3700000000
19364 865.5900000000
26447 868.1600000000
26505 869.8400000000
26508 870.3500000000
26549 877.0200000000
26679 882.3700000000
26931 888.8400000000
27152 890.5900000000
28210 891.8200000000
29430 897.5200000000
29812 903.8100000000
31902 911.4700000000
32188 921.0200000000
33316 923.6300000000
37268 927.9400000000
37490 936.8800000000
37947 938.4600000000
59930 941.9300000000
100000 812.5900000000
evaluations raw_y
1 0.0000000000
2 7.1000000000
3 43.6200000000
4 63.5900000000
8 67.6800000000
13 94.4000000000
27 99.5500000000
36 111.4900000000
38 113.6300000000
54 121.4500000000
59 132.3600000000
69 134.3600000000
77 140.7700000000
87 156.9300000000
88 184.9000000000
111 186.8300000000
187 190.6600000000
206 194.7500000000
229 201.2500000000
233 204.6200000000
237 209.2100000000
312 220.9400000000
513 222.5600000000
547 228.4300000000
595 231.0900000000
600 235.3100000000
621 237.7200000000
623 241.5900000000
628 251.3800000000
709 251.7200000000
804 256.5700000000
914 272.0800000000
1064 275.9400000000
1417 334.6200000000
1564 343.1800000000
1614 345.3600000000
1624 345.7300000000
1653 352.7800000000
1674 355.2200000000
1723 356.1300000000
1725 372.3500000000
1836 372.3600000000
1869 376.5900000000
1872 380.8900000000
1892 391.6300000000
1894 400.2900000000
2019 400.3900000000
2046 401.8500000000
2056 406.0600000000
2079 418.9400000000
2308 420.8600000000
2392 426.5300000000
2642 436.2200000000
3433 438.8000000000
3597 446.1900000000
4000 468.5500000000
4387 478.5400000000
4434 490.9800000000
4900 498.5200000000
4910 594.0000000000
4918 602.8000000000
4969 603.5700000000
4975 605.5200000000
4982 607.3500000000
4985 617.0000000000
5012 635.5700000000
5023 640.0400000000
5027 650.0700000000
5047 652.9800000000
5143 657.3100000000
5149 669.6200000000
5308 690.9100000000
5580 694.0500000000
5852 697.3600000000
5966 698.6900000000
6465 713.2200000000
8397 720.9200000000
8608 728.5900000000
8611 729.7600000000
8629 731.0200000000
8667 731.0300000000
8749 741.5600000000
8770 741.9300000000
8848 746.5900000000
8858 758.7700000000
8870 811.2700000000
8907 822.6800000000
8953 822.9200000000
9030 835.2300000000
12242 836.4200000000
13014 853.3100000000
13039 864.9000000000
13074 868.5800000000
13075 872.5100000000
13112 878.7000000000
13334 887.3100000000
15183 890.1900000000
22603 890.2100000000
22807 892.1800000000
23116 898.6500000000
25272 901.0100000000
30272 904.3500000000
30344 909.4100000000
30357 910.8200000000
30383 922.6700000000
31619 924.2300000000
34137 924.9500000000
34238 925.7900000000
34715 926.7600000000
36507 928.0800000000
36565 929.9600000000
37318 932.7800000000
42537 936.9400000000
52706 941.3800000000
65091 945.2300000000
77686 947.1100000000
82060 948.0200000000
84093 948.5900000000
89628 950.5100000000
90803 961.4700000000
100000 858.1200000000
evaluations raw_y
1 0.0000000000
2 4.9100000000
3 18.6100000000
4 32.7200000000
5 44.7600000000
6 45.3900000000
8 53.8400000000
9 60.5100000000
15 67.5800000000
28 87.6400000000
34 102.2300000000
39 108.2500000000
41 118.7100000000
69 121.5000000000
76 151.6100000000
120 152.1400000000
121 152.2900000000
135 154.8600000000
136 159.3800000000
142 196.9700000000
154 242.8400000000
160 243.8400000000
170 251.7200000000
173 281.1800000000
178 295.4100000000
187 298.3800000000
216 300.1700000000
266 311.3200000000
320 315.0500000000
342 358.7500000000
345 378.1800000000
355 382.1200000000
371 416.6300000000
381 419.8200000000
389 437.8000000000
440 439.2300000000
459 460.3300000000
601 467.4600000000
613 474.5700000000
660 477.6500000000
717 480.8800000000
726 483.1700000000
754 490.5500000000
869 490.9300000000
976 493.7800000000
1104 499.4700000000
1264 505.9200000000
1302 519.1100000000
1348 527.9100000000
1351 528.9200000000
1371 533.5900000000
1454 534.2400000000
1515 541.5700000000
1583 544.6500000000
1997 552.7700000000
2234 555.4200000000
2455 558.5400000000
2513 559.7200000000
2599 559.8300000000
2608 564.0200000000
2672 575.4600000000
2742 683.2200000000
4472 685.4800000000
4483 696.1000000000
4576 699.9000000000
4746 715.0800000000
17101 720.6100000000
17116 729.8800000000
17126 752.5100000000
17178 752.5600000000
17240 753.1400000000
18724 755.8500000000
19058 756.2100000000
19173 757.8900000000
19197 758.5000000000
19390 758.8800000000
19405 765.9700000000
20583 766.8000000000
20890 769.8800000000
21974 774.2700000000
22121 774.6000000000
22403 779.3800000000
23848 785.0900000000
23870 788.9700000000
23903 791.2000000000
24107 796.4600000000
24224 798.4200000000
24352 801.9500000000
24491 804.9100000000
24815 805.1500000000
25052 814.8400000000
25702 816.7400000000
26438 828.1900000000
30575 878.0600000000
38585 881.2500000000
38703 884.9000000000
38740 889.0600000000
39631 898.4200000000
46655 899.6300000000
46909 900.7700000000
48091 905.4400000000
48465 907.3000000000
48874 907.3300000000
60932 907.3900000000
61038 910.8200000000
61244 919.1200000000
61633 920.8400000000
62494 923.6300000000
63708 925.1100000000
67680 929.6100000000
70054 934.4800000000
85518 935.1800000000
90868 943.4300000000
92780 946.8400000000
94366 950.3800000000
94494 955.0400000000
96089 961.1300000000
96776 965.9800000000
96807 971.0600000000
100000 867.8000000000
evaluations raw_y
1 0.0000000000
2 2.6600000000
3 10.6000000000
4 15.5900000000
7 45.8500000000
10 54.7300000000
11 69.4800000000
16 88.9700000000
17 94.6800000000
25 111.3700000000
32 119.4500000000
49 124.2100000000
51 139.9100000000
56 153.7800000000
63 161.1800000000
65 164.1200000000
105 177.8800000000
109 186.9700000000
136 191.5800000000
206 224.2200000000
333 231.0500000000
340 257.6600000000
387 257.8900000000
389 269.4700000000
502 273.2100000000
505 284.0400000000
565 314.3100000000
704 321.4400000000
761 324.4200000000
779 327.1300000000
821 341.4700000000
857 363.6500000000
875 376.6400000000
882 401.3500000000
906 412.6800000000
907 439.8300000000
953 440.2400000000
965 448.7500000000
990 457.5400000000
1096 466.9800000000
1361 470.3500000000
1476 471.0700000000
1479 478.5600000000
1622 479.4100000000
1679 481.2400000000
1682 484.6700000000
1686 499.7600000000
1741 502.5000000000
1748 509.1900000000
1784 517.7600000000
1821 523.3500000000
2018 523.8900000000
2070 526.3900000000
2109 527.0600000000
2116 530.6300000000
2181 533.2900000000
2216 542.9100000000
2365 546.1500000000
2392 547.2700000000
2426 547.7800000000
2444 551.5100000000
2460 560.6600000000
2471 566.6400000000
2644 574.5900000000
2943 579.4400000000
2968 585.6000000000
3060 587.5400000000
3289 588.1900000000
3308 590.9300000000
3341 597.6700000000
3342 606.8000000000
3409 611.0600000000
3537 614.5100000000
3580 619.4200000000
3644 620.4200000000
6442 644.8700000000
7371 707.1500000000
7432 710.6100000000
7433 716.9500000000
7442 722.2300000000
7488 723.7500000000
7506 724.3500000000
7520 736.2900000000
7630 749.3600000000
8591 754.8000000000
8891 766.5900000000
10567 771.2200000000
13335 774.3300000000
13417 778.3700000000
14462 781.5300000000
15695 787.3100000000
15713 801.5900000000
15826 806.4500000000
15915 810.6000000000
16081 812.7500000000
16134 816.9200000000
16159 817.5900000000
16234 823.4400000000
16236 823.6400000000
16265 830.3900000000
16268 833.5400000000
16293 833.8900000000
16369 836.6200000000
16461 838.3200000000
16487 839.1400000000
16540 844.5100000000
17833 849.7100000000
18078 861.7300000000
19031 865.3600000000
27002 865.9200000000
27101 866.2100000000
27143 866.7100000000
27431 870.4100000000
27590 881.1000000000
27726 881.1600000000
30831 886.3500000000
31469 892.4100000000
38119 892.8400000000
44655 902.6100000000
46096 903.0400000000
46590 903.6400000000
46696 911.1000000000
47130 915.9000000000
47338 919.3500000000
49502 925.7100000000
61025 926.5300000000
61346 930.4300000000
62177 931.3500000000
62728 931.5100000000
63299 936.6800000000
63603 938.7200000000
69045 943.9000000000
69942 945.3800000000
74926 949.7000000000
100000 17.1200000000
evaluations raw_y
1 0.0000000000
2 1.5600000000
3 8.5400000000
4 17.8800000000
8 40.6900000000
9 62.8300000000
13 65.8300000000
14 84.4800000000
15 114.8000000000
20 120.6300000000
26 157.5800000000
38 158.5800000000
39 158.7100000000
46 166.5500000000
51 172.1600000000
64 185.8100000000
86 187.4900000000
139 190.2900000000
140 229.9400000000
147 246.2100000000
150 261.3000000000
194 277.3900000000
205 289.6700000000
225 303.1300000000
232 304.2700000000
239 310.3500000000
249 318.4600000000
251 328.5800000000
274 341.8600000000
294 358.2000000000
776 360.7100000000
821 389.5500000000
1238 396.1800000000
1260 412.9000000000
1743 415.4600000000
1755 431.9400000000
1825 433.6500000000
1830 433.8300000000
1832 438.4700000000
1843 456.5900000000
1874 462.9600000000
1992 474.0800000000
2242 481.6100000000
2304 481.7000000000
2314 485.5300000000
2389 498.4400000000
3897 508.9200000000
4531 517.0800000000
4542 518.1000000000
4543 650.5100000000
4550 665.0100000000
4583 667.7100000000
4767 670.0500000000
4920 670.8400000000
5419 679.5600000000
7772 687.5500000000
9547 695.9200000000
9587 724.2700000000
9680 725.5800000000
10526 730.5600000000
11177 737.1000000000
11187 834.6000000000
14259 836.3200000000
14309 836.6600000000
14314 843.7500000000
16423 844.1300000000
19004 889.2400000000
19006 895.7000000000
19112 905.3000000000
20905 911.9400000000
24292 924.8200000000
28692 925.5900000000
30404 927.7100000000
30941 929.1100000000
33883 936.9500000000
44224 943.8900000000
49809 948.1200000000
75298 949.0400000000
100000 896.8500000000
evaluations raw_y
1 0.0000000000
2 19.7100000000
3 37.1000000000
4 39.6200000000
9 41.0200000000
10 56.3800000000
17 64.2200000000
20 72.6500000000
25 88.7100000000
34 106.6200000000
43 113.7000000000
53 128.4300000000
58 146.0000000000
95 152.0900000000
99 157.6400000000
126 174.1300000000
129 176.8200000000
131 180.5400000000
134 180.6000000000
160 180.6800000000
187 214.8600000000
203 244.1000000000
217 244.4200000000
221 251.6800000000
228 266.9700000000
239 284.2500000000
243 291.9800000000
261 293.2700000000
288 321.8400000000
297 339.7800000000
307 348.6600000000
310 387.0600000000
329 415.3200000000
356 425.4900000000
373 426.9600000000
382 444.8500000000
452 449.7200000000
454 450.3700000000
461 471.1900000000
471 483.4500000000
545 495.9800000000
690 518.6000000000
821 522.6500000000
1370 524.3500000000
1747 542.6600000000
2164 592.3400000000
2175 595.4900000000
2177 610.1900000000
2239 612.4600000000
2614 622.2800000000
5448 625.4800000000
5472 635.5500000000
5972 654.3700000000
6411 753.2100000000
6457 762.4900000000
7272 762.5700000000
8800 765.7800000000
9391 766.4100000000
9914 773.6600000000
12046 776.1600000000
14323 780.2200000000
14697 780.7000000000
15004 783.2800000000
15308 783.8100000000
15838 784.5000000000
16592 795.6800000000
16738 848.7800000000
17003 850.1100000000
17274 850.4700000000
17275 857.5100000000
18507 862.5000000000
19768 864.2500000000
22250 865.5800000000
23851 872.3600000000
23892 873.0400000000
24024 883.9000000000
24126 884.5400000000
24272 894.8100000000
24380 900.1800000000
24998 907.5000000000
35894 914.6500000000
56700 922.0100000000
56835 922.9400000000
56918 935.5900000000
62840 936.7900000000
66494 937.0300000000
72987 938.6000000000
73293 939.7500000000
73479 940.0600000000
83667 941.2900000000
85352 948.9800000000
86926 962.2200000000
100000 483.9600000000
evaluations raw_y
1 0.0000000000
2 6.0600000000
5 14.8200000000
6 15.4900000000
9 28.1600000000
10 36.6200000000
12 46.3400000000
25 53.7300000000
29 56.5400000000
31 57.6200000000
40 74.2500000000
54 112.1100000000
57 116.2000000000
59 129.3300000000
61 133.0100000000
62 136.1900000000
83 144.7500000000
99 144.8800000000
107 167.5800000000
108 179.0200000000
112 192.3400000000
122 201.4700000000
148 202.9300000000
163 207.6100000000
180 213.1100000000
186 230.8400000000
195 241.2600000000
341 241.3600000000
363 241.5700000000
379 248.6300000000
680 263.7600000000
753 267.5900000000
809 270.0100000000
875 274.5800000000
889 277.9000000000
1091 289.6900000000
1118 290.7900000000
1159 302.8300000000
1292 310.9200000000
1312 320.1500000000
1513 334.1100000000
2411 345.4600000000
2435 349.1300000000
2438 352.0600000000
2467 361.4800000000
2521 375.8800000000
3057 383.4100000000
3510 383.8600000000
3552 403.3300000000
4094 411.5400000000
4132 411.9600000000
4327 412.6400000000
4410 413.8500000000
4636 415.9300000000
5054 424.8700000000
5068 426.7900000000
5069 436.2200000000
5075 437.9100000000
5077 446.1100000000
5178 449.5100000000
5230 454.6400000000
5241 456.0000000000
5250 457.6800000000
5562 465.1300000000
5602 474.9000000000
6041 477.6600000000
6116 478.3200000000
6153 502.7600000000
6197 503.4500000000
6225 507.1500000000
6307 509.5200000000
6321 518.5500000000
6322 521.1300000000
6324 531.6800000000
6325 545.6200000000
6330 546.3500000000
6399 562.9000000000
6718 575.8400000000
6787 589.4200000000
6826 596.4700000000
6959 603.1200000000
7221 605.8700000000
7247 624.2800000000
7405 626.6000000000
7465 637.1300000000
8888 639.5300000000
9057 639.9700000000
9129 643.8300000000
9158 729.7600000000
9163 734.7600000000
9185 748.7700000000
9224 760.9300000000
9279 762.0200000000
9405 769.6800000000
9645 773.5000000000
13734 775.2500000000
13778 775.5200000000
13782 793.2900000000
14800 796.8700000000
14951 797.4800000000
16296 831.8300000000
16298 844.5200000000
16337 848.2100000000
16370 869.1300000000
19554 869.5900000000
21467 874.6700000000
28551 876.5300000000
29861 879.8700000000
30263 882.4400000000
30641 882.9300000000
30914 889.7300000000
36607 894.6800000000
39862 902.5600000000
39993 914.7900000000
40536 916.6000000000
41244 918.0500000000
41502 921.1400000000
41669 925.5500000000
41672 925.6300000000
41704 926.0100000000
41848 930.2100000000
42701 930.9600000000
43370 931.7500000000
43892 945.9200000000
45657 953.2200000000
63129 957.2000000000
75061 961.0700000000
77531 965.0100000000
91215 965.5600000000
100000 914.9700000000
evaluations raw_y
1 0.0000000000
2 25.0000000000
6 25.2300000000
7 27.5500000000
8 47.2700000000
10 56.7900000000
13 58.0600000000
16 72.6900000000
22 86.0300000000
26 106.5400000000
38 112.4200000000
44 131.6000000000
48 137.8200000000
58 148.7400000000
62 162.0100000000
75 181.9900000000
116 188.1000000000
139 193.0700000000
214 199.8600000000
390 204.5200000000
391 211.9900000000
443 213.0100000000
481 214.0800000000
483 214.2400000000
490 215.3200000000
498 218.5000000000
513 227.6700000000
562 231.4200000000
564 232.4100000000
565 240.9700000000
575 249.3100000000
580 267.9700000000
581 273.5000000000
586 273.6500000000
592 274.5000000000
599 295.7100000000
603 296.4400000000
609 306.9000000000
620 310.7800000000
622 332.1800000000
625 344.0600000000
772 366.1800000000
818 367.5500000000
862 375.8200000000
898 376.1300000000
925 385.4400000000
928 386.2800000000
942 389.3100000000
958 395.2100000000
1036 396.0800000000
1055 401.0700000000
1078 402.3200000000
1081 410.5800000000
1117 412.7200000000
1191 417.7300000000
1198 426.5200000000
1204 444.5300000000
1231 455.2300000000
1232 459.6200000000
1290 474.1100000000
1370 483.6400000000
1532 485.7100000000
1537 485.8800000000
1767 493.8800000000
1830 498.8800000000
2424 523.4600000000
4051 524.9300000000
4083 534.6600000000
4577 535.2100000000
4618 539.2900000000
4762 544.6200000000
5002 547.9100000000
5151 549.4200000000
5380 552.5000000000
5589 554.6400000000
5897 569.0200000000
6273 665.6900000000
6311 681.2400000000
6394 702.8700000000
6771 705.4200000000
9912 713.5200000000
10583 715.9900000000
10651 724.0300000000
10751 725.5400000000
10975 730.0200000000
13199 741.2400000000
13468 753.9400000000
17142 755.6700000000
17501 763.8000000000
21980 769.1600000000
21987 779.5700000000
21996 781.9000000000
22000 790.1300000000
22004 792.4100000000
22009 793.3100000000
22015 804.6700000000
22800 809.1900000000
22862 809.5100000000
23008 810.6200000000
23156 815.2400000000
23296 815.5200000000
23366 816.1500000000
23434 820.5800000000
23514 831.8200000000
23955 839.5700000000
23990 841.9200000000
24472 842.8500000000
24564 842.8900000000
24912 857.0100000000
28510 861.9700000000
28552 873.7800000000
30259 886.7000000000
31671 891.6400000000
33461 892.1800000000
37109 896.5400000000
39048 911.6800000000
74641 912.7400000000
75280 917.8300000000
80777 930.7800000000
100000 -1.0000000000
evaluations raw_y
1 0.0000000000
2 3.3500000000
3 12.1400000000
4 16.0900000000
5 33.9200000000
8 50.3900000000
9 53.4900000000
22 66.6500000000
24 87.0200000000
27 118.5400000000
40 126.3000000000
47 133.9000000000
52 143.3900000000
57 160.9100000000
83 162.2000000000
87 166.0900000000
88 177.6300000000
110 185.1300000000
112 190.1800000000
119 193.1900000000
162 211.1800000000
163 245.1400000000
183 255.3600000000
187 261.3700000000
202 274.3800000000
203 282.5500000000
210 291.5600000000
212 326.3900000000
214 330.3100000000
215 365.3600000000
347 440.8300000000
351 451.2900000000
353 476.1500000000
449 480.1800000000
477 483.8300000000
524 495.5200000000
534 501.5300000000
538 504.4400000000
568 505.4500000000
596 511.5400000000
629 513.9400000000
683 516.7000000000
710 524.0100000000
779 525.1900000000
799 532.9400000000
1287 543.4100000000
1316 554.0300000000
1339 555.7000000000
1427 576.9000000000
1456 603.8700000000
1533 604.2300000000
1775 611.8700000000
2207 698.1800000000
4963 699.9300000000
5087 700.4900000000
5089 702.8300000000
5127 723.7100000000
6047 731.8300000000
6976 734.8400000000
7029 735.7100000000
9548 737.6200000000
15456 762.9900000000
15462 780.8900000000
15486 788.9800000000
15791 791.2600000000
15817 812.0100000000
16592 814.9500000000
18224 815.9700000000
19323 817.4400000000
20190 820.3200000000
22445 838.5800000000
23168 839.3400000000
23198 846.7100000000
23233 850.9400000000
23496 860.3200000000
26564 862.7000000000
34227 864.9800000000
34714 868.5300000000
35679 872.0600000000
37857 874.3700000000
38306 875.5200000000
38792 875.8600000000
38986 878.3500000000
40152 884.0900000000
50758 885.4500000000
54429 887.9200000000
54510 892.3600000000
54777 903.8200000000
54879 904.5100000000
55114 909.7200000000
56818 910.9300000000
58827 911.2600000000
59322 919.4300000000
61599 932.7100000000
62442 937.7300000000
67778 947.9700000000
68072 951.8700000000
72703 952.4400000000
75072 954.9200000000
75093 955.6500000000
77356 956.7300000000
77672 959.1100000000
81385 961.9900000000
82056 962.4400000000
100000 842.5900000000
evaluations raw_y
1 0.0000000000
2 5.7600000000
3 18.1400000000
5 31.8800000000
12 40.6700000000
14 42.8600000000
18 42.8700000000
34 55.6400000000
36 62.4600000000
39 68.1600000000
43 87.1200000000
50 266.0800000000
73 270.6000000000
78 284.8500000000
87 300.5500000000
139 328.5000000000
147 340.8400000000
180 343.8300000000
245 345.3700000000
307 348.1500000000
317 359.0100000000
530 363.1500000000
615 375.8500000000
952 381.4500000000
966 386.9100000000
1140 406.5700000000
2120 416.4300000000
2294 425.8700000000
2324 431.0200000000
2331 433.3000000000
2342 436.9100000000
2354 439.8900000000
2363 446.8200000000
2497 450.3100000000
2501 450.6700000000
2512 470.9700000000
2934 472.7500000000
3332 475.1800000000
3443 483.2700000000
4171 579.6500000000
4271 581.5300000000
4273 594.7400000000
4299 597.1700000000
4309 600.5700000000
4343 604.1900000000
4557 615.3700000000
6827 619.9900000000
6983 620.1400000000
7087 620.3000000000
7096 622.1400000000
7303 631.6600000000
7951 645.1900000000
8708 651.8400000000
8807 654.7600000000
9378 657.7700000000
11548 700.0100000000
11552 715.3700000000
11554 717.4100000000
11558 737.2700000000
11580 738.5900000000
11598 751.4800000000
11661 779.0400000000
13894 785.0600000000
13956 788.4000000000
14191 789.9600000000
15018 800.3100000000
18479 801.9800000000
18614 803.0300000000
18681 803.6100000000
18751 813.0900000000
20338 815.3200000000
21262 815.5600000000
22069 820.1000000000
22130 824.7100000000
22131 833.2400000000
22207 841.9700000000
22245 844.5900000000
23097 845.7000000000
23186 846.1400000000
23485 850.3500000000
25768 852.2300000000
26507 904.6500000000
26548 923.6700000000
26609 930.4700000000
26860 931.8600000000
27840 937.3400000000
30427 938.5300000000
30677 940.2100000000
32078 946.4400000000
35813 954.7000000000
100000 499.5900000000
evaluations raw_y
1 0.0000000000
2 2.8800000000
3 25.8200000000
4 27.5700000000
6 28.8700000000
9 65.0000000000
12 91.0000000000
15 107.7500000000
18 116.5100000000
20 149.8600000000
34 159.4600000000
36 164.6000000000
69 186.4700000000
83 187.5700000000
87 197.2200000000
105 206.1400000000
120 213.2200000000
147 221.6800000000
179 223.9100000000
343 226.2000000000
348 227.0200000000
351 238.7900000000
393 252.2700000000
426 271.3400000000
446 272.6800000000
458 286.0500000000
630 296.8200000000
636 311.5900000000
658 319.9300000000
797 320.1000000000
971 320.5700000000
1018 325.5900000000
1105 371.3000000000
1110 392.7800000000
1113 393.8300000000
1116 398.7800000000
1119 404.0500000000
1121 409.2600000000
1129 409.7400000000
1145 420.2100000000
1183 422.7300000000
1195 436.1600000000
2398 439.1100000000
2827 451.7100000000
2938 456.1800000000
4549 459.5300000000
4560 468.0300000000
4659 468.7600000000
4762 469.6500000000
4764 482.4600000000
4777 485.8200000000
4783 494.6000000000
4801 495.2300000000
4810 498.5400000000
4900 507.4700000000
4922 509.3700000000
4943 512.6400000000
4947 525.1400000000
4954 530.4600000000
5189 538.5700000000
5264 546.0900000000
5462 549.3700000000
6737 550.7200000000
7249 552.0100000000
7544 635.9100000000
7563 639.2700000000
7570 656.2800000000
8014 660.8300000000
8428 664.4100000000
8725 665.8800000000
9659 667.6000000000
10126 674.3400000000
11813 681.3700000000
11834 685.7300000000
11842 700.9900000000
12010 705.6400000000
12762 712.5000000000
13098 715.2000000000
13100 716.8300000000
13189 724.8600000000
13644 726.6400000000
13763 729.5000000000
14224 729.8400000000
14333 732.1800000000
14379 736.6000000000
14395 743.5300000000
14405 748.3500000000
14409 750.4800000000
14411 751.6700000000
14464 760.1400000000
14610 767.1300000000
17301 776.5600000000
22714 776.8700000000
22859 796.9600000000
22917 801.0000000000
23050 810.8800000000
23090 825.2300000000
23269 826.8200000000
23320 830.7200000000
23334 845.9000000000
23344 851.3400000000
23350 853.5700000000
23381 859.5700000000
23393 862.8800000000
23400 865.0800000000
23482 870.9600000000
23563 871.0400000000
23634 875.1300000000
24296 879.1300000000
25372 879.9600000000
25375 904.9400000000
25524 905.8500000000
25823 906.8400000000
26888 909.3100000000
26983 914.2600000000
27793 914.5800000000
29813 917.7400000000
30628 924.5300000000
31144 929.2200000000
31736 932.6300000000
32386 934.4300000000
35977 934.8600000000
45483 937.6800000000
67350 940.0100000000
72188 940.4300000000
72324 942.9500000000
75746 943.4500000000
100000 907.0500000000
evaluations raw_y
1 0.0000000000
2 12.0300000000
3 20.4000000000
5 123.6600000000
6 125.2400000000
9 126.2900000000
10 165.5900000000
12 182.3900000000
24 185.5200000000
29 188.7500000000
30 208.4100000000
33 212.6100000000
62 243.1400000000
142 329.5100000000
256 331.2500000000
299 335.7500000000
310 343.7900000000
330 348.3500000000
333 355.0400000000
337 366.8500000000
359 370.6700000000
366 417.3000000000
527 417.8000000000
541 419.4800000000
542 420.4600000000
553 436.4800000000
645 438.0200000000
811 448.9500000000
854 456.8900000000
944 461.6800000000
1076 462.9100000000
1119 477.4400000000
2006 478.4400000000
2057 481.3700000000
2070 484.5100000000
2091 487.3800000000
2158 496.8100000000
2733 499.0300000000
2811 500.9000000000
3215 508.3000000000
3248 524.3700000000
3268 530.6200000000
3294 532.0700000000
3351 551.5900000000
3633 569.7900000000
3723 581.7700000000
3765 582.5700000000
3769 586.6700000000
3771 597.6800000000
3935 609.4000000000
3936 613.0000000000
5282 622.2800000000
5333 639.2200000000
5341 667.8800000000
5360 675.1200000000
5505 680.3500000000
5522 681.9400000000
5599 683.7000000000
5658 685.2400000000
5672 690.4400000000
5790 695.0900000000
6227 697.6600000000
6421 703.0400000000
6646 708.6800000000
7373 721.1600000000
9292 732.2300000000
12938 739.9000000000
12962 751.3800000000
13213 757.8900000000
13478 770.6400000000
13641 772.7800000000
16513 772.9400000000
16517 782.2500000000
16743 783.6600000000
16816 784.6400000000
17708 786.6400000000
18264 789.4100000000
18266 794.1600000000
18445 796.5500000000
18486 797.0300000000
18527 797.5000000000
18558 804.3600000000
18653 813.2500000000
18731 814.3400000000
19098 849.7000000000
19250 856.3300000000
19356 856.9800000000
19848 861.0500000000
20315 868.5200000000
25520 872.7300000000
27775 878.0700000000
28524 880.6700000000
29301 880.8800000000
29412 899.6100000000
39647 901.1800000000
39669 904.8100000000
39680 906.8100000000
39789 911.0900000000
40477 912.7600000000
42945 916.3600000000
43544 917.1200000000
59021 922.1800000000
70084 929.4200000000
84290 931.3900000000
85600 931.7100000000
85999 934.3300000000
86038 945.6900000000
88184 946.2600000000
88214 950.9300000000
94315 955.5300000000
100000 933.5300000000
evaluations raw_y
1 0.0000000000
2 11.0300000000
3 25.7600000000
4 28.9800000000
10 59.3500000000
11 73.1900000000
24 86.7200000000
34 105.9800000000
45 108.4900000000
46 117.9800000000
49 127.2000000000
55 128.6100000000
56 133.4700000000
79 144.0800000000
86 202.0700000000
266 209.5400000000
269 220.1100000000
275 230.0300000000
301 236.8100000000
328 256.3400000000
348 258.2100000000
356 267.4100000000
363 289.2200000000
389 292.3000000000
484 295.6200000000
673 305.5100000000
703 306.0600000000
705 316.4500000000
717 322.7400000000
741 323.9400000000
767 333.7500000000
776 334.4200000000
797 339.4800000000
798 364.1000000000
832 374.1100000000
843 382.8900000000
916 383.9600000000
926 393.7700000000
937 397.3300000000
949 401.1100000000
973 423.3100000000
1093 427.4200000000
1147 430.9300000000
1388 431.3000000000
1396 435.6300000000
1408 438.3000000000
1419 448.6200000000
1455 449.7900000000
1480 517.8500000000
1483 545.3200000000
1494 550.6400000000
1645 554.4200000000
1701 561.6000000000
1753 563.8700000000
1802 573.1300000000
1804 573.2300000000
1811 587.2100000000
2804 588.7700000000
2811 589.8100000000
2835 590.4900000000
2838 592.7400000000
2884 600.3400000000
2967 604.6400000000
2979 604.8800000000
3000 605.1200000000
3067 606.9300000000
3168 609.1100000000
3265 611.4200000000
3354 618.3200000000
3495 622.6200000000
3531 639.9700000000
3583 647.0200000000
6119 650.6400000000
6221 665.4900000000
6336 672.1200000000
9796 738.8400000000
14965 739.9700000000
16009 744.4200000000
17452 751.1600000000
19528 754.3900000000
19569 771.5200000000
20726 777.1600000000
20773 782.5600000000
20868 787.2500000000
21386 793.4900000000
22328 796.3600000000
23438 803.7400000000
23564 812.4100000000
23599 814.5700000000
23620 823.7300000000
23645 824.3300000000
23667 832.1600000000
23908 834.3000000000
24998 835.0000000000
25330 836.3000000000
25347 856.4400000000
25380 864.5900000000
25496 865.8800000000
25506 872.6800000000
25523 874.3700000000
25527 874.7200000000
25538 890.8100000000
27134 892.9000000000
28919 898.4500000000
31050 913.0600000000
31103 920.7600000000
31714 922.2300000000
31746 925.4100000000
31761 927.2200000000
33039 927.8200000000
33623 930.6500000000
35085 931.2000000000
36815 932.7400000000
37981 933.2800000000
38770 939.5200000000
43281 940.0200000000
43310 948.2900000000
43820 950.6600000000
43863 950.6900000000
45334 955.7100000000
46846 956.8500000000
48327 958.1100000000
48809 962.7200000000
49887 969.8000000000
64311 970.3800000000
100000 847.5100000000
