evaluations raw_y
1 1.0000000000
6 3.0000000000
43 4.0000000000
266 6.0000000000
345 7.0000000000
640 9.0000000000
758 11.0000000000
921 14.0000000000
1090 18.0000000000
1269 20.0000000000
1369 21.0000000000
1379 22.0000000000
1724 26.0000000000
1798 27.0000000000
2183 28.0000000000
2405 29.0000000000
2431 30.0000000000
2498 31.0000000000
2580 34.0000000000
2600 35.0000000000
2656 40.0000000000
2825 42.0000000000
2850 48.0000000000
2869 50.0000000000
3019 53.0000000000
3087 54.0000000000
3459 56.0000000000
3671 57.0000000000
3705 61.0000000000
3729 62.0000000000
3923 63.0000000000
4132 67.0000000000
4370 68.0000000000
4440 69.0000000000
4662 70.0000000000
4862 71.0000000000
4920 72.0000000000
4929 74.0000000000
5217 75.0000000000
5327 76.0000000000
5600 77.0000000000
5872 79.0000000000
5894 80.0000000000
6395 81.0000000000
6547 83.0000000000
6903 84.0000000000
7140 92.0000000000
7560 94.0000000000
8170 96.0000000000
8452 98.0000000000
8576 99.0000000000
8739 100.0000000000
100000 80.0000000000
evaluations raw_y
1 2.0000000000
113 5.0000000000
203 6.0000000000
285 9.0000000000
398 10.0000000000
486 11.0000000000
575 12.0000000000
626 13.0000000000
671 15.0000000000
673 16.0000000000
675 17.0000000000
804 20.0000000000
825 21.0000000000
843 22.0000000000
907 23.0000000000
1000 24.0000000000
1113 25.0000000000
1430 27.0000000000
1570 29.0000000000
1616 32.0000000000
1768 34.0000000000
1825 35.0000000000
1939 40.0000000000
2067 45.0000000000
2290 49.0000000000
2423 51.0000000000
2532 52.0000000000
2842 53.0000000000
2846 58.0000000000
2971 59.0000000000
2995 61.0000000000
3081 62.0000000000
3509 64.0000000000
3627 65.0000000000
3748 67.0000000000
4127 71.0000000000
4277 72.0000000000
4444 73.0000000000
5029 75.0000000000
5478 76.0000000000
6039 80.0000000000
6864 82.0000000000
7397 85.0000000000
7498 86.0000000000
7580 90.0000000000
7732 92.0000000000
7771 93.0000000000
7946 94.0000000000
8160 95.0000000000
8455 99.0000000000
8485 100.0000000000
100000 100.0000000000
evaluations raw_y
1 0.0000000000
18 1.0000000000
112 5.0000000000
124 7.0000000000
220 8.0000000000
266 9.0000000000
338 11.0000000000
645 14.0000000000
669 15.0000000000
711 16.0000000000
1107 17.0000000000
1184 18.0000000000
1356 19.0000000000
1654 22.0000000000
1701 29.0000000000
1712 37.0000000000
1819 39.0000000000
2052 40.0000000000
2635 42.0000000000
2641 46.0000000000
2672 47.0000000000
2748 49.0000000000
3394 50.0000000000
3487 51.0000000000
3629 52.0000000000
3749 57.0000000000
3750 58.0000000000
4280 59.0000000000
4364 61.0000000000
4491 63.0000000000
5092 64.0000000000
5106 70.0000000000
5630 71.0000000000
5679 72.0000000000
5821 73.0000000000
5858 77.0000000000
5908 78.0000000000
6147 80.0000000000
6365 81.0000000000
6404 85.0000000000
6446 86.0000000000
6500 88.0000000000
6880 89.0000000000
7262 90.0000000000
7503 92.0000000000
7740 95.0000000000
7927 96.0000000000
8238 97.0000000000
8534 100.0000000000
100000 45.0000000000
evaluations raw_y
1 8.0000000000
222 9.0000000000
223 10.0000000000
295 20.0000000000
406 21.0000000000
412 23.0000000000
518 24.0000000000
566 25.0000000000
643 27.0000000000
661 28.0000000000
797 30.0000000000
836 33.0000000000
1185 34.0000000000
1304 36.0000000000
1383 38.0000000000
1428 39.0000000000
1991 40.0000000000
2099 41.0000000000
2393 43.0000000000
2778 46.0000000000
3265 47.0000000000
3283 48.0000000000
3469 49.0000000000
3551 51.0000000000
3586 54.0000000000
3645 57.0000000000
3702 58.0000000000
3840 61.0000000000
3962 63.0000000000
3990 64.0000000000
4044 65.0000000000
4054 67.0000000000
4259 68.0000000000
4411 69.0000000000
4496 70.0000000000
5147 71.0000000000
5938 72.0000000000
6333 73.0000000000
6429 74.0000000000
6591 76.0000000000
6741 79.0000000000
6786 82.0000000000
8067 83.0000000000
8144 84.0000000000
8206 87.0000000000
8256 91.0000000000
8656 93.0000000000
8868 97.0000000000
9013 98.0000000000
9386 100.0000000000
100000 100.0000000000
evaluations raw_y
1 0.0000000000
123 1.0000000000
267 3.0000000000
281 4.0000000000
282 5.0000000000
570 6.0000000000
585 12.0000000000
592 16.0000000000
965 18.0000000000
996 19.0000000000
1029 21.0000000000
1155 23.0000000000
1292 24.0000000000
1381 25.0000000000
1491 27.0000000000
1563 30.0000000000
1827 32.0000000000
1960 33.0000000000
2052 34.0000000000
2486 35.0000000000
2608 38.0000000000
2647 40.0000000000
2720 42.0000000000
2938 45.0000000000
3047 47.0000000000
3166 48.0000000000
3190 53.0000000000
3337 55.0000000000
3377 58.0000000000
3381 59.0000000000
3459 62.0000000000
4399 63.0000000000
4580 64.0000000000
4700 65.0000000000
4864 66.0000000000
5080 67.0000000000
5489 69.0000000000
5520 72.0000000000
5598 73.0000000000
5627 78.0000000000
5660 79.0000000000
6274 80.0000000000
6354 81.0000000000
6752 83.0000000000
6816 84.0000000000
7077 86.0000000000
7088 88.0000000000
7417 89.0000000000
7515 93.0000000000
7640 95.0000000000
9477 96.0000000000
9788 97.0000000000
10014 99.0000000000
10580 100.0000000000
100000 100.0000000000
evaluations raw_y
1 0.0000000000
79 4.0000000000
88 5.0000000000
160 6.0000000000
177 9.0000000000
223 10.0000000000
347 16.0000000000
366 18.0000000000
396 20.0000000000
415 21.0000000000
646 22.0000000000
838 24.0000000000
861 25.0000000000
958 26.0000000000
1086 27.0000000000
1098 30.0000000000
1330 32.0000000000
1568 33.0000000000
1853 34.0000000000
1988 38.0000000000
2078 41.0000000000
2085 44.0000000000
2150 46.0000000000
2866 50.0000000000
3065 51.0000000000
3082 52.0000000000
3826 53.0000000000
4745 54.0000000000
5008 55.0000000000
5192 56.0000000000
5759 59.0000000000
5977 60.0000000000
6291 61.0000000000
6415 65.0000000000
6836 66.0000000000
7375 73.0000000000
7536 75.0000000000
7686 78.0000000000
7764 82.0000000000
8506 88.0000000000
8696 90.0000000000
9336 97.0000000000
9494 98.0000000000
10207 99.0000000000
10423 100.0000000000
100000 100.0000000000
evaluations raw_y
1 0.0000000000
64 1.0000000000
101 6.0000000000
133 13.0000000000
165 15.0000000000
200 17.0000000000
413 18.0000000000
449 19.0000000000
466 20.0000000000
472 21.0000000000
480 23.0000000000
735 25.0000000000
762 32.0000000000
1109 33.0000000000
1303 36.0000000000
1409 37.0000000000
1434 39.0000000000
1439 40.0000000000
1975 42.0000000000
2098 44.0000000000
2200 48.0000000000
2214 50.0000000000
2413 52.0000000000
2422 53.0000000000
2428 54.0000000000
2585 55.0000000000
2591 58.0000000000
2849 62.0000000000
2850 63.0000000000
2904 65.0000000000
2916 67.0000000000
2952 71.0000000000
3025 72.0000000000
3047 74.0000000000
3173 75.0000000000
3442 76.0000000000
3805 77.0000000000
4234 78.0000000000
4335 79.0000000000
4645 84.0000000000
4880 86.0000000000
4979 89.0000000000
5157 90.0000000000
5425 91.0000000000
5652 94.0000000000
5742 96.0000000000
5778 97.0000000000
5969 99.0000000000
6017 100.0000000000
100000 85.0000000000
evaluations raw_y
1 0.0000000000
22 1.0000000000
130 2.0000000000
222 4.0000000000
235 6.0000000000
249 7.0000000000
429 9.0000000000
436 14.0000000000
509 17.0000000000
810 19.0000000000
869 20.0000000000
1178 22.0000000000
1266 23.0000000000
1470 24.0000000000
1538 29.0000000000
1734 30.0000000000
1818 34.0000000000
1826 35.0000000000
1859 36.0000000000
1865 37.0000000000
1948 38.0000000000
1994 39.0000000000
2039 41.0000000000
2247 43.0000000000
2263 49.0000000000
2303 50.0000000000
2325 56.0000000000
2604 57.0000000000
3152 58.0000000000
3262 64.0000000000
3395 68.0000000000
3667 69.0000000000
3903 70.0000000000
3981 71.0000000000
4002 72.0000000000
4416 73.0000000000
4980 75.0000000000
4985 76.0000000000
5113 78.0000000000
5406 84.0000000000
5906 85.0000000000
5961 86.0000000000
6313 87.0000000000
6361 88.0000000000
6563 90.0000000000
6600 92.0000000000
6619 95.0000000000
6759 98.0000000000
6791 99.0000000000
6848 100.0000000000
100000 57.0000000000
evaluations raw_y
1 0.0000000000
7 2.0000000000
14 3.0000000000
153 6.0000000000
606 7.0000000000
663 9.0000000000
1063 11.0000000000
1227 15.0000000000
1273 16.0000000000
1297 19.0000000000
1373 21.0000000000
1385 22.0000000000
1461 23.0000000000
1699 26.0000000000
1935 27.0000000000
2087 28.0000000000
2089 31.0000000000
2284 32.0000000000
2480 33.0000000000
2528 34.0000000000
2586 37.0000000000
2747 38.0000000000
2750 42.0000000000
2784 46.0000000000
2846 47.0000000000
2952 49.0000000000
3213 50.0000000000
3383 51.0000000000
3664 52.0000000000
3737 55.0000000000
3885 60.0000000000
3893 61.0000000000
3948 64.0000000000
4053 67.0000000000
4560 68.0000000000
4698 70.0000000000
5109 73.0000000000
5206 76.0000000000
5226 77.0000000000
5228 78.0000000000
5289 79.0000000000
5963 80.0000000000
6098 84.0000000000
6220 88.0000000000
6288 89.0000000000
6511 95.0000000000
6538 97.0000000000
6631 98.0000000000
7013 100.0000000000
100000 100.0000000000
evaluations raw_y
1 0.0000000000
91 1.0000000000
106 3.0000000000
194 6.0000000000
301 8.0000000000
364 9.0000000000
383 11.0000000000
384 13.0000000000
695 15.0000000000
719 16.0000000000
791 17.0000000000
844 20.0000000000
884 22.0000000000
1072 26.0000000000
1173 27.0000000000
1379 28.0000000000
1385 31.0000000000
1534 32.0000000000
1605 33.0000000000
1637 34.0000000000
1861 36.0000000000
2241 37.0000000000
2326 42.0000000000
2338 45.0000000000
2413 48.0000000000
2672 52.0000000000
3039 53.0000000000
3276 56.0000000000
3302 57.0000000000
3365 60.0000000000
3368 63.0000000000
3710 65.0000000000
4122 66.0000000000
4148 71.0000000000
4343 77.0000000000
4783 81.0000000000
4809 85.0000000000
4839 86.0000000000
5271 87.0000000000
5395 88.0000000000
5587 90.0000000000
5664 92.0000000000
5755 93.0000000000
6463 94.0000000000
6738 95.0000000000
7115 96.0000000000
7371 100.0000000000
100000 100.0000000000
