evaluations raw_y
1 -0.5503588469
3 -0.5460105097
5 -0.5458431823
6 -0.5432851330
8 -0.5420235768
9 -0.5385440223
10 -0.5372832263
13 -0.5271061117
14 -0.5211277071
16 -0.5174411483
17 -0.5109077451
20 -0.5085662897
23 -0.5062036688
27 -0.5056266360
29 -0.5022856359
30 -0.4995828806
31 -0.4917452178
35 -0.4820319609
36 -0.4799452301
41 -0.4734199598
42 -0.4670043381
43 -0.4631407303
46 -0.4624824757
48 -0.4538552698
49 -0.4483099405
51 -0.4478702113
52 -0.4398908758
59 -0.4352646810
60 -0.4339974201
62 -0.4299321552
63 -0.4295313412
66 -0.4187041228
69 -0.4137508602
72 -0.4048620515
73 -0.3942658377
76 -0.3885633536
79 -0.3800493311
81 -0.3754188490
82 -0.3644667585
83 -0.3607012166
85 -0.3606441538
88 -0.3579900238
92 -0.3526308280
96 -0.3496470285
97 -0.3484064949
98 -0.3483981097
184 -0.3467270164
188 -0.3438084851
190 -0.3425369768
192 -0.3423300673
196 -0.3410997771
197 -0.3405298931
198 -0.3392893595
199 -0.3392809744
285 -0.3378654963
290 -0.3352113662
296 -0.3340189361
386 -0.3319666698
388 -0.3319096070
389 -0.3278565260
398 -0.3266262358
401 -0.3266178507
1400 -0.3255926746
1401 -0.3229385446
1402 -0.3210675253
1407 -0.3198750952
1410 -0.3186345615
1411 -0.3186261764
13729 -0.3176350272
71501 -0.3167447401
100000 -0.4887555340
evaluations raw_y
1 -0.4603214695
2 -0.4599694279
3 -0.4566440705
4 -0.4540948841
8 -0.4493999565
9 -0.4459204020
10 -0.4409889035
11 -0.4355899615
12 -0.4347660587
18 -0.4344344847
21 -0.4275818294
23 -0.4253023810
24 -0.4230972666
26 -0.4177123878
30 -0.4150096325
32 -0.4102362450
34 -0.4082669038
40 -0.4033129152
42 -0.3977872031
43 -0.3939235953
46 -0.3904833061
47 -0.3807628693
49 -0.3752175400
51 -0.3747778108
53 -0.3674953283
58 -0.3672291885
62 -0.3631639236
63 -0.3627631096
64 -0.3584658172
78 -0.3567549217
79 -0.3482408992
84 -0.3474628077
85 -0.3449007325
86 -0.3408476514
87 -0.3379291201
88 -0.3352749901
91 -0.3350680806
94 -0.3338756504
95 -0.3326453603
96 -0.3320754763
97 -0.3308349427
98 -0.3308265576
195 -0.3298761195
196 -0.3286458294
197 -0.3280759454
1107 -0.3280382506
1108 -0.3280298654
1401 -0.3270718908
1402 -0.3252008716
1407 -0.3240084414
1408 -0.3227781513
1409 -0.3222082673
1410 -0.3209677337
1411 -0.3209593486
1510 -0.3201514254
1512 -0.3201430403
1805 -0.3196016607
1808 -0.3193947512
1811 -0.3182023210
1813 -0.3176324371
2506 -0.3141602402
2508 -0.3133821486
2512 -0.3107280186
100000 -0.4972205706
evaluations raw_y
1 -0.4967855147
6 -0.4908880750
7 -0.4869920488
9 -0.4835124943
12 -0.4779177480
13 -0.4677406334
16 -0.4640540746
17 -0.4575206715
20 -0.4551792160
22 -0.4472595359
23 -0.4449800875
24 -0.4377596410
26 -0.4323747623
30 -0.4230450346
32 -0.4182716470
36 -0.4174433355
37 -0.4155356784
41 -0.4090104081
50 -0.4041988766
51 -0.4037591474
57 -0.3960799553
58 -0.3912351006
59 -0.3866089059
60 -0.3842485757
62 -0.3839245374
65 -0.3804617787
67 -0.3769842874
73 -0.3705326560
79 -0.3662109244
81 -0.3627836398
82 -0.3577954434
83 -0.3497728968
84 -0.3489948052
88 -0.3463406752
90 -0.3453365428
95 -0.3441062527
98 -0.3440978675
285 -0.3426616904
290 -0.3400075604
291 -0.3381365411
295 -0.3276478590
296 -0.3264554288
298 -0.3258855449
299 -0.3246450113
300 -0.3246366261
795 -0.3235714880
796 -0.3217004687
799 -0.3163412729
800 -0.3153322611
801 -0.3141398310
802 -0.3129095408
803 -0.3099257413
805 -0.3099173561
2925 -0.3095870421
100000 -0.4836607631
evaluations raw_y
1 -0.4980509456
3 -0.4937026083
4 -0.4911534219
5 -0.4909860946
6 -0.4904273114
9 -0.4862209668
12 -0.4848967631
17 -0.4833752247
20 -0.4788613371
21 -0.4735417012
22 -0.4721947605
23 -0.4699153121
31 -0.4692258954
34 -0.4673180553
35 -0.4599410380
36 -0.4591127264
37 -0.4558076200
38 -0.4450449549
39 -0.4370485219
45 -0.4347407715
46 -0.4340825169
48 -0.4254553110
53 -0.4224076460
54 -0.4216453483
56 -0.4149203111
57 -0.4072411190
58 -0.4023962643
60 -0.4011290034
64 -0.3989271846
65 -0.3985125392
66 -0.3912612017
67 -0.3886727178
69 -0.3808598999
72 -0.3748187826
73 -0.3683671513
78 -0.3651169304
79 -0.3566029080
81 -0.3519724259
88 -0.3493182959
89 -0.3474472766
91 -0.3472403671
94 -0.3460479369
95 -0.3448176467
97 -0.3435771131
98 -0.3435687280
183 -0.3429182185
187 -0.3388651374
190 -0.3369941181
195 -0.3358016880
197 -0.3352318040
198 -0.3339912704
199 -0.3339828853
290 -0.3316614850
291 -0.3303899766
298 -0.3274061771
299 -0.3261656435
300 -0.3261572584
1102 -0.3259070054
1104 -0.3247145752
1107 -0.3234740416
1108 -0.3234656565
1915 -0.3231612074
1916 -0.3231528222
2821 -0.3219759662
2824 -0.3207354326
3212 -0.3189037887
3219 -0.3162496587
3220 -0.3149781504
3223 -0.3096189546
3225 -0.3084265245
100000 -0.4953985829
evaluations raw_y
1 -0.5368465921
4 -0.5350752131
5 -0.5349078858
6 -0.5174646286
7 -0.5135686024
8 -0.5088736749
9 -0.5046673303
11 -0.4972385936
13 -0.4870614790
19 -0.4863686277
21 -0.4810489919
22 -0.4797020511
23 -0.4773394302
25 -0.4754557818
29 -0.4721147818
30 -0.4651761345
34 -0.4632067933
35 -0.4559569843
36 -0.4452142084
37 -0.4442623101
38 -0.4415723283
40 -0.4397481882
41 -0.4345898094
42 -0.4321519567
44 -0.4314109393
45 -0.4291031889
46 -0.4284449343
49 -0.4279151916
50 -0.4231036601
52 -0.4182286538
53 -0.4109461713
58 -0.4106800314
59 -0.4060538366
63 -0.4054372544
64 -0.4012290299
69 -0.3962757674
73 -0.3898241360
81 -0.3851936539
82 -0.3742415634
83 -0.3704760215
88 -0.3678218915
89 -0.3665503832
98 -0.3665419980
99 -0.3662358712
175 -0.3589906060
181 -0.3539793822
182 -0.3493489001
184 -0.3455833581
185 -0.3448052665
186 -0.3447482037
187 -0.3406951227
189 -0.3380409927
190 -0.3361699734
192 -0.3359630638
195 -0.3347706337
197 -0.3317868342
199 -0.3317784490
397 -0.3312071763
400 -0.3299666427
1107 -0.3298267680
1200 -0.3290457564
1698 -0.3290102687
1704 -0.3263561387
1705 -0.3250846304
1708 -0.3197254346
1709 -0.3187164228
1711 -0.3174861326
1713 -0.3162455990
2821 -0.3156301945
2824 -0.3143896609
2825 -0.3143812758
100000 -0.4728838421
evaluations raw_y
1 -0.4879492415
2 -0.4788776958
4 -0.4771063168
5 -0.4766261968
7 -0.4743644102
9 -0.4708848557
10 -0.4696240596
11 -0.4621953230
13 -0.4513776228
14 -0.4505847774
16 -0.4484427958
24 -0.4462376813
25 -0.4437300384
28 -0.4430339876
29 -0.4384345684
30 -0.4291996810
34 -0.4272303398
37 -0.4239252335
38 -0.4230627225
42 -0.4215063364
46 -0.4208480818
48 -0.4205062527
49 -0.4149609234
50 -0.4101493920
52 -0.4071829653
53 -0.3999004829
57 -0.3922212907
58 -0.3873764361
62 -0.3833111712
63 -0.3826945889
64 -0.3811636125
65 -0.3777008538
66 -0.3730686542
69 -0.3652558364
73 -0.3546596226
76 -0.3489571385
82 -0.3352387320
85 -0.3351816692
86 -0.3311285881
88 -0.3284744581
89 -0.3272029498
93 -0.3261939379
95 -0.3249636478
98 -0.3249552626
175 -0.3240823497
179 -0.3223714542
185 -0.3215933626
187 -0.3175402815
189 -0.3148861515
190 -0.3136146432
195 -0.3124222131
196 -0.3111919229
100000 -0.5042106863
evaluations raw_y
1 -0.5015040330
2 -0.4977825694
3 -0.4927601871
5 -0.4922800671
7 -0.4879148813
9 -0.4844353268
11 -0.4770065902
14 -0.4710281855
15 -0.4680352038
17 -0.4615018007
18 -0.4575544934
19 -0.4529919155
21 -0.4461392602
22 -0.4460128547
25 -0.4422487617
26 -0.4402922983
27 -0.4345942593
28 -0.4305110398
29 -0.4299727548
35 -0.4250591855
38 -0.4124690496
39 -0.4044726166
44 -0.4037315993
45 -0.4014238488
48 -0.3927966429
50 -0.3879851114
51 -0.3865111169
54 -0.3835321880
56 -0.3782233120
57 -0.3755570287
59 -0.3737540763
62 -0.3734300380
63 -0.3728134558
72 -0.3628951573
74 -0.3550476454
76 -0.3511629649
78 -0.3494520694
82 -0.3384999789
84 -0.3377218873
88 -0.3350677573
89 -0.3331967380
92 -0.3297096804
94 -0.3285172503
98 -0.3285088652
196 -0.3273752382
197 -0.3268053543
199 -0.3267969691
298 -0.3239284952
3624 -0.3227934641
3633 -0.3227850790
6457 -0.3224136625
6458 -0.3211833724
31297 -0.3203337227
31303 -0.3191412926
100000 -0.5097509528
evaluations raw_y
1 -0.5164240681
2 -0.5118797357
10 -0.5069482371
13 -0.4967133506
14 -0.4941683173
15 -0.4881227877
16 -0.4859808061
18 -0.4820334988
20 -0.4775196112
21 -0.4706669559
25 -0.4702864665
26 -0.4651847536
28 -0.4611015341
29 -0.4581178070
30 -0.4512740001
34 -0.4493661600
35 -0.4421163511
36 -0.4354297442
37 -0.4321246379
39 -0.4254262746
41 -0.4189010044
43 -0.4150373966
44 -0.4142963792
45 -0.4119886287
49 -0.4064432995
50 -0.4016317680
52 -0.3936524326
53 -0.3906047676
54 -0.3868250205
62 -0.3827597557
63 -0.3821431734
66 -0.3748918358
69 -0.3670790180
70 -0.3604336927
72 -0.3543925754
73 -0.3479409441
76 -0.3464558671
84 -0.3456777755
90 -0.3446736432
180 -0.3422845455
183 -0.3285661391
186 -0.3285090763
189 -0.3258549462
190 -0.3239839270
192 -0.3237770174
193 -0.3184178217
195 -0.3172253915
197 -0.3166555076
4642 -0.3163152730
4643 -0.3163068878
45234 -0.3138831382
45235 -0.3112290082
45241 -0.3100365781
100000 -0.4885626377
evaluations raw_y
1 -0.5006322628
4 -0.4980830764
9 -0.4938767318
13 -0.4830012598
15 -0.4769557302
17 -0.4754341918
19 -0.4634565867
20 -0.4611151313
22 -0.4597681905
25 -0.4562458137
28 -0.4555497628
30 -0.4462200351
32 -0.4441570022
34 -0.4422491621
37 -0.4360845004
39 -0.4293861372
40 -0.4244321486
43 -0.4200801674
44 -0.4193391500
48 -0.4107119441
51 -0.4102722149
52 -0.4022928794
53 -0.3992452145
59 -0.3946190197
60 -0.3922586895
62 -0.3881934246
63 -0.3875768424
66 -0.3803255048
72 -0.3742843875
74 -0.3664368757
76 -0.3649517987
79 -0.3606300672
81 -0.3559995851
86 -0.3519465040
88 -0.3492923740
91 -0.3490854644
92 -0.3437262687
94 -0.3425338385
95 -0.3413035484
96 -0.3383197488
295 -0.3376870857
300 -0.3376787006
497 -0.3275238762
500 -0.3269539922
501 -0.3257134586
502 -0.3257050735
1812 -0.3248785664
3830 -0.3190193100
3831 -0.3178268799
6863 -0.3156799795
7452 -0.3137546161
7454 -0.3103273314
7457 -0.3095492398
7458 -0.3069871646
7467 -0.3057947345
7470 -0.3045542009
7471 -0.3045458157
100000 -0.4893544877
evaluations raw_y
1 -0.4988093773
4 -0.4970379982
6 -0.4881712206
11 -0.4807424839
12 -0.4794182802
13 -0.4691833937
23 -0.4669039453
26 -0.4664199027
27 -0.4660719457
28 -0.4619887262
29 -0.4586477262
36 -0.4565609954
37 -0.4503963336
38 -0.4396336685
39 -0.4329353053
40 -0.4279813167
41 -0.4214560465
43 -0.4207924411
45 -0.4184846907
46 -0.4150444015
48 -0.4147025724
49 -0.4141728297
54 -0.4103930826
55 -0.4054922465
57 -0.4028259632
59 -0.4010230107
62 -0.3969577459
63 -0.3965569318
67 -0.3908392946
72 -0.3809209961
74 -0.3770423666
76 -0.3713398824
79 -0.3670181508
81 -0.3635908662
82 -0.3613689857
93 -0.3557395393
94 -0.3545471091
96 -0.3515633096
97 -0.3503227760
170 -0.3494508340
175 -0.3455722045
180 -0.3370581820
183 -0.3261060915
185 -0.3253279999
190 -0.3240564916
198 -0.3228159580
199 -0.3228075729
1601 -0.3202864577
1603 -0.3176323277
1607 -0.3122731319
1609 -0.3110807018
1610 -0.3098504116
1612 -0.3086098780
100000 -0.4958587976
