evaluations raw_y
1 -0.5152023988
6 -0.5097852774
10 -0.5022473758
14 -0.4849049932
17 -0.4765502905
22 -0.4718158980
34 -0.4718075128
44 -0.4640517578
45 -0.4487372261
51 -0.4413413320
53 -0.4408612120
73 -0.4308314957
77 -0.4301906304
78 -0.4301335676
85 -0.4274794376
86 -0.4234263565
106 -0.4221607887
107 -0.4168411529
115 -0.4137194424
124 -0.4084105664
128 -0.4034565779
151 -0.3997430317
167 -0.3957168750
173 -0.3884343926
175 -0.3881103543
185 -0.3873693369
194 -0.3867994530
212 -0.3776504052
217 -0.3749962752
223 -0.3700954391
224 -0.3683845436
247 -0.3603813981
256 -0.3593723863
272 -0.3572304047
281 -0.3526042099
283 -0.3520744672
284 -0.3514578849
335 -0.3508194499
343 -0.3447835532
346 -0.3437825128
360 -0.3391520307
383 -0.3358939035
402 -0.3339136274
432 -0.3305789184
442 -0.3290938414
455 -0.3288461974
483 -0.3240924065
507 -0.3240353437
570 -0.3238284341
574 -0.3210219716
592 -0.3206740145
601 -0.3071679861
615 -0.3048076560
712 -0.3013448973
851 -0.3001524671
1116 -0.2989221770
11099 -0.2974069167
100000 -0.2974639795
evaluations raw_y
1 -0.4899605511
2 -0.4837183575
11 -0.4776468410
16 -0.4687948453
22 -0.4687377825
37 -0.4686015649
44 -0.4624606081
45 -0.4609042220
46 -0.4588026699
50 -0.4538486813
51 -0.4528396694
61 -0.4507563525
63 -0.4440660381
81 -0.4428357479
82 -0.4380242165
92 -0.4343915166
99 -0.4294906805
101 -0.4215113450
117 -0.4168808629
119 -0.4164411337
127 -0.4150261314
129 -0.4101812768
134 -0.4077904749
136 -0.4038818104
147 -0.4034109831
155 -0.3978716874
165 -0.3889828786
167 -0.3868961478
170 -0.3865666774
178 -0.3859166898
202 -0.3801294213
214 -0.3794658160
243 -0.3756753840
272 -0.3751456413
305 -0.3732181180
332 -0.3725598634
352 -0.3670347001
398 -0.3660336598
425 -0.3619683949
426 -0.3576164137
434 -0.3521696776
446 -0.3507938092
491 -0.3435424717
504 -0.3426834988
520 -0.3386304177
547 -0.3331618068
554 -0.3294403432
585 -0.3267503614
591 -0.3262702414
611 -0.3250527872
617 -0.3221670614
620 -0.3214260440
638 -0.3157235599
670 -0.3151465270
706 -0.3111138932
737 -0.3104603281
748 -0.3065356178
753 -0.3059657339
793 -0.3058467159
829 -0.3035672675
1192 -0.3029902347
3154 -0.3005778992
3444 -0.2963538547
3669 -0.2948798601
53465 -0.2942948796
53893 -0.2941704445
54128 -0.2935538622
100000 -0.2993669271
evaluations raw_y
1 -0.4820895603
4 -0.4734623543
11 -0.4713394943
12 -0.4693701531
15 -0.4566514069
18 -0.4516290246
20 -0.4457392008
22 -0.4456697456
27 -0.4412737958
28 -0.4274216906
39 -0.4201392081
55 -0.4184899050
56 -0.4180350521
59 -0.4172940348
64 -0.4167241508
69 -0.4165862484
71 -0.4165778632
72 -0.4153381424
74 -0.4151459610
94 -0.4090523930
101 -0.4080513526
112 -0.4065773581
135 -0.3954709076
136 -0.3939399312
149 -0.3931776334
157 -0.3869777407
174 -0.3855330340
193 -0.3770190116
195 -0.3767390957
197 -0.3719684843
207 -0.3696555532
212 -0.3654492086
222 -0.3650345632
241 -0.3628294488
262 -0.3516102801
297 -0.3483600593
325 -0.3432583464
340 -0.3383050839
343 -0.3375269923
363 -0.3368605159
365 -0.3324953301
377 -0.3301875797
407 -0.3295709974
455 -0.3283102014
498 -0.3273011896
592 -0.3211365278
601 -0.3199062377
616 -0.3173441625
948 -0.3172263549
1481 -0.3167755671
1538 -0.3104000253
23149 -0.3088114239
23749 -0.3086850184
23779 -0.3033653826
41012 -0.3020051850
41032 -0.3001341657
41046 -0.2970827204
41217 -0.2947749700
65567 -0.2947159642
66401 -0.2941460802
100000 -0.2941460802
evaluations raw_y
1 -0.5049355500
4 -0.5047980803
5 -0.4929295303
6 -0.4855007937
8 -0.4839792553
11 -0.4818567228
12 -0.4708278600
13 -0.4628314270
14 -0.4613574324
15 -0.4573179014
18 -0.4559595881
23 -0.4537544737
25 -0.4510880460
26 -0.4505181621
31 -0.4422687820
34 -0.4418079833
37 -0.4300158285
38 -0.4157246307
42 -0.4109130993
45 -0.4085527691
62 -0.4047623371
66 -0.4042240522
71 -0.3966861505
79 -0.3833857874
86 -0.3786123999
100 -0.3770047193
110 -0.3721848831
116 -0.3712525878
117 -0.3668112479
119 -0.3617888656
136 -0.3545086004
142 -0.3544459245
145 -0.3511112155
165 -0.3448390171
266 -0.3436465870
277 -0.3419983674
325 -0.3408060786
331 -0.3403914333
333 -0.3373984516
351 -0.3356270726
384 -0.3302587186
396 -0.3298579046
432 -0.3249828982
475 -0.3237423646
489 -0.3231257823
559 -0.3221247420
602 -0.3219972934
631 -0.3213308170
678 -0.3169788358
699 -0.3164660146
727 -0.3137721123
741 -0.3122981178
743 -0.3096070332
843 -0.3048336457
856 -0.3037675710
861 -0.3025372809
1127 -0.2988591072
1168 -0.2988507221
6963 -0.2987329146
12701 -0.2974069167
100000 -0.2974069167
evaluations raw_y
1 -0.5054813149
4 -0.5034829397
6 -0.4989203618
10 -0.4951894234
13 -0.4930374082
16 -0.4918449781
17 -0.4846853574
20 -0.4845708711
25 -0.4768916790
29 -0.4656093728
31 -0.4632452855
33 -0.4619844895
34 -0.4586793616
35 -0.4546140967
38 -0.4503647669
40 -0.4406443301
41 -0.4389334346
45 -0.4340198652
48 -0.4267994188
53 -0.4217881949
56 -0.4163710735
58 -0.4140084526
64 -0.4025276233
72 -0.4023602960
73 -0.3997918079
74 -0.3990295101
91 -0.3891083746
97 -0.3753983532
98 -0.3666304955
117 -0.3651885870
123 -0.3633644468
134 -0.3603167818
151 -0.3561104372
157 -0.3559246375
160 -0.3559162524
197 -0.3538532195
227 -0.3511990894
263 -0.3474776258
327 -0.3472260871
346 -0.3454547080
354 -0.3435836888
367 -0.3432986805
379 -0.3429671065
388 -0.3367629478
462 -0.3364219410
467 -0.3229511616
478 -0.3222975966
525 -0.3199372664
540 -0.3179610900
724 -0.3176295159
748 -0.3123098801
809 -0.3113088398
876 -0.3108287197
2416 -0.3084163843
2874 -0.3069011240
2881 -0.3012030849
5997 -0.2965538531
100000 -0.3032441675
evaluations raw_y
1 -0.5037468511
2 -0.4968056377
6 -0.4842468133
8 -0.4837666933
11 -0.4790725542
21 -0.4788064143
26 -0.4721160999
29 -0.4714578454
30 -0.4585542126
32 -0.4584708827
33 -0.4549933913
40 -0.4549850062
42 -0.4537925760
44 -0.4488610775
47 -0.4387494362
48 -0.4319321808
56 -0.4242529887
59 -0.4195629257
61 -0.4177387855
74 -0.4107420234
84 -0.4072549658
86 -0.4038835896
87 -0.3961532965
90 -0.3935912213
104 -0.3928502039
106 -0.3911393084
119 -0.3864580935
138 -0.3786204307
164 -0.3768174783
166 -0.3765058034
169 -0.3743039846
173 -0.3707110034
185 -0.3675005935
186 -0.3648838610
203 -0.3642496164
222 -0.3592956278
224 -0.3588809824
228 -0.3585940029
237 -0.3568561364
238 -0.3532799586
256 -0.3492713547
263 -0.3466828708
279 -0.3462431416
284 -0.3447216032
285 -0.3443207892
288 -0.3399556034
355 -0.3393056159
371 -0.3389740419
389 -0.3322748970
411 -0.3296071344
434 -0.3283666008
471 -0.3219910590
479 -0.3193369290
497 -0.3096164922
556 -0.3089999099
679 -0.3067204615
717 -0.3062403415
889 -0.3056704576
4728 -0.3010212258
23285 -0.2975434976
40139 -0.2974256900
40215 -0.2920664943
100000 -0.3039882902
evaluations raw_y
1 -0.5256329095
3 -0.5206796470
5 -0.5131691429
6 -0.5128574679
7 -0.5114776748
8 -0.5091982264
9 -0.5017694898
16 -0.4987905609
18 -0.4944253752
23 -0.4839366931
25 -0.4832748381
32 -0.4775094087
33 -0.4606600100
34 -0.4563080288
39 -0.4493067142
47 -0.4480451580
52 -0.4432962550
54 -0.4418507689
66 -0.4355576167
68 -0.4339523940
69 -0.4277126811
74 -0.4259071352
76 -0.4241962397
77 -0.4172899439
79 -0.4151479623
80 -0.4077709450
94 -0.4063984818
95 -0.4006808445
99 -0.4001109606
107 -0.3994943783
112 -0.3992874688
115 -0.3983092839
120 -0.3976198672
122 -0.3951778164
134 -0.3912305091
140 -0.3862765205
152 -0.3860843391
158 -0.3803894201
164 -0.3796933692
173 -0.3742814290
174 -0.3688583867
181 -0.3653788322
230 -0.3623858505
231 -0.3619712051
239 -0.3528996595
244 -0.3508801439
259 -0.3481376353
280 -0.3468845318
291 -0.3450331689
299 -0.3447670290
311 -0.3432360526
416 -0.3393513720
420 -0.3374827853
439 -0.3360087907
482 -0.3325685015
587 -0.3276646358
597 -0.3250105058
659 -0.3232391268
754 -0.3222380864
854 -0.3219140481
1136 -0.3203254467
1137 -0.3196812330
1148 -0.3190646507
1243 -0.3183023530
1531 -0.3181759475
1881 -0.3140487418
2583 -0.3128563117
6133 -0.3127385041
10253 -0.3119525817
17872 -0.3105923841
18007 -0.3088114817
18231 -0.3052331884
18782 -0.3039071905
32770 -0.3003828984
33585 -0.2969051701
33871 -0.2950664852
100000 -0.2950664852
evaluations raw_y
1 -0.4980573746
2 -0.4856991657
3 -0.4852845203
8 -0.4826303903
11 -0.4808274379
16 -0.4783895852
18 -0.4737801702
23 -0.4732102863
27 -0.4718633455
28 -0.4686052183
29 -0.4671232185
40 -0.4461698323
41 -0.4397859054
49 -0.4371317754
51 -0.4301304609
52 -0.4239263021
53 -0.4215813616
66 -0.4133319815
78 -0.4115282298
80 -0.4062454259
91 -0.3993927706
104 -0.3985644590
106 -0.3946171517
108 -0.3925026192
121 -0.3898363359
124 -0.3890582443
127 -0.3831311294
141 -0.3760132735
142 -0.3736506526
143 -0.3707596970
160 -0.3673194078
167 -0.3665175668
199 -0.3646125794
205 -0.3622465832
214 -0.3538669095
240 -0.3517541586
279 -0.3480326950
281 -0.3431878403
284 -0.3406838400
337 -0.3383235098
367 -0.3372139925
374 -0.3319051166
387 -0.3314301046
409 -0.3294217365
438 -0.3289416165
473 -0.3268785836
498 -0.3251072046
524 -0.3243291130
721 -0.3229179781
750 -0.3222515017
782 -0.3212424899
845 -0.3200121997
961 -0.3173580697
1252 -0.3173496846
4819 -0.3172318770
6025 -0.3136437752
6034 -0.3091298876
6542 -0.3091215025
6704 -0.3077955046
16004 -0.3062069032
16015 -0.3060804977
16073 -0.3007608619
16880 -0.2989221770
55706 -0.2974069167
100000 -0.2974069167
evaluations raw_y
1 -0.4998575379
4 -0.4878131600
6 -0.4846302314
7 -0.4825435006
12 -0.4588374900
13 -0.4524428048
15 -0.4422786349
27 -0.4348029868
28 -0.4334803815
32 -0.4317564506
41 -0.4267735885
46 -0.4250285288
63 -0.4209453094
68 -0.4183832342
69 -0.4145308437
72 -0.4142068054
79 -0.4132788105
81 -0.4102311456
86 -0.4089721252
87 -0.4014511515
92 -0.3954100342
96 -0.3938178904
114 -0.3871725651
138 -0.3770734365
144 -0.3719462511
148 -0.3704722566
163 -0.3696941650
164 -0.3682371952
178 -0.3660320808
211 -0.3652910634
229 -0.3597653514
240 -0.3563130212
261 -0.3553119809
321 -0.3540816907
327 -0.3525601523
330 -0.3508725415
332 -0.3477617522
343 -0.3457795992
347 -0.3454480252
359 -0.3412416806
366 -0.3375202170
370 -0.3352124665
389 -0.3328521364
422 -0.3274929406
432 -0.3226814092
436 -0.3180492096
493 -0.3168775524
502 -0.3151152383
586 -0.3150581755
701 -0.3144415932
1049 -0.3144332081
5675 -0.3108367212
5782 -0.3063228336
8556 -0.3044065811
8627 -0.3036284895
19566 -0.3029995997
20203 -0.3016736018
20952 -0.2998349169
32631 -0.2988998806
32717 -0.2987734751
32722 -0.2934538393
32832 -0.2928002742
100000 -0.2928002742
evaluations raw_y
1 -0.4627169175
13 -0.4586638365
15 -0.4572325895
16 -0.4539274831
17 -0.4534877539
19 -0.4512083055
24 -0.4479951469
29 -0.4472170553
32 -0.4409755413
35 -0.4403589590
42 -0.4339606581
60 -0.4327531238
62 -0.4301307290
63 -0.4273089637
66 -0.4269347268
67 -0.4193253158
68 -0.4104365070
76 -0.4063951251
78 -0.4010818402
85 -0.3963869126
96 -0.3942817338
107 -0.3941174871
110 -0.3813910998
114 -0.3810670616
123 -0.3790516602
124 -0.3760965503
136 -0.3652978106
141 -0.3630398807
171 -0.3623438299
172 -0.3611135397
221 -0.3598420314
267 -0.3578703804
287 -0.3574557350
295 -0.3497765428
315 -0.3490355255
322 -0.3460519971
325 -0.3419604070
336 -0.3413068420
350 -0.3381015377
371 -0.3371004974
372 -0.3366254740
422 -0.3328059166
646 -0.3290418237
978 -0.3255643323
1114 -0.3229102023
2296 -0.3202158582
3204 -0.3166193713
3273 -0.3121054837
4627 -0.3105168823
4697 -0.3103904768
4703 -0.3050708410
16857 -0.3032321561
18366 -0.3026032663
22256 -0.3012772684
31796 -0.3011594609
32149 -0.2964538302
32248 -0.2958573279
32536 -0.2958002651
100000 -0.3029421176
