evaluations raw_y
1 -1614.0000000000
2 -1585.0000000000
3 -1556.0000000000
4 -1527.0000000000
6 -1488.0000000000
8 -1449.0000000000
10 -1420.0000000000
11 -1401.0000000000
14 -1362.0000000000
16 -1323.0000000000
17 -1284.0000000000
18 -1245.0000000000
19 -1206.0000000000
20 -1177.0000000000
23 -1148.0000000000
25 -1109.0000000000
28 -1070.0000000000
29 -1041.0000000000
31 -1022.0000000000
35 -983.0000000000
38 -954.0000000000
41 -935.0000000000
42 -906.0000000000
43 -867.0000000000
44 -828.0000000000
47 -799.0000000000
52 -770.0000000000
55 -731.0000000000
57 -692.0000000000
58 -653.0000000000
61 -634.0000000000
62 -615.0000000000
63 -586.0000000000
64 -557.0000000000
65 -518.0000000000
66 -489.0000000000
68 -450.0000000000
69 -411.0000000000
70 -382.0000000000
74 -343.0000000000
76 -314.0000000000
78 -275.0000000000
79 -236.0000000000
80 -197.0000000000
81 -178.0000000000
83 -159.0000000000
84 -130.0000000000
86 -91.0000000000
89 -72.0000000000
90 -53.0000000000
91 -44.0000000000
93 -35.0000000000
95 -26.0000000000
96 -17.0000000000
97 -8.0000000000
98 1.0000000000
197 2.0000000000
2114 3.0000000000
7157 4.0000000000
7559 5.0000000000
10990 6.0000000000
11195 7.0000000000
16460 8.0000000000
18756 9.0000000000
100000 -168.0000000000
evaluations raw_y
1 -1254.0000000000
3 -1215.0000000000
4 -1186.0000000000
5 -1157.0000000000
6 -1118.0000000000
10 -1099.0000000000
12 -1070.0000000000
15 -1031.0000000000
16 -1002.0000000000
17 -963.0000000000
18 -924.0000000000
19 -895.0000000000
20 -876.0000000000
35 -837.0000000000
37 -798.0000000000
39 -769.0000000000
40 -740.0000000000
42 -711.0000000000
44 -672.0000000000
45 -633.0000000000
49 -594.0000000000
51 -575.0000000000
53 -536.0000000000
54 -497.0000000000
55 -468.0000000000
56 -439.0000000000
57 -400.0000000000
58 -381.0000000000
62 -352.0000000000
63 -323.0000000000
67 -284.0000000000
71 -265.0000000000
72 -256.0000000000
76 -227.0000000000
80 -188.0000000000
81 -169.0000000000
84 -140.0000000000
86 -111.0000000000
87 -92.0000000000
89 -73.0000000000
90 -44.0000000000
91 -35.0000000000
93 -26.0000000000
95 -17.0000000000
97 -8.0000000000
99 1.0000000000
500 2.0000000000
1711 3.0000000000
2822 4.0000000000
3729 5.0000000000
10290 6.0000000000
11203 7.0000000000
16457 8.0000000000
21204 9.0000000000
100000 -186.0000000000
evaluations raw_y
1 -1196.0000000000
2 -1167.0000000000
3 -1128.0000000000
4 -1089.0000000000
5 -1060.0000000000
12 -1031.0000000000
13 -992.0000000000
14 -953.0000000000
16 -914.0000000000
17 -875.0000000000
18 -836.0000000000
19 -797.0000000000
21 -778.0000000000
22 -749.0000000000
23 -720.0000000000
26 -691.0000000000
27 -662.0000000000
28 -623.0000000000
29 -584.0000000000
30 -565.0000000000
32 -536.0000000000
34 -517.0000000000
35 -488.0000000000
47 -449.0000000000
49 -410.0000000000
51 -391.0000000000
55 -362.0000000000
58 -323.0000000000
60 -284.0000000000
61 -265.0000000000
62 -256.0000000000
65 -227.0000000000
66 -188.0000000000
67 -159.0000000000
71 -140.0000000000
75 -131.0000000000
77 -112.0000000000
79 -83.0000000000
80 -64.0000000000
89 -35.0000000000
91 -26.0000000000
96 -17.0000000000
98 -8.0000000000
99 1.0000000000
499 3.0000000000
5951 4.0000000000
8061 6.0000000000
12717 7.0000000000
14832 8.0000000000
22113 9.0000000000
100000 -51.0000000000
evaluations raw_y
1 -1050.0000000000
4 -1021.0000000000
6 -982.0000000000
7 -943.0000000000
10 -914.0000000000
11 -895.0000000000
16 -856.0000000000
19 -827.0000000000
23 -808.0000000000
24 -769.0000000000
27 -740.0000000000
28 -701.0000000000
29 -662.0000000000
30 -623.0000000000
31 -604.0000000000
33 -575.0000000000
37 -536.0000000000
40 -517.0000000000
41 -498.0000000000
43 -459.0000000000
44 -430.0000000000
46 -391.0000000000
50 -372.0000000000
52 -353.0000000000
55 -314.0000000000
57 -275.0000000000
60 -256.0000000000
69 -217.0000000000
70 -188.0000000000
73 -179.0000000000
74 -170.0000000000
75 -151.0000000000
77 -112.0000000000
79 -83.0000000000
80 -64.0000000000
81 -55.0000000000
86 -36.0000000000
87 -17.0000000000
88 2.0000000000
3427 4.0000000000
7566 5.0000000000
10798 7.0000000000
13293 8.0000000000
25750 9.0000000000
100000 -177.0000000000
evaluations raw_y
1 -1566.0000000000
3 -1537.0000000000
5 -1498.0000000000
7 -1459.0000000000
8 -1420.0000000000
9 -1381.0000000000
10 -1342.0000000000
11 -1323.0000000000
13 -1284.0000000000
14 -1245.0000000000
15 -1206.0000000000
16 -1167.0000000000
19 -1128.0000000000
20 -1089.0000000000
21 -1070.0000000000
22 -1041.0000000000
24 -1002.0000000000
27 -963.0000000000
30 -934.0000000000
31 -915.0000000000
32 -886.0000000000
33 -847.0000000000
35 -808.0000000000
36 -779.0000000000
42 -760.0000000000
43 -721.0000000000
45 -682.0000000000
51 -663.0000000000
52 -634.0000000000
54 -595.0000000000
55 -556.0000000000
56 -517.0000000000
57 -478.0000000000
60 -459.0000000000
62 -430.0000000000
63 -411.0000000000
66 -382.0000000000
67 -343.0000000000
68 -304.0000000000
69 -265.0000000000
70 -236.0000000000
74 -217.0000000000
76 -198.0000000000
77 -169.0000000000
78 -150.0000000000
79 -121.0000000000
80 -82.0000000000
81 -63.0000000000
82 -44.0000000000
90 -25.0000000000
92 -16.0000000000
95 -7.0000000000
98 2.0000000000
2114 3.0000000000
2205 4.0000000000
5738 5.0000000000
8379 6.0000000000
12210 7.0000000000
14600 8.0000000000
23520 9.0000000000
100000 -108.0000000000
evaluations raw_y
1 -1508.0000000000
3 -1479.0000000000
5 -1440.0000000000
8 -1401.0000000000
9 -1362.0000000000
10 -1343.0000000000
13 -1314.0000000000
14 -1285.0000000000
16 -1246.0000000000
17 -1207.0000000000
18 -1168.0000000000
19 -1139.0000000000
24 -1100.0000000000
27 -1061.0000000000
30 -1022.0000000000
31 -1003.0000000000
38 -964.0000000000
40 -925.0000000000
41 -906.0000000000
42 -877.0000000000
43 -848.0000000000
44 -809.0000000000
45 -770.0000000000
50 -731.0000000000
51 -712.0000000000
53 -673.0000000000
56 -634.0000000000
57 -595.0000000000
58 -556.0000000000
59 -517.0000000000
60 -478.0000000000
61 -459.0000000000
62 -440.0000000000
63 -421.0000000000
64 -382.0000000000
67 -343.0000000000
68 -304.0000000000
70 -265.0000000000
71 -246.0000000000
74 -227.0000000000
75 -218.0000000000
76 -189.0000000000
77 -160.0000000000
78 -131.0000000000
80 -102.0000000000
81 -93.0000000000
82 -84.0000000000
87 -55.0000000000
88 -26.0000000000
90 -17.0000000000
91 -16.0000000000
96 -7.0000000000
98 2.0000000000
3025 3.0000000000
3806 4.0000000000
3810 5.0000000000
6739 6.0000000000
14206 7.0000000000
14226 8.0000000000
18175 9.0000000000
100000 -60.0000000000
evaluations raw_y
1 -1264.0000000000
4 -1225.0000000000
5 -1186.0000000000
6 -1147.0000000000
7 -1108.0000000000
8 -1069.0000000000
9 -1030.0000000000
10 -991.0000000000
11 -972.0000000000
14 -943.0000000000
15 -904.0000000000
16 -865.0000000000
17 -826.0000000000
19 -797.0000000000
20 -768.0000000000
21 -749.0000000000
22 -720.0000000000
24 -681.0000000000
26 -652.0000000000
29 -623.0000000000
34 -584.0000000000
36 -545.0000000000
37 -516.0000000000
40 -497.0000000000
42 -468.0000000000
48 -449.0000000000
52 -420.0000000000
56 -381.0000000000
61 -362.0000000000
67 -323.0000000000
68 -294.0000000000
69 -265.0000000000
71 -256.0000000000
72 -237.0000000000
74 -208.0000000000
75 -179.0000000000
76 -160.0000000000
79 -121.0000000000
80 -112.0000000000
83 -83.0000000000
88 -54.0000000000
90 -35.0000000000
93 -26.0000000000
94 -17.0000000000
97 -8.0000000000
99 1.0000000000
395 2.0000000000
2217 3.0000000000
4124 4.0000000000
6560 5.0000000000
9861 6.0000000000
9890 7.0000000000
12724 8.0000000000
16449 9.0000000000
24538 10.0000000000
100000 -23.0000000000
evaluations raw_y
1 -1507.0000000000
2 -1478.0000000000
3 -1439.0000000000
6 -1400.0000000000
7 -1361.0000000000
8 -1322.0000000000
9 -1283.0000000000
11 -1264.0000000000
12 -1235.0000000000
13 -1206.0000000000
15 -1167.0000000000
17 -1128.0000000000
19 -1099.0000000000
20 -1070.0000000000
21 -1051.0000000000
25 -1012.0000000000
28 -973.0000000000
29 -954.0000000000
33 -915.0000000000
34 -876.0000000000
35 -837.0000000000
36 -798.0000000000
37 -769.0000000000
42 -740.0000000000
43 -701.0000000000
45 -672.0000000000
47 -633.0000000000
48 -604.0000000000
50 -585.0000000000
52 -556.0000000000
53 -517.0000000000
54 -478.0000000000
59 -439.0000000000
60 -420.0000000000
62 -391.0000000000
63 -372.0000000000
64 -333.0000000000
68 -304.0000000000
71 -285.0000000000
73 -256.0000000000
76 -227.0000000000
77 -198.0000000000
79 -169.0000000000
81 -150.0000000000
82 -141.0000000000
83 -122.0000000000
86 -113.0000000000
89 -84.0000000000
90 -45.0000000000
91 -26.0000000000
94 -17.0000000000
99 -8.0000000000
100 1.0000000000
400 2.0000000000
3532 3.0000000000
6152 4.0000000000
6632 5.0000000000
6650 6.0000000000
11002 7.0000000000
17549 8.0000000000
19668 9.0000000000
68567 10.0000000000
100000 -127.0000000000
evaluations raw_y
1 -1576.0000000000
2 -1547.0000000000
6 -1508.0000000000
8 -1469.0000000000
9 -1430.0000000000
10 -1401.0000000000
19 -1362.0000000000
21 -1343.0000000000
22 -1314.0000000000
23 -1275.0000000000
24 -1236.0000000000
28 -1197.0000000000
30 -1168.0000000000
31 -1149.0000000000
32 -1120.0000000000
33 -1081.0000000000
34 -1042.0000000000
35 -1003.0000000000
37 -964.0000000000
39 -945.0000000000
42 -916.0000000000
43 -877.0000000000
45 -838.0000000000
46 -799.0000000000
48 -760.0000000000
49 -721.0000000000
51 -712.0000000000
52 -683.0000000000
53 -654.0000000000
54 -615.0000000000
55 -576.0000000000
59 -537.0000000000
60 -518.0000000000
63 -479.0000000000
67 -440.0000000000
68 -401.0000000000
70 -382.0000000000
72 -363.0000000000
73 -334.0000000000
75 -305.0000000000
77 -266.0000000000
80 -247.0000000000
83 -228.0000000000
85 -189.0000000000
86 -150.0000000000
87 -121.0000000000
88 -92.0000000000
89 -63.0000000000
90 -44.0000000000
94 -35.0000000000
95 -26.0000000000
96 -17.0000000000
97 -8.0000000000
99 1.0000000000
501 2.0000000000
1815 3.0000000000
5138 4.0000000000
8778 5.0000000000
9085 6.0000000000
12498 7.0000000000
12519 8.0000000000
22800 9.0000000000
100000 -89.0000000000
evaluations raw_y
1 -1527.0000000000
2 -1498.0000000000
5 -1459.0000000000
6 -1420.0000000000
7 -1381.0000000000
8 -1342.0000000000
9 -1313.0000000000
11 -1294.0000000000
12 -1265.0000000000
13 -1236.0000000000
15 -1197.0000000000
16 -1158.0000000000
17 -1119.0000000000
18 -1080.0000000000
19 -1051.0000000000
23 -1022.0000000000
26 -983.0000000000
27 -944.0000000000
28 -915.0000000000
33 -886.0000000000
39 -857.0000000000
41 -838.0000000000
43 -799.0000000000
47 -760.0000000000
48 -721.0000000000
49 -692.0000000000
51 -673.0000000000
52 -644.0000000000
53 -605.0000000000
54 -566.0000000000
57 -527.0000000000
59 -508.0000000000
62 -479.0000000000
65 -440.0000000000
67 -401.0000000000
68 -362.0000000000
69 -343.0000000000
72 -314.0000000000
73 -275.0000000000
75 -246.0000000000
76 -217.0000000000
77 -188.0000000000
78 -159.0000000000
79 -140.0000000000
82 -131.0000000000
83 -112.0000000000
84 -83.0000000000
85 -44.0000000000
88 -35.0000000000
90 -26.0000000000
94 -17.0000000000
95 -8.0000000000
96 1.0000000000
300 2.0000000000
3523 3.0000000000
6256 5.0000000000
9263 6.0000000000
9276 7.0000000000
14839 8.0000000000
17860 9.0000000000
100000 -90.0000000000
