evaluations raw_y
1 5.8000000000
2 6.0000000000
3 6.6000000000
4 7.4000000000
8 8.2000000000
34 8.8000000000
72 9.4000000000
115 9.6000000000
167 10.0000000000
170 10.2000000000
193 10.6000000000
198 11.8000000000
234 12.2000000000
296 12.6000000000
342 12.8000000000
395 13.0000000000
422 13.2000000000
461 13.4000000000
495 13.6000000000
533 13.8000000000
606 14.2000000000
695 14.4000000000
756 14.6000000000
785 14.8000000000
802 15.0000000000
974 15.2000000000
1123 15.4000000000
1206 15.6000000000
1246 15.8000000000
1328 16.0000000000
1438 16.2000000000
1560 16.4000000000
1916 16.6000000000
100000 16.2000000000
evaluations raw_y
1 7.8000000000
9 8.0000000000
19 8.8000000000
44 9.4000000000
118 9.6000000000
149 11.0000000000
193 11.6000000000
248 11.8000000000
285 12.0000000000
291 12.2000000000
324 13.0000000000
409 13.2000000000
419 13.6000000000
430 14.2000000000
479 14.4000000000
513 14.6000000000
569 15.0000000000
680 15.2000000000
726 15.4000000000
795 15.6000000000
827 15.8000000000
929 16.0000000000
1154 16.2000000000
1195 16.4000000000
1354 16.6000000000
2002 16.8000000000
100000 16.6000000000
evaluations raw_y
1 5.8000000000
3 6.2000000000
4 7.6000000000
8 8.2000000000
32 8.6000000000
46 9.2000000000
73 9.8000000000
172 10.2000000000
232 10.6000000000
240 11.0000000000
248 11.2000000000
279 11.4000000000
338 11.8000000000
375 12.2000000000
443 12.4000000000
494 12.6000000000
506 12.8000000000
558 13.0000000000
603 13.2000000000
722 13.6000000000
777 13.8000000000
965 14.0000000000
966 14.2000000000
1137 14.4000000000
1167 14.6000000000
1352 14.8000000000
1430 15.0000000000
1487 15.2000000000
1554 15.4000000000
1589 15.6000000000
1685 15.8000000000
1697 16.0000000000
2010 16.2000000000
2045 16.4000000000
2355 16.6000000000
100000 16.6000000000
evaluations raw_y
1 7.6000000000
2 8.0000000000
4 8.2000000000
9 8.4000000000
14 8.6000000000
46 10.0000000000
76 11.0000000000
86 11.2000000000
159 11.4000000000
177 12.4000000000
205 12.6000000000
270 13.2000000000
326 13.6000000000
384 14.2000000000
447 14.4000000000
507 14.6000000000
549 14.8000000000
679 15.0000000000
714 15.2000000000
884 15.4000000000
1015 15.6000000000
1073 15.8000000000
1270 16.0000000000
1359 16.2000000000
1504 16.4000000000
1837 16.6000000000
2663 16.8000000000
100000 16.8000000000
evaluations raw_y
1 6.0000000000
2 7.6000000000
12 9.0000000000
65 11.0000000000
209 11.4000000000
225 11.6000000000
266 12.0000000000
316 12.8000000000
431 13.0000000000
454 13.2000000000
486 13.6000000000
532 13.8000000000
545 14.0000000000
664 14.2000000000
695 14.4000000000
744 14.6000000000
919 14.8000000000
965 15.0000000000
1017 15.2000000000
1090 15.4000000000
1173 15.6000000000
1237 15.8000000000
1268 16.0000000000
1340 16.2000000000
1369 16.4000000000
1493 16.6000000000
1666 16.8000000000
1977 17.0000000000
100000 16.0000000000
evaluations raw_y
1 5.4000000000
2 6.6000000000
5 6.8000000000
7 8.4000000000
53 9.0000000000
99 9.2000000000
118 9.8000000000
164 10.4000000000
237 10.6000000000
254 10.8000000000
268 12.6000000000
472 13.0000000000
526 13.2000000000
540 13.4000000000
569 13.6000000000
573 13.8000000000
586 14.0000000000
593 14.2000000000
602 14.6000000000
770 14.8000000000
826 15.0000000000
905 15.2000000000
946 15.6000000000
1004 15.8000000000
1089 16.0000000000
1101 16.2000000000
1198 16.4000000000
1214 16.6000000000
1332 16.8000000000
1459 17.0000000000
1702 17.2000000000
1904 17.4000000000
2196 17.6000000000
100000 17.6000000000
evaluations raw_y
1 5.2000000000
2 7.2000000000
7 8.4000000000
19 8.6000000000
25 9.0000000000
30 9.2000000000
51 9.8000000000
106 10.0000000000
140 10.8000000000
145 12.2000000000
284 12.4000000000
295 12.6000000000
367 12.8000000000
399 13.2000000000
446 13.4000000000
473 13.6000000000
582 13.8000000000
598 14.0000000000
649 14.2000000000
730 14.4000000000
787 14.6000000000
793 14.8000000000
831 15.0000000000
897 15.2000000000
924 15.4000000000
981 15.6000000000
1032 15.8000000000
1183 16.0000000000
1186 16.2000000000
1302 16.4000000000
1524 16.6000000000
1874 16.8000000000
100000 16.2000000000
evaluations raw_y
1 7.4000000000
2 7.6000000000
5 8.0000000000
6 9.4000000000
59 10.6000000000
93 11.4000000000
255 11.8000000000
276 12.0000000000
285 12.2000000000
312 12.4000000000
376 12.6000000000
384 12.8000000000
455 13.0000000000
511 13.2000000000
622 13.4000000000
676 13.6000000000
746 13.8000000000
767 14.0000000000
868 14.2000000000
921 14.4000000000
1018 14.8000000000
1250 15.0000000000
1283 15.2000000000
1512 15.4000000000
1537 15.6000000000
1578 15.8000000000
1736 16.0000000000
1912 16.2000000000
2004 16.4000000000
2229 16.6000000000
2807 16.8000000000
100000 16.8000000000
evaluations raw_y
1 8.0000000000
3 8.6000000000
22 9.6000000000
48 9.8000000000
148 10.0000000000
241 10.4000000000
253 10.8000000000
327 11.0000000000
353 11.6000000000
467 11.8000000000
520 12.0000000000
532 12.4000000000
607 12.6000000000
662 12.8000000000
714 13.0000000000
762 13.2000000000
783 13.6000000000
830 14.0000000000
970 14.2000000000
1030 14.4000000000
1095 14.6000000000
1156 14.8000000000
1285 15.0000000000
1350 15.2000000000
1593 15.4000000000
1692 15.6000000000
1789 15.8000000000
1926 16.0000000000
2057 16.2000000000
2181 16.4000000000
100000 16.4000000000
evaluations raw_y
1 7.4000000000
7 8.0000000000
24 8.2000000000
39 9.2000000000
80 9.6000000000
144 10.4000000000
213 11.0000000000
307 11.4000000000
323 11.8000000000
342 12.0000000000
388 12.2000000000
449 12.4000000000
472 12.8000000000
554 13.0000000000
639 13.2000000000
645 13.4000000000
773 13.6000000000
811 13.8000000000
892 14.0000000000
986 14.2000000000
1102 14.4000000000
1135 14.6000000000
1219 14.8000000000
1227 15.0000000000
1417 15.2000000000
1466 15.4000000000
1577 15.6000000000
1709 15.8000000000
1852 16.0000000000
2001 16.2000000000
2165 16.4000000000
100000 16.2000000000
