evaluations raw_y
1 -1400.0000000000
7 -1361.0000000000
8 -1293.0000000000
12 -1254.0000000000
13 -1215.0000000000
20 -1176.0000000000
42 -1137.0000000000
48 -1098.0000000000
49 -1059.0000000000
50 -981.0000000000
54 -952.0000000000
55 -913.0000000000
57 -903.0000000000
67 -835.0000000000
70 -796.0000000000
72 -767.0000000000
75 -738.0000000000
79 -699.0000000000
94 -660.0000000000
106 -621.0000000000
108 -592.0000000000
109 -553.0000000000
120 -534.0000000000
127 -505.0000000000
128 -495.0000000000
142 -476.0000000000
163 -457.0000000000
179 -428.0000000000
183 -418.0000000000
208 -379.0000000000
216 -350.0000000000
229 -321.0000000000
240 -312.0000000000
241 -293.0000000000
247 -283.0000000000
262 -254.0000000000
273 -225.0000000000
280 -206.0000000000
285 -187.0000000000
327 -168.0000000000
328 -139.0000000000
341 -120.0000000000
355 -110.0000000000
366 -109.0000000000
377 -90.0000000000
382 -62.0000000000
393 -43.0000000000
409 -42.0000000000
418 -33.0000000000
421 -24.0000000000
426 -23.0000000000
435 -22.0000000000
460 -3.0000000000
466 6.0000000000
559 7.0000000000
717 8.0000000000
2035 9.0000000000
100000 -49.0000000000
evaluations raw_y
1 -1488.0000000000
5 -1449.0000000000
6 -1371.0000000000
7 -1332.0000000000
8 -1293.0000000000
9 -1254.0000000000
10 -1215.0000000000
12 -1176.0000000000
16 -1166.0000000000
20 -1127.0000000000
24 -1059.0000000000
27 -991.0000000000
33 -952.0000000000
37 -913.0000000000
38 -884.0000000000
39 -845.0000000000
58 -767.0000000000
66 -738.0000000000
78 -709.0000000000
80 -670.0000000000
82 -631.0000000000
83 -592.0000000000
89 -524.0000000000
94 -476.0000000000
99 -447.0000000000
103 -418.0000000000
107 -360.0000000000
116 -331.0000000000
119 -302.0000000000
125 -292.0000000000
129 -253.0000000000
130 -224.0000000000
135 -205.0000000000
144 -166.0000000000
145 -147.0000000000
154 -138.0000000000
163 -119.0000000000
167 -118.0000000000
239 -109.0000000000
266 -90.0000000000
293 -71.0000000000
304 -70.0000000000
318 -51.0000000000
326 -32.0000000000
333 -31.0000000000
384 -22.0000000000
414 -13.0000000000
591 6.0000000000
596 7.0000000000
641 8.0000000000
1002 9.0000000000
50153 10.0000000000
100000 -29.0000000000
evaluations raw_y
1 -1546.0000000000
2 -1507.0000000000
9 -1468.0000000000
14 -1429.0000000000
15 -1390.0000000000
16 -1351.0000000000
26 -1312.0000000000
30 -1283.0000000000
36 -1244.0000000000
39 -1205.0000000000
40 -1176.0000000000
48 -1137.0000000000
49 -1098.0000000000
51 -1069.0000000000
53 -1030.0000000000
61 -991.0000000000
63 -952.0000000000
70 -913.0000000000
71 -884.0000000000
73 -855.0000000000
79 -826.0000000000
80 -816.0000000000
81 -777.0000000000
90 -719.0000000000
92 -690.0000000000
103 -651.0000000000
115 -612.0000000000
130 -602.0000000000
133 -592.0000000000
135 -573.0000000000
138 -544.0000000000
163 -535.0000000000
169 -506.0000000000
181 -467.0000000000
188 -438.0000000000
195 -380.0000000000
203 -351.0000000000
209 -322.0000000000
210 -321.0000000000
216 -282.0000000000
219 -234.0000000000
225 -205.0000000000
226 -195.0000000000
256 -166.0000000000
261 -146.0000000000
274 -117.0000000000
275 -98.0000000000
281 -89.0000000000
306 -79.0000000000
323 -60.0000000000
345 -50.0000000000
393 -31.0000000000
409 -12.0000000000
461 -3.0000000000
497 -2.0000000000
499 7.0000000000
724 8.0000000000
1921 9.0000000000
17497 10.0000000000
100000 -19.0000000000
evaluations raw_y
1 -1312.0000000000
2 -1273.0000000000
7 -1234.0000000000
9 -1195.0000000000
11 -1166.0000000000
14 -1127.0000000000
25 -1088.0000000000
28 -1059.0000000000
35 -1020.0000000000
42 -981.0000000000
45 -913.0000000000
48 -874.0000000000
50 -835.0000000000
54 -815.0000000000
93 -786.0000000000
94 -757.0000000000
96 -718.0000000000
97 -679.0000000000
98 -650.0000000000
100 -640.0000000000
120 -611.0000000000
121 -572.0000000000
125 -543.0000000000
142 -524.0000000000
146 -505.0000000000
156 -495.0000000000
164 -466.0000000000
169 -437.0000000000
170 -408.0000000000
173 -389.0000000000
175 -360.0000000000
190 -331.0000000000
193 -311.0000000000
208 -272.0000000000
214 -243.0000000000
221 -224.0000000000
227 -214.0000000000
230 -205.0000000000
243 -195.0000000000
250 -176.0000000000
257 -147.0000000000
289 -137.0000000000
304 -108.0000000000
320 -89.0000000000
347 -60.0000000000
446 -51.0000000000
501 -42.0000000000
562 -32.0000000000
564 -22.0000000000
573 -14.0000000000
590 -5.0000000000
615 5.0000000000
636 6.0000000000
666 7.0000000000
715 8.0000000000
1084 9.0000000000
100000 -11.0000000000
evaluations raw_y
1 -1819.0000000000
4 -1741.0000000000
8 -1702.0000000000
11 -1663.0000000000
13 -1624.0000000000
17 -1585.0000000000
22 -1507.0000000000
24 -1429.0000000000
27 -1390.0000000000
29 -1322.0000000000
37 -1244.0000000000
47 -1137.0000000000
52 -1108.0000000000
54 -1069.0000000000
55 -1040.0000000000
64 -1001.0000000000
85 -962.0000000000
89 -952.0000000000
100 -923.0000000000
102 -855.0000000000
105 -845.0000000000
106 -816.0000000000
111 -787.0000000000
123 -748.0000000000
125 -709.0000000000
127 -670.0000000000
128 -602.0000000000
135 -563.0000000000
139 -466.0000000000
142 -427.0000000000
188 -398.0000000000
205 -388.0000000000
220 -359.0000000000
225 -330.0000000000
236 -311.0000000000
257 -282.0000000000
260 -253.0000000000
262 -224.0000000000
264 -195.0000000000
268 -185.0000000000
272 -176.0000000000
277 -147.0000000000
301 -128.0000000000
332 -109.0000000000
338 -90.0000000000
382 -61.0000000000
410 -42.0000000000
425 -32.0000000000
429 -23.0000000000
432 -22.0000000000
450 -21.0000000000
634 -1.0000000000
641 8.0000000000
5733 9.0000000000
100000 9.0000000000
evaluations raw_y
1 -1400.0000000000
2 -1361.0000000000
6 -1283.0000000000
7 -1244.0000000000
18 -1234.0000000000
20 -1195.0000000000
22 -1156.0000000000
24 -1117.0000000000
26 -1078.0000000000
31 -1039.0000000000
38 -1020.0000000000
39 -1010.0000000000
40 -981.0000000000
46 -962.0000000000
53 -923.0000000000
61 -884.0000000000
63 -845.0000000000
64 -806.0000000000
65 -796.0000000000
76 -757.0000000000
79 -747.0000000000
82 -708.0000000000
90 -679.0000000000
91 -650.0000000000
102 -611.0000000000
108 -543.0000000000
111 -504.0000000000
119 -436.0000000000
124 -397.0000000000
127 -358.0000000000
130 -329.0000000000
133 -290.0000000000
144 -261.0000000000
146 -232.0000000000
162 -203.0000000000
193 -193.0000000000
199 -174.0000000000
208 -155.0000000000
221 -126.0000000000
223 -97.0000000000
247 -78.0000000000
263 -60.0000000000
267 -50.0000000000
283 -49.0000000000
296 -40.0000000000
305 -21.0000000000
344 -2.0000000000
372 -1.0000000000
409 8.0000000000
11343 9.0000000000
100000 -20.0000000000
evaluations raw_y
1 -1420.0000000000
5 -1381.0000000000
13 -1342.0000000000
16 -1303.0000000000
18 -1274.0000000000
20 -1235.0000000000
23 -1196.0000000000
27 -1167.0000000000
29 -1128.0000000000
31 -1099.0000000000
33 -1060.0000000000
34 -1031.0000000000
36 -1011.0000000000
43 -972.0000000000
46 -933.0000000000
64 -904.0000000000
66 -894.0000000000
68 -855.0000000000
70 -845.0000000000
72 -835.0000000000
95 -796.0000000000
103 -757.0000000000
109 -718.0000000000
115 -679.0000000000
117 -650.0000000000
120 -611.0000000000
129 -601.0000000000
136 -572.0000000000
148 -533.0000000000
149 -504.0000000000
155 -475.0000000000
163 -446.0000000000
167 -417.0000000000
171 -388.0000000000
181 -359.0000000000
197 -330.0000000000
215 -301.0000000000
236 -272.0000000000
245 -253.0000000000
263 -214.0000000000
274 -175.0000000000
281 -166.0000000000
327 -157.0000000000
358 -148.0000000000
413 -129.0000000000
435 -110.0000000000
449 -109.0000000000
459 -100.0000000000
464 -81.0000000000
473 -80.0000000000
501 -71.0000000000
512 -62.0000000000
573 -43.0000000000
575 -34.0000000000
576 -33.0000000000
598 -32.0000000000
604 -4.0000000000
617 -3.0000000000
647 -2.0000000000
759 -1.0000000000
788 0.0000000000
948 9.0000000000
64124 10.0000000000
100000 -19.0000000000
evaluations raw_y
1 -1177.0000000000
2 -1099.0000000000
3 -1060.0000000000
12 -943.0000000000
15 -933.0000000000
16 -894.0000000000
38 -855.0000000000
41 -816.0000000000
42 -738.0000000000
47 -719.0000000000
50 -709.0000000000
52 -680.0000000000
67 -651.0000000000
90 -612.0000000000
98 -573.0000000000
110 -554.0000000000
115 -515.0000000000
141 -418.0000000000
149 -389.0000000000
150 -370.0000000000
152 -360.0000000000
193 -331.0000000000
197 -302.0000000000
203 -292.0000000000
216 -263.0000000000
238 -234.0000000000
246 -224.0000000000
267 -205.0000000000
292 -176.0000000000
294 -166.0000000000
306 -147.0000000000
311 -138.0000000000
314 -119.0000000000
322 -90.0000000000
332 -71.0000000000
347 -61.0000000000
358 -43.0000000000
370 -42.0000000000
385 -33.0000000000
401 -14.0000000000
467 -13.0000000000
611 6.0000000000
612 7.0000000000
839 8.0000000000
27081 9.0000000000
95475 10.0000000000
100000 10.0000000000
evaluations raw_y
1 -1790.0000000000
4 -1722.0000000000
12 -1683.0000000000
18 -1605.0000000000
35 -1566.0000000000
40 -1488.0000000000
49 -1410.0000000000
62 -1342.0000000000
65 -1264.0000000000
68 -1225.0000000000
70 -1215.0000000000
72 -1176.0000000000
73 -1147.0000000000
76 -1108.0000000000
85 -1098.0000000000
87 -1059.0000000000
88 -1020.0000000000
92 -981.0000000000
93 -942.0000000000
98 -903.0000000000
99 -864.0000000000
107 -825.0000000000
113 -796.0000000000
123 -767.0000000000
125 -748.0000000000
133 -719.0000000000
136 -690.0000000000
145 -671.0000000000
146 -632.0000000000
156 -622.0000000000
159 -612.0000000000
164 -593.0000000000
170 -564.0000000000
171 -506.0000000000
175 -477.0000000000
178 -448.0000000000
180 -438.0000000000
182 -399.0000000000
200 -389.0000000000
204 -379.0000000000
207 -341.0000000000
218 -283.0000000000
229 -254.0000000000
244 -225.0000000000
256 -167.0000000000
266 -166.0000000000
284 -147.0000000000
285 -128.0000000000
291 -118.0000000000
296 -109.0000000000
301 -100.0000000000
308 -80.0000000000
328 -79.0000000000
338 -70.0000000000
353 -51.0000000000
394 -42.0000000000
413 -14.0000000000
450 -13.0000000000
463 -12.0000000000
612 -11.0000000000
818 -2.0000000000
1262 7.0000000000
1338 8.0000000000
1622 9.0000000000
100000 9.0000000000
evaluations raw_y
1 -1624.0000000000
6 -1585.0000000000
10 -1546.0000000000
18 -1429.0000000000
21 -1390.0000000000
25 -1351.0000000000
26 -1283.0000000000
29 -1205.0000000000
34 -1176.0000000000
35 -1137.0000000000
43 -1098.0000000000
49 -1020.0000000000
50 -991.0000000000
56 -913.0000000000
58 -874.0000000000
59 -845.0000000000
65 -767.0000000000
66 -689.0000000000
70 -660.0000000000
72 -621.0000000000
78 -592.0000000000
88 -582.0000000000
89 -553.0000000000
101 -524.0000000000
110 -495.0000000000
111 -456.0000000000
120 -427.0000000000
146 -398.0000000000
157 -369.0000000000
177 -262.0000000000
193 -234.0000000000
199 -205.0000000000
201 -176.0000000000
215 -157.0000000000
220 -138.0000000000
245 -128.0000000000
268 -118.0000000000
274 -99.0000000000
275 -90.0000000000
285 -81.0000000000
286 -62.0000000000
289 -61.0000000000
332 -52.0000000000
350 -43.0000000000
352 -41.0000000000
366 -22.0000000000
391 7.0000000000
412 8.0000000000
516 9.0000000000
2854 10.0000000000
100000 -48.0000000000
