evaluations raw_y
1 -205.0000000000
3 -194.0000000000
43 -193.0000000000
59 -187.0000000000
96 -180.0000000000
101 -178.0000000000
106 -176.0000000000
147 -174.0000000000
149 -168.0000000000
185 -166.0000000000
188 -163.0000000000
224 -161.0000000000
242 -157.0000000000
256 -155.0000000000
262 -153.0000000000
285 -151.0000000000
316 -150.0000000000
320 -147.0000000000
321 -142.0000000000
357 -141.0000000000
389 -139.0000000000
395 -137.0000000000
425 -135.0000000000
439 -133.0000000000
474 -132.0000000000
502 -131.0000000000
504 -130.0000000000
511 -127.0000000000
565 -126.0000000000
573 -125.0000000000
594 -124.0000000000
618 -123.0000000000
628 -122.0000000000
642 -121.0000000000
644 -120.0000000000
692 -118.0000000000
700 -116.0000000000
701 -115.0000000000
766 -114.0000000000
781 -112.0000000000
784 -111.0000000000
825 -109.0000000000
878 -108.0000000000
879 -107.0000000000
903 -105.0000000000
981 -104.0000000000
983 -102.0000000000
1031 -99.0000000000
1076 -98.0000000000
1115 -96.0000000000
1141 -94.0000000000
1200 -93.0000000000
1207 -92.0000000000
1230 -91.0000000000
1253 -90.0000000000
1274 -88.0000000000
1316 -86.0000000000
1382 -84.0000000000
1426 -83.0000000000
1437 -82.0000000000
1463 -80.0000000000
1472 -78.0000000000
1504 -76.0000000000
1546 -75.0000000000
1560 -74.0000000000
1595 -72.0000000000
1692 -71.0000000000
1701 -70.0000000000
1734 -68.0000000000
1790 -67.0000000000
1839 -65.0000000000
1855 -64.0000000000
1909 -63.0000000000
1926 -62.0000000000
1941 -59.0000000000
1990 -57.0000000000
2024 -56.0000000000
2103 -55.0000000000
2148 -54.0000000000
2163 -53.0000000000
2181 -52.0000000000
2208 -51.0000000000
2243 -50.0000000000
2257 -48.0000000000
2324 -47.0000000000
2350 -46.0000000000
2352 -45.0000000000
2381 -44.0000000000
2427 -43.0000000000
2476 -41.0000000000
2587 -40.0000000000
2663 -38.0000000000
2752 -37.0000000000
2781 -36.0000000000
2789 -35.0000000000
2825 -34.0000000000
2881 -33.0000000000
2907 -32.0000000000
2981 -30.0000000000
3033 -29.0000000000
3095 -28.0000000000
3125 -26.0000000000
3174 -25.0000000000
3213 -24.0000000000
3245 -23.0000000000
3299 -22.0000000000
3342 -20.0000000000
3435 -19.0000000000
3568 -18.0000000000
3605 -17.0000000000
3709 -16.0000000000
3788 -15.0000000000
3838 -14.0000000000
3927 -13.0000000000
4029 -12.0000000000
4122 -10.0000000000
4252 -9.0000000000
4302 -8.0000000000
4425 -7.0000000000
4531 -6.0000000000
4562 -5.0000000000
4635 -4.0000000000
4748 -3.0000000000
4836 -2.0000000000
5028 -1.0000000000
5120 370.0000000000
5218 375.0000000000
5269 384.0000000000
5372 394.0000000000
5854 396.0000000000
5893 397.0000000000
5945 407.0000000000
6117 410.0000000000
6414 416.0000000000
6578 419.0000000000
10020 -1.0000000000
evaluations raw_y
1 -213.0000000000
3 -212.0000000000
6 -200.0000000000
16 -196.0000000000
62 -195.0000000000
63 -193.0000000000
69 -192.0000000000
74 -184.0000000000
102 -181.0000000000
103 -180.0000000000
122 -175.0000000000
133 -170.0000000000
146 -167.0000000000
156 -165.0000000000
182 -162.0000000000
207 -156.0000000000
230 -155.0000000000
257 -152.0000000000
262 -151.0000000000
288 -150.0000000000
304 -149.0000000000
305 -145.0000000000
320 -144.0000000000
343 -143.0000000000
353 -140.0000000000
359 -139.0000000000
400 -137.0000000000
403 -136.0000000000
410 -135.0000000000
432 -134.0000000000
436 -131.0000000000
472 -130.0000000000
473 -129.0000000000
492 -128.0000000000
500 -127.0000000000
505 -125.0000000000
523 -124.0000000000
530 -123.0000000000
550 -119.0000000000
583 -117.0000000000
596 -115.0000000000
634 -113.0000000000
641 -111.0000000000
655 -110.0000000000
670 -107.0000000000
708 -105.0000000000
782 -104.0000000000
785 -103.0000000000
812 -99.0000000000
853 -98.0000000000
862 -97.0000000000
917 -96.0000000000
953 -95.0000000000
959 -94.0000000000
1002 -92.0000000000
1032 -91.0000000000
1077 -89.0000000000
1103 -88.0000000000
1137 -87.0000000000
1141 -86.0000000000
1166 -84.0000000000
1242 -81.0000000000
1322 -80.0000000000
1333 -79.0000000000
1362 -78.0000000000
1394 -76.0000000000
1427 -74.0000000000
1503 -73.0000000000
1544 -72.0000000000
1625 -70.0000000000
1654 -69.0000000000
1666 -68.0000000000
1711 -67.0000000000
1724 -66.0000000000
1746 -65.0000000000
1798 -64.0000000000
1822 -63.0000000000
1832 -62.0000000000
1878 -61.0000000000
1903 -59.0000000000
1907 -58.0000000000
1965 -57.0000000000
2023 -56.0000000000
2063 -55.0000000000
2129 -54.0000000000
2161 -53.0000000000
2176 -52.0000000000
2217 -51.0000000000
2223 -50.0000000000
2306 -48.0000000000
2370 -46.0000000000
2392 -45.0000000000
2493 -44.0000000000
2504 -43.0000000000
2535 -42.0000000000
2569 -41.0000000000
2654 -39.0000000000
2719 -38.0000000000
2742 -37.0000000000
2786 -35.0000000000
2875 -34.0000000000
2914 -33.0000000000
2998 -32.0000000000
3023 -30.0000000000
3080 -29.0000000000
3145 -28.0000000000
3158 -27.0000000000
3223 -26.0000000000
3250 -25.0000000000
3314 -24.0000000000
3350 -23.0000000000
3424 -22.0000000000
3461 -20.0000000000
3560 -18.0000000000
3658 -17.0000000000
3710 -16.0000000000
3762 -15.0000000000
3802 -14.0000000000
3911 -13.0000000000
3986 -12.0000000000
4045 -11.0000000000
4090 -10.0000000000
4172 -9.0000000000
4231 -8.0000000000
4268 -7.0000000000
4313 -6.0000000000
4343 -5.0000000000
4429 -4.0000000000
4534 -3.0000000000
4597 -2.0000000000
4694 -1.0000000000
4913 386.0000000000
4914 397.0000000000
4953 401.0000000000
5668 402.0000000000
5772 406.0000000000
5789 409.0000000000
5848 412.0000000000
5865 414.0000000000
6009 418.0000000000
6184 419.0000000000
7700 422.0000000000
8546 423.0000000000
10020 -1.0000000000
evaluations raw_y
1 -225.0000000000
2 -208.0000000000
5 -207.0000000000
10 -199.0000000000
43 -190.0000000000
74 -183.0000000000
101 -182.0000000000
113 -179.0000000000
125 -178.0000000000
131 -175.0000000000
146 -173.0000000000
176 -171.0000000000
184 -169.0000000000
185 -168.0000000000
203 -164.0000000000
205 -163.0000000000
225 -160.0000000000
253 -154.0000000000
265 -152.0000000000
302 -149.0000000000
310 -148.0000000000
344 -144.0000000000
382 -142.0000000000
385 -139.0000000000
421 -138.0000000000
425 -133.0000000000
441 -130.0000000000
462 -129.0000000000
501 -127.0000000000
509 -125.0000000000
522 -124.0000000000
559 -123.0000000000
562 -120.0000000000
593 -119.0000000000
624 -116.0000000000
627 -115.0000000000
668 -114.0000000000
698 -113.0000000000
699 -112.0000000000
727 -111.0000000000
729 -109.0000000000
744 -106.0000000000
802 -105.0000000000
822 -104.0000000000
824 -103.0000000000
827 -101.0000000000
903 -99.0000000000
906 -96.0000000000
958 -94.0000000000
996 -91.0000000000
1024 -90.0000000000
1026 -89.0000000000
1035 -88.0000000000
1098 -87.0000000000
1124 -85.0000000000
1143 -84.0000000000
1166 -83.0000000000
1188 -82.0000000000
1221 -81.0000000000
1224 -80.0000000000
1253 -78.0000000000
1311 -77.0000000000
1363 -76.0000000000
1380 -74.0000000000
1388 -73.0000000000
1433 -72.0000000000
1506 -71.0000000000
1536 -70.0000000000
1581 -69.0000000000
1597 -68.0000000000
1629 -67.0000000000
1661 -66.0000000000
1666 -64.0000000000
1705 -63.0000000000
1748 -62.0000000000
1764 -61.0000000000
1802 -60.0000000000
1821 -58.0000000000
1862 -57.0000000000
1918 -56.0000000000
1940 -55.0000000000
1986 -54.0000000000
1990 -53.0000000000
2039 -52.0000000000
2071 -50.0000000000
2135 -48.0000000000
2159 -46.0000000000
2214 -44.0000000000
2247 -43.0000000000
2268 -42.0000000000
2309 -41.0000000000
2355 -40.0000000000
2382 -39.0000000000
2421 -38.0000000000
2425 -37.0000000000
2470 -36.0000000000
2479 -35.0000000000
2513 -34.0000000000
2566 -33.0000000000
2639 -32.0000000000
2664 -31.0000000000
2708 -30.0000000000
2733 -29.0000000000
2745 -28.0000000000
2797 -26.0000000000
2873 -25.0000000000
2885 -23.0000000000
2915 -22.0000000000
2963 -21.0000000000
3009 -20.0000000000
3055 -19.0000000000
3099 -18.0000000000
3118 -17.0000000000
3213 -16.0000000000
3228 -15.0000000000
3327 -14.0000000000
3402 -12.0000000000
3519 -11.0000000000
3561 -10.0000000000
3600 -9.0000000000
3663 -8.0000000000
3792 -7.0000000000
3837 -6.0000000000
3996 -5.0000000000
4025 -4.0000000000
4123 -3.0000000000
4242 -2.0000000000
4311 -1.0000000000
4357 383.0000000000
4424 386.0000000000
4434 391.0000000000
4719 392.0000000000
4741 400.0000000000
4922 402.0000000000
5153 407.0000000000
5223 413.0000000000
6316 415.0000000000
6368 417.0000000000
8476 421.0000000000
8788 424.0000000000
10020 424.0000000000
evaluations raw_y
1 -202.0000000000
6 -194.0000000000
16 -191.0000000000
22 -190.0000000000
31 -189.0000000000
53 -181.0000000000
61 -174.0000000000
88 -171.0000000000
102 -170.0000000000
108 -163.0000000000
109 -162.0000000000
111 -161.0000000000
143 -160.0000000000
157 -158.0000000000
177 -157.0000000000
182 -152.0000000000
192 -150.0000000000
196 -146.0000000000
235 -145.0000000000
240 -143.0000000000
255 -142.0000000000
266 -141.0000000000
274 -140.0000000000
276 -138.0000000000
311 -135.0000000000
343 -134.0000000000
347 -133.0000000000
360 -132.0000000000
375 -131.0000000000
386 -129.0000000000
394 -127.0000000000
413 -124.0000000000
423 -123.0000000000
448 -122.0000000000
463 -120.0000000000
469 -119.0000000000
507 -114.0000000000
582 -111.0000000000
634 -110.0000000000
635 -109.0000000000
665 -104.0000000000
742 -103.0000000000
751 -102.0000000000
769 -101.0000000000
785 -100.0000000000
798 -98.0000000000
822 -97.0000000000
856 -95.0000000000
904 -93.0000000000
944 -91.0000000000
1007 -89.0000000000
1058 -87.0000000000
1067 -86.0000000000
1109 -85.0000000000
1112 -83.0000000000
1141 -82.0000000000
1194 -81.0000000000
1227 -80.0000000000
1250 -79.0000000000
1285 -78.0000000000
1312 -77.0000000000
1329 -76.0000000000
1346 -75.0000000000
1385 -74.0000000000
1426 -73.0000000000
1457 -72.0000000000
1471 -70.0000000000
1508 -69.0000000000
1549 -67.0000000000
1585 -65.0000000000
1628 -64.0000000000
1634 -62.0000000000
1711 -61.0000000000
1718 -60.0000000000
1772 -58.0000000000
1842 -57.0000000000
1872 -56.0000000000
1887 -55.0000000000
1949 -54.0000000000
1971 -53.0000000000
2024 -51.0000000000
2029 -50.0000000000
2090 -49.0000000000
2104 -48.0000000000
2136 -45.0000000000
2189 -42.0000000000
2273 -40.0000000000
2337 -39.0000000000
2353 -38.0000000000
2415 -37.0000000000
2478 -36.0000000000
2536 -34.0000000000
2575 -33.0000000000
2623 -32.0000000000
2665 -31.0000000000
2677 -30.0000000000
2736 -29.0000000000
2751 -28.0000000000
2788 -27.0000000000
2843 -26.0000000000
2909 -25.0000000000
2989 -24.0000000000
3043 -23.0000000000
3066 -22.0000000000
3108 -21.0000000000
3186 -20.0000000000
3264 -19.0000000000
3293 -18.0000000000
3398 -17.0000000000
3417 -16.0000000000
3463 -15.0000000000
3577 -14.0000000000
3632 -13.0000000000
3717 -12.0000000000
3765 -11.0000000000
3823 -10.0000000000
3915 -9.0000000000
3969 -8.0000000000
3994 -7.0000000000
4057 -6.0000000000
4140 -5.0000000000
4181 -4.0000000000
4224 -3.0000000000
4336 -2.0000000000
4348 -1.0000000000
4384 372.0000000000
4466 377.0000000000
4485 388.0000000000
4549 390.0000000000
4591 395.0000000000
4600 397.0000000000
4674 403.0000000000
5623 407.0000000000
6965 413.0000000000
7077 417.0000000000
7912 418.0000000000
7985 419.0000000000
10020 -3.0000000000
evaluations raw_y
1 -221.0000000000
2 -196.0000000000
5 -189.0000000000
38 -188.0000000000
44 -185.0000000000
83 -180.0000000000
109 -179.0000000000
117 -174.0000000000
141 -170.0000000000
150 -167.0000000000
171 -165.0000000000
178 -164.0000000000
182 -160.0000000000
222 -155.0000000000
234 -153.0000000000
263 -151.0000000000
268 -150.0000000000
299 -149.0000000000
302 -146.0000000000
306 -144.0000000000
327 -140.0000000000
351 -139.0000000000
384 -136.0000000000
409 -135.0000000000
411 -130.0000000000
437 -126.0000000000
465 -125.0000000000
469 -123.0000000000
534 -121.0000000000
543 -120.0000000000
570 -118.0000000000
581 -116.0000000000
618 -115.0000000000
622 -112.0000000000
626 -110.0000000000
695 -109.0000000000
702 -108.0000000000
705 -107.0000000000
743 -106.0000000000
752 -105.0000000000
760 -103.0000000000
786 -102.0000000000
837 -100.0000000000
864 -99.0000000000
866 -98.0000000000
882 -97.0000000000
896 -95.0000000000
942 -93.0000000000
945 -92.0000000000
1017 -90.0000000000
1049 -89.0000000000
1102 -88.0000000000
1129 -86.0000000000
1154 -85.0000000000
1186 -84.0000000000
1188 -83.0000000000
1221 -82.0000000000
1271 -81.0000000000
1298 -80.0000000000
1306 -79.0000000000
1346 -78.0000000000
1390 -76.0000000000
1427 -75.0000000000
1478 -74.0000000000
1513 -73.0000000000
1519 -72.0000000000
1562 -71.0000000000
1599 -70.0000000000
1632 -69.0000000000
1653 -68.0000000000
1681 -67.0000000000
1717 -65.0000000000
1745 -64.0000000000
1816 -63.0000000000
1838 -61.0000000000
1902 -60.0000000000
1909 -58.0000000000
1987 -57.0000000000
2005 -56.0000000000
2022 -53.0000000000
2072 -51.0000000000
2165 -50.0000000000
2185 -48.0000000000
2195 -46.0000000000
2273 -44.0000000000
2380 -43.0000000000
2395 -42.0000000000
2447 -41.0000000000
2471 -40.0000000000
2509 -39.0000000000
2649 -38.0000000000
2671 -35.0000000000
2727 -34.0000000000
2741 -33.0000000000
2810 -32.0000000000
2860 -31.0000000000
2862 -30.0000000000
2940 -29.0000000000
2953 -28.0000000000
2993 -27.0000000000
3051 -25.0000000000
3110 -24.0000000000
3169 -22.0000000000
3222 -21.0000000000
3292 -20.0000000000
3331 -19.0000000000
3388 -18.0000000000
3463 -17.0000000000
3504 -16.0000000000
3505 -15.0000000000
3618 -14.0000000000
3720 -13.0000000000
3755 -12.0000000000
3795 -11.0000000000
3900 -10.0000000000
3925 -9.0000000000
3949 -8.0000000000
4018 -7.0000000000
4082 -6.0000000000
4104 -5.0000000000
4240 -4.0000000000
4289 -3.0000000000
4317 -2.0000000000
4433 -1.0000000000
4781 389.0000000000
4871 397.0000000000
5002 399.0000000000
5753 401.0000000000
5933 408.0000000000
5991 409.0000000000
6048 410.0000000000
6115 412.0000000000
6778 415.0000000000
7760 416.0000000000
9105 419.0000000000
9159 420.0000000000
10020 420.0000000000
evaluations raw_y
1 -194.0000000000
37 -190.0000000000
44 -188.0000000000
56 -187.0000000000
62 -181.0000000000
81 -177.0000000000
107 -175.0000000000
111 -171.0000000000
130 -170.0000000000
147 -168.0000000000
157 -163.0000000000
182 -161.0000000000
212 -158.0000000000
228 -153.0000000000
235 -150.0000000000
273 -149.0000000000
294 -143.0000000000
316 -133.0000000000
347 -131.0000000000
382 -129.0000000000
390 -126.0000000000
430 -124.0000000000
431 -119.0000000000
443 -116.0000000000
490 -114.0000000000
506 -113.0000000000
532 -112.0000000000
533 -111.0000000000
542 -110.0000000000
545 -108.0000000000
608 -107.0000000000
614 -106.0000000000
621 -105.0000000000
660 -104.0000000000
662 -100.0000000000
703 -96.0000000000
758 -95.0000000000
788 -93.0000000000
819 -91.0000000000
827 -89.0000000000
868 -88.0000000000
923 -87.0000000000
933 -86.0000000000
950 -84.0000000000
986 -82.0000000000
1032 -80.0000000000
1073 -79.0000000000
1115 -78.0000000000
1142 -77.0000000000
1186 -76.0000000000
1223 -75.0000000000
1247 -74.0000000000
1289 -72.0000000000
1307 -70.0000000000
1349 -69.0000000000
1375 -68.0000000000
1424 -67.0000000000
1441 -66.0000000000
1506 -64.0000000000
1530 -62.0000000000
1566 -61.0000000000
1598 -60.0000000000
1665 -59.0000000000
1691 -58.0000000000
1706 -56.0000000000
1746 -55.0000000000
1795 -53.0000000000
1824 -52.0000000000
1862 -51.0000000000
1896 -50.0000000000
1899 -49.0000000000
1906 -47.0000000000
1951 -46.0000000000
2013 -45.0000000000
2029 -43.0000000000
2063 -42.0000000000
2131 -41.0000000000
2144 -40.0000000000
2198 -39.0000000000
2222 -38.0000000000
2305 -37.0000000000
2316 -36.0000000000
2359 -35.0000000000
2414 -33.0000000000
2482 -32.0000000000
2527 -31.0000000000
2558 -30.0000000000
2599 -29.0000000000
2635 -28.0000000000
2712 -27.0000000000
2763 -26.0000000000
2797 -25.0000000000
2820 -24.0000000000
2882 -23.0000000000
2887 -22.0000000000
2944 -21.0000000000
2958 -20.0000000000
3021 -19.0000000000
3117 -18.0000000000
3144 -17.0000000000
3243 -16.0000000000
3288 -15.0000000000
3370 -14.0000000000
3399 -13.0000000000
3550 -11.0000000000
3828 -10.0000000000
3895 -9.0000000000
3973 -8.0000000000
4023 -7.0000000000
4067 -6.0000000000
4173 -4.0000000000
4248 -3.0000000000
4356 -2.0000000000
4476 -1.0000000000
4604 385.0000000000
4623 386.0000000000
4625 392.0000000000
4645 398.0000000000
4672 399.0000000000
4723 401.0000000000
4753 404.0000000000
4774 409.0000000000
5112 414.0000000000
6057 415.0000000000
6161 417.0000000000
6407 420.0000000000
8049 421.0000000000
8157 422.0000000000
9499 424.0000000000
10020 -1.0000000000
evaluations raw_y
1 -207.0000000000
3 -205.0000000000
4 -197.0000000000
20 -186.0000000000
54 -183.0000000000
68 -180.0000000000
97 -171.0000000000
122 -170.0000000000
145 -166.0000000000
186 -165.0000000000
198 -164.0000000000
205 -163.0000000000
221 -160.0000000000
269 -156.0000000000
308 -155.0000000000
352 -152.0000000000
383 -151.0000000000
394 -150.0000000000
425 -146.0000000000
467 -143.0000000000
509 -142.0000000000
531 -140.0000000000
556 -139.0000000000
589 -136.0000000000
599 -135.0000000000
624 -133.0000000000
665 -132.0000000000
667 -131.0000000000
688 -130.0000000000
695 -129.0000000000
728 -128.0000000000
777 -125.0000000000
822 -123.0000000000
840 -122.0000000000
869 -121.0000000000
882 -119.0000000000
948 -118.0000000000
956 -116.0000000000
992 -115.0000000000
1011 -114.0000000000
1021 -113.0000000000
1024 -111.0000000000
1069 -110.0000000000
1079 -109.0000000000
1129 -108.0000000000
1154 -107.0000000000
1160 -106.0000000000
1167 -105.0000000000
1187 -104.0000000000
1239 -103.0000000000
1241 -102.0000000000
1247 -101.0000000000
1271 -100.0000000000
1303 -99.0000000000
1341 -98.0000000000
1371 -97.0000000000
1387 -96.0000000000
1394 -95.0000000000
1406 -94.0000000000
1450 -92.0000000000
1476 -91.0000000000
1508 -90.0000000000
1543 -88.0000000000
1582 -87.0000000000
1585 -86.0000000000
1649 -84.0000000000
1668 -83.0000000000
1721 -82.0000000000
1728 -81.0000000000
1742 -79.0000000000
1774 -77.0000000000
1802 -76.0000000000
1846 -75.0000000000
1887 -73.0000000000
1905 -72.0000000000
1947 -71.0000000000
1993 -70.0000000000
2008 -69.0000000000
2014 -67.0000000000
2031 -66.0000000000
2091 -65.0000000000
2101 -64.0000000000
2143 -63.0000000000
2183 -62.0000000000
2199 -61.0000000000
2201 -60.0000000000
2266 -59.0000000000
2325 -57.0000000000
2383 -55.0000000000
2429 -54.0000000000
2444 -52.0000000000
2468 -50.0000000000
2530 -49.0000000000
2542 -47.0000000000
2607 -46.0000000000
2632 -45.0000000000
2704 -44.0000000000
2761 -43.0000000000
2786 -41.0000000000
2823 -40.0000000000
2869 -39.0000000000
2880 -38.0000000000
2935 -37.0000000000
2950 -36.0000000000
2985 -34.0000000000
3035 -33.0000000000
3104 -32.0000000000
3141 -31.0000000000
3186 -30.0000000000
3231 -29.0000000000
3273 -28.0000000000
3346 -27.0000000000
3412 -26.0000000000
3470 -25.0000000000
3552 -24.0000000000
3555 -22.0000000000
3625 -21.0000000000
3705 -20.0000000000
3741 -19.0000000000
3782 -17.0000000000
3825 -16.0000000000
3934 -15.0000000000
3948 -14.0000000000
3981 -13.0000000000
4085 -12.0000000000
4177 -11.0000000000
4339 -10.0000000000
4517 -9.0000000000
4634 -8.0000000000
4713 -7.0000000000
4743 -6.0000000000
4851 -5.0000000000
4905 -4.0000000000
5031 -3.0000000000
5232 -2.0000000000
5266 -1.0000000000
5329 393.0000000000
5382 398.0000000000
5746 406.0000000000
6649 407.0000000000
6835 412.0000000000
10020 402.0000000000
evaluations raw_y
1 -212.0000000000
3 -201.0000000000
5 -199.0000000000
36 -197.0000000000
37 -192.0000000000
64 -191.0000000000
65 -188.0000000000
83 -187.0000000000
92 -179.0000000000
103 -176.0000000000
142 -173.0000000000
147 -172.0000000000
157 -171.0000000000
177 -170.0000000000
184 -164.0000000000
191 -163.0000000000
225 -162.0000000000
227 -151.0000000000
275 -147.0000000000
315 -145.0000000000
342 -143.0000000000
358 -138.0000000000
394 -134.0000000000
426 -131.0000000000
462 -127.0000000000
510 -126.0000000000
540 -124.0000000000
560 -123.0000000000
583 -122.0000000000
599 -120.0000000000
615 -118.0000000000
628 -117.0000000000
636 -116.0000000000
664 -114.0000000000
676 -113.0000000000
703 -111.0000000000
725 -109.0000000000
782 -108.0000000000
796 -107.0000000000
798 -106.0000000000
800 -104.0000000000
824 -103.0000000000
840 -101.0000000000
865 -100.0000000000
901 -98.0000000000
931 -96.0000000000
1014 -95.0000000000
1025 -93.0000000000
1041 -88.0000000000
1100 -87.0000000000
1115 -85.0000000000
1144 -84.0000000000
1223 -82.0000000000
1261 -81.0000000000
1305 -79.0000000000
1347 -77.0000000000
1392 -76.0000000000
1402 -75.0000000000
1427 -73.0000000000
1507 -72.0000000000
1542 -71.0000000000
1582 -70.0000000000
1585 -69.0000000000
1630 -68.0000000000
1654 -67.0000000000
1663 -66.0000000000
1703 -65.0000000000
1720 -64.0000000000
1775 -63.0000000000
1783 -62.0000000000
1801 -61.0000000000
1829 -60.0000000000
1861 -59.0000000000
1882 -58.0000000000
1916 -56.0000000000
1933 -53.0000000000
1996 -51.0000000000
2070 -50.0000000000
2147 -49.0000000000
2191 -47.0000000000
2263 -46.0000000000
2307 -43.0000000000
2354 -42.0000000000
2381 -41.0000000000
2431 -40.0000000000
2509 -39.0000000000
2529 -38.0000000000
2542 -37.0000000000
2581 -36.0000000000
2601 -35.0000000000
2635 -34.0000000000
2675 -33.0000000000
2749 -32.0000000000
2766 -31.0000000000
2826 -30.0000000000
2878 -29.0000000000
2926 -28.0000000000
2963 -27.0000000000
3036 -26.0000000000
3047 -25.0000000000
3147 -24.0000000000
3171 -23.0000000000
3272 -21.0000000000
3341 -20.0000000000
3399 -19.0000000000
3421 -18.0000000000
3465 -17.0000000000
3552 -16.0000000000
3592 -15.0000000000
3670 -14.0000000000
3707 -13.0000000000
3753 -12.0000000000
3823 -11.0000000000
3858 -10.0000000000
3916 -8.0000000000
3944 -7.0000000000
4031 -6.0000000000
4101 -5.0000000000
4224 -4.0000000000
4227 -2.0000000000
4353 -1.0000000000
4512 382.0000000000
4515 390.0000000000
4604 391.0000000000
4903 393.0000000000
4949 400.0000000000
5088 405.0000000000
5124 408.0000000000
5336 409.0000000000
5351 413.0000000000
5391 417.0000000000
6296 420.0000000000
6428 422.0000000000
10020 -2.0000000000
evaluations raw_y
1 -212.0000000000
6 -198.0000000000
9 -187.0000000000
64 -186.0000000000
65 -184.0000000000
71 -182.0000000000
76 -178.0000000000
104 -174.0000000000
133 -173.0000000000
145 -167.0000000000
154 -166.0000000000
181 -163.0000000000
186 -161.0000000000
223 -160.0000000000
236 -158.0000000000
237 -154.0000000000
261 -151.0000000000
281 -142.0000000000
303 -141.0000000000
304 -139.0000000000
355 -132.0000000000
394 -128.0000000000
426 -125.0000000000
435 -124.0000000000
461 -123.0000000000
466 -120.0000000000
520 -118.0000000000
542 -115.0000000000
553 -114.0000000000
568 -112.0000000000
584 -108.0000000000
630 -107.0000000000
634 -103.0000000000
676 -101.0000000000
703 -99.0000000000
742 -98.0000000000
748 -97.0000000000
754 -96.0000000000
777 -93.0000000000
824 -92.0000000000
825 -91.0000000000
840 -90.0000000000
863 -89.0000000000
893 -86.0000000000
945 -85.0000000000
955 -82.0000000000
996 -81.0000000000
1004 -80.0000000000
1007 -79.0000000000
1035 -75.0000000000
1108 -73.0000000000
1138 -72.0000000000
1148 -71.0000000000
1186 -69.0000000000
1231 -68.0000000000
1265 -67.0000000000
1307 -66.0000000000
1366 -65.0000000000
1387 -63.0000000000
1421 -61.0000000000
1461 -60.0000000000
1469 -59.0000000000
1507 -58.0000000000
1510 -56.0000000000
1543 -55.0000000000
1599 -54.0000000000
1636 -53.0000000000
1648 -52.0000000000
1688 -50.0000000000
1734 -49.0000000000
1799 -48.0000000000
1829 -47.0000000000
1845 -46.0000000000
1897 -45.0000000000
1904 -44.0000000000
1913 -43.0000000000
1960 -42.0000000000
1988 -40.0000000000
2031 -39.0000000000
2108 -38.0000000000
2129 -37.0000000000
2193 -36.0000000000
2207 -35.0000000000
2246 -34.0000000000
2275 -33.0000000000
2346 -31.0000000000
2421 -30.0000000000
2435 -29.0000000000
2460 -28.0000000000
2509 -27.0000000000
2552 -26.0000000000
2594 -25.0000000000
2666 -24.0000000000
2731 -23.0000000000
2837 -22.0000000000
2895 -21.0000000000
2928 -20.0000000000
2981 -19.0000000000
3033 -18.0000000000
3072 -17.0000000000
3157 -16.0000000000
3196 -15.0000000000
3239 -14.0000000000
3271 -13.0000000000
3345 -12.0000000000
3385 -11.0000000000
3426 -10.0000000000
3472 -9.0000000000
3653 -8.0000000000
3709 -7.0000000000
3771 -6.0000000000
3877 -4.0000000000
3948 -3.0000000000
4090 -2.0000000000
4152 -1.0000000000
4229 393.0000000000
4792 397.0000000000
5523 402.0000000000
5754 403.0000000000
6450 404.0000000000
6563 409.0000000000
6632 415.0000000000
6699 421.0000000000
10020 -1.0000000000
evaluations raw_y
1 -219.0000000000
2 -216.0000000000
7 -212.0000000000
8 -206.0000000000
18 -204.0000000000
22 -200.0000000000
36 -195.0000000000
62 -183.0000000000
103 -174.0000000000
149 -170.0000000000
157 -161.0000000000
182 -160.0000000000
193 -158.0000000000
221 -157.0000000000
229 -153.0000000000
270 -152.0000000000
275 -149.0000000000
312 -147.0000000000
324 -143.0000000000
344 -142.0000000000
382 -139.0000000000
385 -137.0000000000
428 -136.0000000000
440 -135.0000000000
442 -134.0000000000
459 -133.0000000000
466 -132.0000000000
494 -131.0000000000
497 -128.0000000000
511 -127.0000000000
520 -126.0000000000
551 -124.0000000000
578 -123.0000000000
591 -122.0000000000
599 -119.0000000000
633 -118.0000000000
651 -117.0000000000
670 -116.0000000000
675 -115.0000000000
707 -114.0000000000
732 -113.0000000000
742 -111.0000000000
804 -110.0000000000
817 -109.0000000000
822 -104.0000000000
924 -102.0000000000
976 -101.0000000000
984 -100.0000000000
1017 -99.0000000000
1030 -97.0000000000
1081 -95.0000000000
1107 -94.0000000000
1155 -93.0000000000
1160 -91.0000000000
1195 -89.0000000000
1235 -87.0000000000
1246 -83.0000000000
1321 -82.0000000000
1356 -81.0000000000
1386 -80.0000000000
1434 -79.0000000000
1460 -75.0000000000
1524 -74.0000000000
1550 -73.0000000000
1603 -72.0000000000
1628 -71.0000000000
1669 -70.0000000000
1741 -69.0000000000
1754 -68.0000000000
1796 -67.0000000000
1822 -65.0000000000
1916 -63.0000000000
1947 -62.0000000000
2038 -61.0000000000
2072 -60.0000000000
2101 -59.0000000000
2113 -58.0000000000
2159 -57.0000000000
2182 -53.0000000000
2275 -51.0000000000
2364 -48.0000000000
2459 -46.0000000000
2477 -45.0000000000
2543 -44.0000000000
2578 -43.0000000000
2595 -42.0000000000
2641 -41.0000000000
2670 -40.0000000000
2737 -39.0000000000
2788 -37.0000000000
2834 -36.0000000000
2880 -35.0000000000
2941 -34.0000000000
3021 -33.0000000000
3031 -32.0000000000
3124 -31.0000000000
3149 -30.0000000000
3205 -29.0000000000
3222 -27.0000000000
3269 -25.0000000000
3357 -24.0000000000
3399 -22.0000000000
3478 -21.0000000000
3547 -20.0000000000
3602 -19.0000000000
3661 -18.0000000000
3706 -17.0000000000
3750 -16.0000000000
3788 -15.0000000000
3866 -14.0000000000
3903 -13.0000000000
3934 -12.0000000000
3966 -11.0000000000
4012 -10.0000000000
4022 -9.0000000000
4120 -8.0000000000
4188 -6.0000000000
4280 -5.0000000000
4312 -4.0000000000
4363 -3.0000000000
4433 -2.0000000000
4463 -1.0000000000
4533 386.0000000000
4608 389.0000000000
4619 390.0000000000
4665 392.0000000000
4686 395.0000000000
4692 398.0000000000
4794 399.0000000000
4907 401.0000000000
5276 402.0000000000
5456 411.0000000000
6250 421.0000000000
10020 -1.0000000000
evaluations raw_y
1 -212.0000000000
2 -205.0000000000
6 -204.0000000000
22 -202.0000000000
26 -200.0000000000
31 -199.0000000000
36 -193.0000000000
58 -188.0000000000
62 -183.0000000000
102 -179.0000000000
115 -175.0000000000
132 -174.0000000000
141 -149.0000000000
182 -148.0000000000
231 -147.0000000000
236 -144.0000000000
262 -143.0000000000
284 -142.0000000000
292 -138.0000000000
316 -136.0000000000
329 -135.0000000000
344 -133.0000000000
351 -132.0000000000
366 -131.0000000000
382 -128.0000000000
424 -125.0000000000
442 -124.0000000000
452 -123.0000000000
462 -122.0000000000
499 -121.0000000000
506 -116.0000000000
518 -114.0000000000
542 -112.0000000000
548 -110.0000000000
583 -109.0000000000
611 -106.0000000000
624 -104.0000000000
674 -102.0000000000
718 -101.0000000000
734 -100.0000000000
742 -96.0000000000
786 -95.0000000000
787 -94.0000000000
849 -93.0000000000
855 -91.0000000000
906 -89.0000000000
945 -87.0000000000
1062 -85.0000000000
1102 -84.0000000000
1114 -83.0000000000
1184 -80.0000000000
1227 -79.0000000000
1288 -78.0000000000
1310 -77.0000000000
1353 -75.0000000000
1367 -74.0000000000
1423 -72.0000000000
1472 -71.0000000000
1495 -70.0000000000
1506 -67.0000000000
1587 -65.0000000000
1622 -64.0000000000
1639 -63.0000000000
1703 -62.0000000000
1712 -61.0000000000
1743 -59.0000000000
1784 -57.0000000000
1831 -55.0000000000
1866 -54.0000000000
1937 -52.0000000000
2032 -51.0000000000
2110 -50.0000000000
2124 -49.0000000000
2129 -48.0000000000
2185 -47.0000000000
2214 -45.0000000000
2252 -43.0000000000
2292 -41.0000000000
2343 -40.0000000000
2399 -39.0000000000
2440 -38.0000000000
2470 -37.0000000000
2513 -36.0000000000
2563 -35.0000000000
2625 -34.0000000000
2643 -33.0000000000
2671 -32.0000000000
2715 -31.0000000000
2719 -30.0000000000
2778 -29.0000000000
2813 -28.0000000000
2845 -27.0000000000
2870 -24.0000000000
2958 -23.0000000000
3058 -22.0000000000
3079 -21.0000000000
3142 -20.0000000000
3222 -19.0000000000
3239 -18.0000000000
3303 -17.0000000000
3321 -16.0000000000
3342 -15.0000000000
3426 -13.0000000000
3511 -12.0000000000
3566 -11.0000000000
3668 -10.0000000000
3705 -9.0000000000
3805 -8.0000000000
3853 -7.0000000000
3964 -6.0000000000
4031 -5.0000000000
4067 -4.0000000000
4216 -3.0000000000
4308 -2.0000000000
4417 -1.0000000000
4548 376.0000000000
4632 392.0000000000
4888 399.0000000000
4934 401.0000000000
4941 406.0000000000
5244 411.0000000000
5439 416.0000000000
8410 417.0000000000
9554 418.0000000000
10020 -1.0000000000
evaluations raw_y
1 -241.0000000000
2 -222.0000000000
3 -212.0000000000
4 -211.0000000000
11 -209.0000000000
14 -192.0000000000
26 -188.0000000000
29 -170.0000000000
113 -169.0000000000
124 -167.0000000000
142 -165.0000000000
144 -163.0000000000
182 -155.0000000000
223 -150.0000000000
284 -149.0000000000
310 -148.0000000000
338 -146.0000000000
340 -145.0000000000
352 -144.0000000000
354 -143.0000000000
362 -142.0000000000
395 -139.0000000000
426 -138.0000000000
442 -135.0000000000
491 -134.0000000000
499 -133.0000000000
502 -132.0000000000
541 -129.0000000000
590 -128.0000000000
597 -126.0000000000
663 -124.0000000000
703 -123.0000000000
732 -122.0000000000
743 -121.0000000000
759 -120.0000000000
770 -115.0000000000
792 -114.0000000000
830 -113.0000000000
864 -110.0000000000
873 -108.0000000000
943 -107.0000000000
962 -106.0000000000
983 -104.0000000000
1035 -103.0000000000
1062 -102.0000000000
1105 -101.0000000000
1133 -100.0000000000
1143 -99.0000000000
1182 -98.0000000000
1185 -97.0000000000
1223 -96.0000000000
1255 -95.0000000000
1265 -94.0000000000
1302 -93.0000000000
1317 -91.0000000000
1333 -90.0000000000
1381 -89.0000000000
1394 -88.0000000000
1428 -87.0000000000
1432 -86.0000000000
1478 -85.0000000000
1507 -84.0000000000
1522 -83.0000000000
1560 -82.0000000000
1561 -81.0000000000
1590 -80.0000000000
1624 -79.0000000000
1643 -78.0000000000
1667 -76.0000000000
1672 -74.0000000000
1735 -73.0000000000
1751 -72.0000000000
1781 -69.0000000000
1822 -68.0000000000
1872 -65.0000000000
1913 -64.0000000000
1952 -62.0000000000
1981 -61.0000000000
2011 -60.0000000000
2021 -58.0000000000
2075 -57.0000000000
2078 -56.0000000000
2142 -55.0000000000
2181 -53.0000000000
2234 -52.0000000000
2262 -51.0000000000
2276 -50.0000000000
2313 -47.0000000000
2376 -46.0000000000
2394 -44.0000000000
2493 -43.0000000000
2502 -41.0000000000
2570 -40.0000000000
2595 -39.0000000000
2642 -38.0000000000
2671 -37.0000000000
2696 -36.0000000000
2753 -35.0000000000
2840 -34.0000000000
2867 -33.0000000000
2883 -32.0000000000
2947 -29.0000000000
3047 -28.0000000000
3069 -27.0000000000
3161 -26.0000000000
3185 -25.0000000000
3228 -24.0000000000
3279 -23.0000000000
3310 -22.0000000000
3347 -20.0000000000
3439 -19.0000000000
3466 -18.0000000000
3512 -17.0000000000
3614 -16.0000000000
3631 -15.0000000000
3714 -14.0000000000
3782 -13.0000000000
3866 -12.0000000000
3935 -11.0000000000
4049 -10.0000000000
4153 -9.0000000000
4277 -8.0000000000
4386 -7.0000000000
4443 -6.0000000000
4597 -5.0000000000
4696 -4.0000000000
4782 -3.0000000000
4886 -2.0000000000
4942 394.0000000000
5162 399.0000000000
5982 402.0000000000
6247 405.0000000000
6389 406.0000000000
6501 408.0000000000
10020 408.0000000000
evaluations raw_y
1 -220.0000000000
2 -214.0000000000
4 -210.0000000000
6 -197.0000000000
24 -195.0000000000
35 -193.0000000000
63 -192.0000000000
70 -188.0000000000
82 -183.0000000000
115 -180.0000000000
139 -170.0000000000
185 -168.0000000000
188 -164.0000000000
229 -162.0000000000
246 -160.0000000000
267 -159.0000000000
272 -158.0000000000
278 -151.0000000000
313 -146.0000000000
338 -144.0000000000
364 -142.0000000000
370 -136.0000000000
395 -132.0000000000
465 -129.0000000000
468 -128.0000000000
507 -122.0000000000
548 -121.0000000000
575 -119.0000000000
582 -118.0000000000
583 -117.0000000000
624 -114.0000000000
658 -112.0000000000
686 -111.0000000000
691 -110.0000000000
706 -109.0000000000
735 -107.0000000000
749 -106.0000000000
752 -105.0000000000
781 -104.0000000000
804 -103.0000000000
843 -102.0000000000
853 -100.0000000000
863 -98.0000000000
925 -96.0000000000
931 -94.0000000000
962 -92.0000000000
1018 -91.0000000000
1021 -88.0000000000
1106 -87.0000000000
1117 -86.0000000000
1141 -83.0000000000
1203 -82.0000000000
1221 -81.0000000000
1226 -80.0000000000
1264 -79.0000000000
1294 -77.0000000000
1353 -76.0000000000
1365 -75.0000000000
1396 -74.0000000000
1402 -72.0000000000
1448 -71.0000000000
1454 -69.0000000000
1476 -68.0000000000
1505 -67.0000000000
1546 -65.0000000000
1588 -64.0000000000
1654 -63.0000000000
1664 -62.0000000000
1706 -61.0000000000
1722 -60.0000000000
1768 -59.0000000000
1791 -58.0000000000
1804 -57.0000000000
1821 -56.0000000000
1864 -55.0000000000
1873 -54.0000000000
1914 -53.0000000000
1951 -52.0000000000
1982 -51.0000000000
2005 -50.0000000000
2067 -49.0000000000
2076 -48.0000000000
2108 -46.0000000000
2146 -45.0000000000
2187 -43.0000000000
2234 -42.0000000000
2236 -41.0000000000
2285 -40.0000000000
2310 -39.0000000000
2319 -37.0000000000
2424 -36.0000000000
2427 -35.0000000000
2482 -34.0000000000
2492 -33.0000000000
2508 -32.0000000000
2557 -31.0000000000
2560 -30.0000000000
2566 -29.0000000000
2591 -28.0000000000
2624 -27.0000000000
2702 -26.0000000000
2736 -25.0000000000
2808 -24.0000000000
2842 -23.0000000000
2906 -22.0000000000
2983 -21.0000000000
3057 -20.0000000000
3064 -19.0000000000
3108 -18.0000000000
3118 -17.0000000000
3211 -16.0000000000
3301 -15.0000000000
3358 -14.0000000000
3446 -13.0000000000
3535 -12.0000000000
3547 -11.0000000000
3591 -10.0000000000
3640 -9.0000000000
3698 -8.0000000000
3737 -7.0000000000
3827 -5.0000000000
3943 -4.0000000000
4018 -3.0000000000
4090 -2.0000000000
4260 -1.0000000000
4446 402.0000000000
5727 403.0000000000
5774 407.0000000000
5902 408.0000000000
6190 420.0000000000
6996 421.0000000000
10020 -1.0000000000
evaluations raw_y
1 -221.0000000000
2 -210.0000000000
8 -200.0000000000
16 -195.0000000000
20 -177.0000000000
25 -165.0000000000
129 -164.0000000000
141 -163.0000000000
143 -156.0000000000
155 -155.0000000000
184 -154.0000000000
193 -150.0000000000
197 -144.0000000000
230 -142.0000000000
261 -137.0000000000
302 -136.0000000000
306 -135.0000000000
309 -133.0000000000
355 -132.0000000000
366 -131.0000000000
396 -129.0000000000
405 -126.0000000000
428 -125.0000000000
463 -124.0000000000
501 -121.0000000000
544 -120.0000000000
583 -118.0000000000
603 -115.0000000000
636 -114.0000000000
679 -113.0000000000
695 -112.0000000000
713 -111.0000000000
743 -110.0000000000
776 -109.0000000000
824 -108.0000000000
828 -107.0000000000
860 -105.0000000000
870 -104.0000000000
901 -103.0000000000
905 -102.0000000000
910 -101.0000000000
950 -99.0000000000
998 -98.0000000000
1021 -96.0000000000
1062 -95.0000000000
1112 -94.0000000000
1131 -93.0000000000
1141 -91.0000000000
1224 -90.0000000000
1242 -89.0000000000
1268 -87.0000000000
1299 -86.0000000000
1303 -85.0000000000
1350 -84.0000000000
1396 -82.0000000000
1465 -80.0000000000
1515 -78.0000000000
1542 -77.0000000000
1581 -76.0000000000
1621 -74.0000000000
1685 -73.0000000000
1688 -72.0000000000
1703 -71.0000000000
1747 -70.0000000000
1778 -69.0000000000
1799 -68.0000000000
1841 -66.0000000000
1904 -65.0000000000
1913 -62.0000000000
1984 -61.0000000000
1985 -60.0000000000
2024 -59.0000000000
2048 -57.0000000000
2080 -56.0000000000
2098 -55.0000000000
2102 -54.0000000000
2138 -52.0000000000
2139 -50.0000000000
2162 -49.0000000000
2174 -48.0000000000
2209 -46.0000000000
2288 -45.0000000000
2334 -44.0000000000
2357 -43.0000000000
2413 -42.0000000000
2437 -41.0000000000
2502 -40.0000000000
2541 -38.0000000000
2592 -37.0000000000
2625 -35.0000000000
2672 -34.0000000000
2722 -33.0000000000
2759 -32.0000000000
2788 -31.0000000000
2826 -30.0000000000
2828 -27.0000000000
2898 -26.0000000000
2942 -25.0000000000
2948 -24.0000000000
3008 -23.0000000000
3025 -22.0000000000
3121 -21.0000000000
3145 -20.0000000000
3214 -19.0000000000
3297 -17.0000000000
3367 -16.0000000000
3406 -15.0000000000
3480 -14.0000000000
3550 -13.0000000000
3602 -12.0000000000
3654 -11.0000000000
3705 -10.0000000000
3758 -9.0000000000
3851 -8.0000000000
3959 -7.0000000000
4104 -6.0000000000
4240 -5.0000000000
4361 -4.0000000000
4423 -3.0000000000
4563 -2.0000000000
4636 -1.0000000000
4750 396.0000000000
5030 404.0000000000
5710 411.0000000000
6101 415.0000000000
6409 417.0000000000
9354 418.0000000000
10020 -1.0000000000
evaluations raw_y
1 -217.0000000000
3 -214.0000000000
7 -210.0000000000
16 -198.0000000000
48 -197.0000000000
70 -192.0000000000
116 -190.0000000000
121 -187.0000000000
128 -184.0000000000
150 -181.0000000000
152 -176.0000000000
190 -165.0000000000
227 -161.0000000000
265 -159.0000000000
275 -158.0000000000
283 -156.0000000000
302 -154.0000000000
303 -151.0000000000
307 -149.0000000000
355 -148.0000000000
381 -142.0000000000
388 -135.0000000000
457 -134.0000000000
475 -133.0000000000
484 -131.0000000000
536 -129.0000000000
542 -127.0000000000
588 -122.0000000000
621 -119.0000000000
673 -116.0000000000
739 -115.0000000000
741 -114.0000000000
790 -112.0000000000
823 -109.0000000000
877 -107.0000000000
918 -106.0000000000
926 -105.0000000000
943 -104.0000000000
952 -103.0000000000
969 -102.0000000000
986 -101.0000000000
995 -100.0000000000
1030 -99.0000000000
1053 -97.0000000000
1102 -94.0000000000
1187 -93.0000000000
1228 -91.0000000000
1272 -90.0000000000
1327 -89.0000000000
1341 -88.0000000000
1368 -87.0000000000
1381 -86.0000000000
1384 -85.0000000000
1441 -81.0000000000
1490 -78.0000000000
1542 -77.0000000000
1557 -76.0000000000
1570 -74.0000000000
1588 -73.0000000000
1635 -72.0000000000
1664 -71.0000000000
1722 -70.0000000000
1764 -69.0000000000
1768 -67.0000000000
1801 -66.0000000000
1861 -65.0000000000
1946 -64.0000000000
1983 -63.0000000000
2033 -62.0000000000
2062 -61.0000000000
2067 -60.0000000000
2102 -59.0000000000
2168 -58.0000000000
2196 -57.0000000000
2197 -56.0000000000
2222 -55.0000000000
2263 -54.0000000000
2271 -53.0000000000
2308 -52.0000000000
2315 -50.0000000000
2388 -49.0000000000
2441 -48.0000000000
2468 -47.0000000000
2512 -46.0000000000
2538 -45.0000000000
2581 -44.0000000000
2586 -43.0000000000
2622 -42.0000000000
2645 -41.0000000000
2702 -40.0000000000
2707 -38.0000000000
2766 -37.0000000000
2784 -36.0000000000
2846 -35.0000000000
2878 -34.0000000000
2906 -33.0000000000
2952 -32.0000000000
3017 -31.0000000000
3061 -30.0000000000
3067 -29.0000000000
3105 -27.0000000000
3147 -26.0000000000
3182 -25.0000000000
3261 -24.0000000000
3311 -23.0000000000
3358 -22.0000000000
3406 -21.0000000000
3433 -20.0000000000
3465 -19.0000000000
3589 -18.0000000000
3657 -17.0000000000
3669 -16.0000000000
3754 -14.0000000000
3909 -13.0000000000
3952 -12.0000000000
4080 -11.0000000000
4151 -10.0000000000
4187 -8.0000000000
4230 -7.0000000000
4349 -6.0000000000
4384 -5.0000000000
4473 -4.0000000000
4622 -3.0000000000
4781 -2.0000000000
4875 -1.0000000000
5010 338.0000000000
5172 358.0000000000
5394 360.0000000000
5428 378.0000000000
5465 382.0000000000
5553 400.0000000000
6124 406.0000000000
6366 412.0000000000
6483 415.0000000000
7392 417.0000000000
10020 417.0000000000
evaluations raw_y
1 -229.0000000000
2 -214.0000000000
11 -211.0000000000
19 -205.0000000000
42 -196.0000000000
66 -191.0000000000
108 -190.0000000000
126 -188.0000000000
130 -183.0000000000
133 -182.0000000000
145 -181.0000000000
160 -180.0000000000
174 -178.0000000000
188 -177.0000000000
190 -176.0000000000
191 -172.0000000000
199 -169.0000000000
232 -168.0000000000
243 -165.0000000000
261 -155.0000000000
337 -153.0000000000
342 -151.0000000000
363 -149.0000000000
383 -143.0000000000
421 -139.0000000000
466 -138.0000000000
480 -136.0000000000
505 -134.0000000000
531 -133.0000000000
541 -130.0000000000
582 -128.0000000000
620 -127.0000000000
622 -126.0000000000
624 -125.0000000000
651 -124.0000000000
663 -123.0000000000
665 -122.0000000000
703 -121.0000000000
730 -120.0000000000
751 -118.0000000000
782 -117.0000000000
790 -114.0000000000
844 -112.0000000000
879 -109.0000000000
942 -107.0000000000
968 -102.0000000000
984 -101.0000000000
1033 -100.0000000000
1065 -99.0000000000
1101 -98.0000000000
1127 -97.0000000000
1141 -96.0000000000
1153 -95.0000000000
1186 -92.0000000000
1227 -90.0000000000
1300 -89.0000000000
1318 -87.0000000000
1381 -85.0000000000
1399 -83.0000000000
1429 -82.0000000000
1462 -80.0000000000
1532 -78.0000000000
1547 -77.0000000000
1570 -76.0000000000
1622 -75.0000000000
1645 -73.0000000000
1663 -72.0000000000
1705 -71.0000000000
1742 -69.0000000000
1785 -67.0000000000
1822 -66.0000000000
1827 -65.0000000000
1834 -64.0000000000
1868 -62.0000000000
1900 -60.0000000000
1941 -59.0000000000
1986 -57.0000000000
2024 -56.0000000000
2027 -55.0000000000
2082 -54.0000000000
2101 -53.0000000000
2144 -51.0000000000
2181 -50.0000000000
2222 -49.0000000000
2267 -47.0000000000
2303 -46.0000000000
2319 -45.0000000000
2360 -44.0000000000
2363 -43.0000000000
2400 -42.0000000000
2464 -40.0000000000
2507 -38.0000000000
2544 -37.0000000000
2583 -36.0000000000
2598 -35.0000000000
2640 -34.0000000000
2718 -32.0000000000
2748 -31.0000000000
2779 -30.0000000000
2785 -29.0000000000
2825 -27.0000000000
2906 -26.0000000000
2919 -24.0000000000
2945 -23.0000000000
3033 -22.0000000000
3044 -21.0000000000
3063 -20.0000000000
3128 -19.0000000000
3183 -18.0000000000
3246 -17.0000000000
3322 -16.0000000000
3384 -15.0000000000
3406 -14.0000000000
3478 -13.0000000000
3501 -12.0000000000
3576 -11.0000000000
3596 -10.0000000000
3642 -9.0000000000
3664 -8.0000000000
3704 -7.0000000000
3758 -6.0000000000
3811 -5.0000000000
3854 -4.0000000000
3886 -3.0000000000
4017 -2.0000000000
4098 -1.0000000000
4249 399.0000000000
4406 410.0000000000
5711 412.0000000000
7120 422.0000000000
10020 -1.0000000000
evaluations raw_y
1 -185.0000000000
62 -182.0000000000
73 -180.0000000000
76 -176.0000000000
109 -174.0000000000
118 -172.0000000000
142 -170.0000000000
148 -169.0000000000
175 -166.0000000000
181 -162.0000000000
224 -161.0000000000
231 -160.0000000000
238 -158.0000000000
241 -151.0000000000
285 -150.0000000000
303 -149.0000000000
317 -147.0000000000
340 -145.0000000000
346 -144.0000000000
359 -141.0000000000
391 -139.0000000000
417 -134.0000000000
463 -131.0000000000
517 -129.0000000000
544 -128.0000000000
586 -126.0000000000
627 -125.0000000000
668 -124.0000000000
674 -123.0000000000
689 -122.0000000000
739 -120.0000000000
746 -118.0000000000
806 -117.0000000000
822 -116.0000000000
826 -115.0000000000
834 -114.0000000000
871 -113.0000000000
888 -110.0000000000
939 -108.0000000000
1004 -107.0000000000
1012 -106.0000000000
1031 -105.0000000000
1043 -104.0000000000
1077 -103.0000000000
1107 -102.0000000000
1146 -101.0000000000
1186 -100.0000000000
1202 -99.0000000000
1227 -98.0000000000
1229 -96.0000000000
1261 -94.0000000000
1335 -91.0000000000
1385 -90.0000000000
1422 -89.0000000000
1424 -88.0000000000
1426 -87.0000000000
1504 -86.0000000000
1513 -85.0000000000
1547 -84.0000000000
1583 -79.0000000000
1665 -76.0000000000
1728 -75.0000000000
1780 -74.0000000000
1828 -73.0000000000
1852 -72.0000000000
1880 -71.0000000000
1901 -69.0000000000
1980 -67.0000000000
2042 -66.0000000000
2061 -65.0000000000
2104 -64.0000000000
2139 -62.0000000000
2156 -61.0000000000
2209 -60.0000000000
2222 -59.0000000000
2223 -58.0000000000
2271 -55.0000000000
2333 -53.0000000000
2353 -52.0000000000
2390 -51.0000000000
2426 -50.0000000000
2463 -49.0000000000
2511 -48.0000000000
2521 -45.0000000000
2589 -44.0000000000
2601 -43.0000000000
2623 -42.0000000000
2678 -41.0000000000
2703 -40.0000000000
2733 -38.0000000000
2788 -37.0000000000
2825 -36.0000000000
2869 -35.0000000000
2968 -34.0000000000
2980 -33.0000000000
3022 -32.0000000000
3129 -31.0000000000
3185 -30.0000000000
3224 -29.0000000000
3251 -28.0000000000
3323 -27.0000000000
3352 -26.0000000000
3385 -25.0000000000
3450 -24.0000000000
3483 -22.0000000000
3522 -21.0000000000
3648 -20.0000000000
3743 -19.0000000000
3783 -18.0000000000
3866 -17.0000000000
3954 -16.0000000000
4040 -15.0000000000
4082 -14.0000000000
4182 -13.0000000000
4223 -12.0000000000
4251 -11.0000000000
4375 -10.0000000000
4425 -9.0000000000
4627 -8.0000000000
4745 -7.0000000000
4834 -6.0000000000
4912 -5.0000000000
4943 -4.0000000000
4993 -3.0000000000
5103 -2.0000000000
5168 -1.0000000000
5196 392.0000000000
5231 400.0000000000
5280 404.0000000000
5294 405.0000000000
5406 408.0000000000
6328 419.0000000000
8167 424.0000000000
10020 -1.0000000000
evaluations raw_y
1 -211.0000000000
6 -210.0000000000
10 -207.0000000000
11 -202.0000000000
15 -200.0000000000
25 -190.0000000000
39 -189.0000000000
74 -187.0000000000
76 -186.0000000000
101 -185.0000000000
106 -181.0000000000
117 -179.0000000000
119 -178.0000000000
133 -173.0000000000
156 -166.0000000000
181 -165.0000000000
197 -163.0000000000
221 -161.0000000000
232 -160.0000000000
250 -159.0000000000
253 -150.0000000000
286 -146.0000000000
301 -145.0000000000
303 -139.0000000000
329 -135.0000000000
357 -133.0000000000
384 -130.0000000000
385 -129.0000000000
388 -123.0000000000
429 -121.0000000000
469 -118.0000000000
507 -117.0000000000
518 -116.0000000000
541 -115.0000000000
557 -114.0000000000
590 -113.0000000000
592 -112.0000000000
613 -110.0000000000
623 -108.0000000000
626 -107.0000000000
660 -104.0000000000
702 -102.0000000000
714 -101.0000000000
733 -100.0000000000
743 -97.0000000000
821 -96.0000000000
835 -94.0000000000
872 -93.0000000000
885 -92.0000000000
911 -91.0000000000
920 -90.0000000000
942 -89.0000000000
949 -88.0000000000
987 -87.0000000000
1014 -86.0000000000
1024 -85.0000000000
1061 -84.0000000000
1096 -82.0000000000
1145 -81.0000000000
1152 -80.0000000000
1181 -79.0000000000
1195 -78.0000000000
1202 -77.0000000000
1249 -76.0000000000
1252 -75.0000000000
1265 -73.0000000000
1325 -72.0000000000
1343 -71.0000000000
1389 -70.0000000000
1442 -69.0000000000
1462 -68.0000000000
1467 -64.0000000000
1570 -63.0000000000
1591 -62.0000000000
1619 -61.0000000000
1657 -60.0000000000
1677 -58.0000000000
1712 -57.0000000000
1781 -56.0000000000
1844 -55.0000000000
1902 -54.0000000000
1944 -53.0000000000
1953 -51.0000000000
2005 -50.0000000000
2028 -48.0000000000
2073 -47.0000000000
2118 -44.0000000000
2196 -43.0000000000
2214 -42.0000000000
2233 -41.0000000000
2306 -40.0000000000
2314 -39.0000000000
2348 -38.0000000000
2412 -37.0000000000
2465 -36.0000000000
2494 -35.0000000000
2542 -34.0000000000
2589 -33.0000000000
2621 -32.0000000000
2670 -31.0000000000
2755 -30.0000000000
2825 -29.0000000000
2872 -28.0000000000
2914 -27.0000000000
2985 -26.0000000000
2989 -25.0000000000
3065 -24.0000000000
3083 -23.0000000000
3132 -22.0000000000
3211 -21.0000000000
3241 -20.0000000000
3279 -19.0000000000
3314 -18.0000000000
3354 -17.0000000000
3420 -16.0000000000
3465 -15.0000000000
3509 -14.0000000000
3530 -13.0000000000
3552 -12.0000000000
3674 -11.0000000000
3748 -10.0000000000
3828 -8.0000000000
3901 -7.0000000000
3907 -6.0000000000
3992 -5.0000000000
4047 -4.0000000000
4063 -2.0000000000
4117 -1.0000000000
4142 370.0000000000
4262 376.0000000000
4375 384.0000000000
4755 393.0000000000
4880 394.0000000000
5107 395.0000000000
5116 399.0000000000
7616 401.0000000000
8339 404.0000000000
8426 410.0000000000
8551 414.0000000000
10020 -1.0000000000
evaluations raw_y
1 -222.0000000000
2 -211.0000000000
13 -209.0000000000
20 -206.0000000000
23 -205.0000000000
43 -195.0000000000
63 -194.0000000000
92 -185.0000000000
108 -184.0000000000
111 -181.0000000000
141 -179.0000000000
149 -176.0000000000
181 -174.0000000000
208 -167.0000000000
250 -164.0000000000
275 -161.0000000000
279 -155.0000000000
312 -151.0000000000
354 -141.0000000000
384 -140.0000000000
422 -139.0000000000
442 -136.0000000000
484 -134.0000000000
485 -132.0000000000
506 -130.0000000000
530 -129.0000000000
551 -128.0000000000
555 -124.0000000000
610 -122.0000000000
626 -121.0000000000
628 -120.0000000000
676 -119.0000000000
706 -118.0000000000
718 -116.0000000000
754 -114.0000000000
791 -113.0000000000
796 -112.0000000000
843 -111.0000000000
873 -108.0000000000
914 -107.0000000000
950 -106.0000000000
988 -105.0000000000
997 -104.0000000000
1000 -102.0000000000
1023 -101.0000000000
1072 -99.0000000000
1093 -98.0000000000
1141 -97.0000000000
1184 -96.0000000000
1185 -95.0000000000
1190 -94.0000000000
1198 -93.0000000000
1230 -90.0000000000
1287 -85.0000000000
1365 -83.0000000000
1381 -82.0000000000
1423 -81.0000000000
1476 -80.0000000000
1487 -76.0000000000
1532 -75.0000000000
1587 -74.0000000000
1624 -72.0000000000
1668 -71.0000000000
1677 -70.0000000000
1704 -69.0000000000
1708 -68.0000000000
1791 -67.0000000000
1801 -64.0000000000
1865 -62.0000000000
1873 -61.0000000000
1946 -59.0000000000
1952 -58.0000000000
2002 -57.0000000000
2026 -56.0000000000
2031 -55.0000000000
2081 -54.0000000000
2096 -53.0000000000
2122 -52.0000000000
2145 -51.0000000000
2186 -50.0000000000
2289 -48.0000000000
2308 -47.0000000000
2382 -46.0000000000
2386 -45.0000000000
2388 -44.0000000000
2464 -43.0000000000
2490 -42.0000000000
2554 -41.0000000000
2572 -40.0000000000
2617 -39.0000000000
2627 -38.0000000000
2662 -36.0000000000
2708 -35.0000000000
2765 -34.0000000000
2794 -33.0000000000
2836 -32.0000000000
2882 -31.0000000000
2906 -30.0000000000
2959 -29.0000000000
2995 -28.0000000000
3039 -25.0000000000
3108 -23.0000000000
3189 -22.0000000000
3225 -21.0000000000
3265 -18.0000000000
3389 -17.0000000000
3529 -16.0000000000
3562 -15.0000000000
3648 -14.0000000000
3752 -13.0000000000
3856 -12.0000000000
3889 -11.0000000000
3946 -10.0000000000
3948 -8.0000000000
4158 -7.0000000000
4279 -6.0000000000
4342 -5.0000000000
4396 -4.0000000000
4475 -3.0000000000
4563 -2.0000000000
4637 -1.0000000000
4710 386.0000000000
4719 393.0000000000
4872 397.0000000000
5050 398.0000000000
5112 399.0000000000
5170 404.0000000000
5184 410.0000000000
8112 411.0000000000
9008 412.0000000000
9073 419.0000000000
10020 -1.0000000000
evaluations raw_y
1 -214.0000000000
4 -203.0000000000
9 -201.0000000000
23 -190.0000000000
62 -181.0000000000
102 -179.0000000000
117 -176.0000000000
120 -175.0000000000
122 -173.0000000000
143 -172.0000000000
147 -170.0000000000
149 -163.0000000000
185 -161.0000000000
199 -158.0000000000
228 -157.0000000000
230 -152.0000000000
240 -148.0000000000
264 -142.0000000000
281 -141.0000000000
316 -137.0000000000
344 -130.0000000000
386 -129.0000000000
431 -126.0000000000
469 -125.0000000000
484 -124.0000000000
497 -123.0000000000
502 -122.0000000000
537 -120.0000000000
553 -118.0000000000
581 -117.0000000000
607 -115.0000000000
622 -112.0000000000
661 -111.0000000000
665 -107.0000000000
709 -106.0000000000
746 -105.0000000000
780 -104.0000000000
781 -103.0000000000
800 -102.0000000000
831 -100.0000000000
841 -98.0000000000
915 -97.0000000000
937 -96.0000000000
949 -93.0000000000
1031 -91.0000000000
1065 -90.0000000000
1086 -89.0000000000
1101 -88.0000000000
1118 -87.0000000000
1160 -86.0000000000
1230 -85.0000000000
1236 -82.0000000000
1262 -80.0000000000
1279 -78.0000000000
1314 -77.0000000000
1334 -74.0000000000
1383 -73.0000000000
1421 -72.0000000000
1437 -71.0000000000
1462 -70.0000000000
1505 -69.0000000000
1544 -68.0000000000
1574 -67.0000000000
1616 -66.0000000000
1631 -63.0000000000
1690 -62.0000000000
1747 -61.0000000000
1777 -59.0000000000
1800 -58.0000000000
1830 -57.0000000000
1836 -56.0000000000
1875 -55.0000000000
1884 -54.0000000000
1901 -53.0000000000
1942 -50.0000000000
2027 -49.0000000000
2058 -48.0000000000
2087 -46.0000000000
2122 -45.0000000000
2145 -44.0000000000
2222 -43.0000000000
2272 -42.0000000000
2275 -41.0000000000
2348 -40.0000000000
2371 -39.0000000000
2404 -38.0000000000
2433 -37.0000000000
2464 -36.0000000000
2511 -35.0000000000
2571 -34.0000000000
2623 -33.0000000000
2663 -32.0000000000
2681 -31.0000000000
2728 -29.0000000000
2781 -28.0000000000
2827 -27.0000000000
2853 -26.0000000000
2868 -25.0000000000
2944 -24.0000000000
2946 -23.0000000000
3021 -21.0000000000
3064 -20.0000000000
3138 -19.0000000000
3149 -16.0000000000
3210 -15.0000000000
3235 -14.0000000000
3281 -13.0000000000
3303 -12.0000000000
3504 -11.0000000000
3582 -10.0000000000
3673 -9.0000000000
3727 -8.0000000000
3777 -7.0000000000
3838 -6.0000000000
4050 -5.0000000000
4170 -4.0000000000
4235 -3.0000000000
4285 -2.0000000000
4307 -1.0000000000
4342 356.0000000000
4426 361.0000000000
4523 373.0000000000
4651 376.0000000000
4679 379.0000000000
4838 387.0000000000
4993 389.0000000000
5557 399.0000000000
5721 401.0000000000
6352 404.0000000000
6499 408.0000000000
6556 412.0000000000
7362 413.0000000000
7436 415.0000000000
8027 417.0000000000
10020 417.0000000000
evaluations raw_y
1 -223.0000000000
2 -214.0000000000
6 -211.0000000000
11 -199.0000000000
37 -193.0000000000
63 -192.0000000000
70 -190.0000000000
78 -188.0000000000
106 -173.0000000000
151 -172.0000000000
168 -167.0000000000
221 -164.0000000000
226 -162.0000000000
231 -159.0000000000
259 -158.0000000000
261 -151.0000000000
267 -150.0000000000
317 -141.0000000000
346 -135.0000000000
384 -133.0000000000
421 -132.0000000000
424 -129.0000000000
425 -128.0000000000
442 -123.0000000000
482 -122.0000000000
505 -121.0000000000
507 -120.0000000000
512 -116.0000000000
542 -112.0000000000
573 -109.0000000000
581 -108.0000000000
613 -107.0000000000
631 -106.0000000000
660 -105.0000000000
662 -102.0000000000
717 -101.0000000000
744 -100.0000000000
746 -99.0000000000
748 -98.0000000000
796 -96.0000000000
824 -95.0000000000
877 -92.0000000000
937 -91.0000000000
990 -90.0000000000
997 -89.0000000000
1043 -88.0000000000
1065 -87.0000000000
1074 -85.0000000000
1104 -84.0000000000
1154 -83.0000000000
1187 -82.0000000000
1221 -80.0000000000
1262 -79.0000000000
1280 -78.0000000000
1323 -77.0000000000
1337 -76.0000000000
1363 -75.0000000000
1381 -73.0000000000
1427 -72.0000000000
1429 -71.0000000000
1470 -70.0000000000
1524 -69.0000000000
1559 -67.0000000000
1587 -66.0000000000
1623 -64.0000000000
1668 -63.0000000000
1703 -62.0000000000
1723 -61.0000000000
1742 -59.0000000000
1827 -56.0000000000
1867 -55.0000000000
1927 -53.0000000000
1949 -52.0000000000
1999 -51.0000000000
2026 -49.0000000000
2073 -48.0000000000
2123 -47.0000000000
2142 -46.0000000000
2151 -45.0000000000
2188 -44.0000000000
2204 -43.0000000000
2232 -41.0000000000
2268 -40.0000000000
2312 -38.0000000000
2343 -37.0000000000
2429 -36.0000000000
2456 -35.0000000000
2461 -34.0000000000
2474 -33.0000000000
2512 -32.0000000000
2583 -31.0000000000
2643 -30.0000000000
2675 -29.0000000000
2752 -28.0000000000
2805 -27.0000000000
2871 -26.0000000000
2901 -24.0000000000
2951 -22.0000000000
3098 -21.0000000000
3158 -20.0000000000
3228 -19.0000000000
3262 -18.0000000000
3321 -17.0000000000
3348 -14.0000000000
3389 -13.0000000000
3475 -12.0000000000
3570 -11.0000000000
3591 -10.0000000000
3721 -9.0000000000
3799 -8.0000000000
3918 -7.0000000000
3943 -6.0000000000
3989 -5.0000000000
4049 -4.0000000000
4111 -3.0000000000
4152 -2.0000000000
4254 -1.0000000000
4346 354.0000000000
4413 361.0000000000
4486 362.0000000000
4502 366.0000000000
4506 371.0000000000
4551 372.0000000000
4556 379.0000000000
4625 383.0000000000
4768 389.0000000000
4781 394.0000000000
5120 395.0000000000
5403 403.0000000000
5884 411.0000000000
6205 413.0000000000
6363 416.0000000000
6606 417.0000000000
8187 419.0000000000
10020 -1.0000000000
evaluations raw_y
1 -209.0000000000
5 -196.0000000000
36 -193.0000000000
66 -192.0000000000
67 -183.0000000000
105 -180.0000000000
112 -179.0000000000
121 -175.0000000000
143 -170.0000000000
147 -168.0000000000
181 -167.0000000000
192 -162.0000000000
214 -158.0000000000
237 -150.0000000000
263 -148.0000000000
269 -141.0000000000
325 -140.0000000000
351 -137.0000000000
370 -134.0000000000
415 -131.0000000000
424 -129.0000000000
431 -127.0000000000
448 -126.0000000000
464 -125.0000000000
465 -120.0000000000
507 -119.0000000000
523 -117.0000000000
549 -114.0000000000
574 -113.0000000000
584 -109.0000000000
620 -108.0000000000
621 -107.0000000000
635 -106.0000000000
651 -105.0000000000
665 -104.0000000000
668 -102.0000000000
691 -101.0000000000
722 -100.0000000000
730 -97.0000000000
740 -95.0000000000
782 -94.0000000000
785 -93.0000000000
812 -92.0000000000
824 -90.0000000000
872 -88.0000000000
897 -87.0000000000
906 -85.0000000000
975 -84.0000000000
978 -83.0000000000
1018 -81.0000000000
1039 -79.0000000000
1102 -77.0000000000
1158 -75.0000000000
1187 -73.0000000000
1225 -71.0000000000
1261 -70.0000000000
1316 -69.0000000000
1344 -68.0000000000
1388 -66.0000000000
1427 -65.0000000000
1430 -64.0000000000
1462 -63.0000000000
1507 -61.0000000000
1541 -60.0000000000
1606 -59.0000000000
1607 -58.0000000000
1633 -55.0000000000
1713 -54.0000000000
1723 -53.0000000000
1769 -52.0000000000
1781 -51.0000000000
1804 -50.0000000000
1841 -49.0000000000
1846 -47.0000000000
1918 -46.0000000000
1943 -45.0000000000
1961 -44.0000000000
1993 -43.0000000000
2046 -42.0000000000
2048 -40.0000000000
2109 -39.0000000000
2113 -38.0000000000
2217 -37.0000000000
2259 -36.0000000000
2308 -35.0000000000
2318 -34.0000000000
2348 -33.0000000000
2390 -32.0000000000
2458 -30.0000000000
2508 -29.0000000000
2568 -28.0000000000
2601 -27.0000000000
2626 -26.0000000000
2666 -25.0000000000
2697 -24.0000000000
2734 -23.0000000000
2754 -22.0000000000
2815 -21.0000000000
2846 -20.0000000000
2866 -19.0000000000
2913 -18.0000000000
2951 -17.0000000000
3017 -16.0000000000
3080 -15.0000000000
3095 -14.0000000000
3141 -13.0000000000
3187 -11.0000000000
3199 -10.0000000000
3248 -9.0000000000
3303 -8.0000000000
3310 -7.0000000000
3441 -6.0000000000
3456 -5.0000000000
3519 -4.0000000000
3550 -3.0000000000
3606 -2.0000000000
3636 -1.0000000000
3691 396.0000000000
3702 399.0000000000
3726 403.0000000000
3751 404.0000000000
4033 407.0000000000
5269 408.0000000000
5315 410.0000000000
5385 411.0000000000
5416 412.0000000000
5513 413.0000000000
5661 416.0000000000
6215 419.0000000000
6345 420.0000000000
6404 421.0000000000
8884 423.0000000000
9985 427.0000000000
10020 -1.0000000000
evaluations raw_y
1 -219.0000000000
2 -212.0000000000
4 -202.0000000000
19 -197.0000000000
23 -183.0000000000
114 -182.0000000000
126 -180.0000000000
148 -177.0000000000
149 -172.0000000000
181 -169.0000000000
186 -161.0000000000
253 -156.0000000000
276 -154.0000000000
312 -150.0000000000
341 -148.0000000000
361 -147.0000000000
381 -146.0000000000
393 -142.0000000000
401 -141.0000000000
421 -140.0000000000
449 -138.0000000000
460 -136.0000000000
495 -131.0000000000
532 -128.0000000000
549 -127.0000000000
555 -126.0000000000
591 -124.0000000000
607 -123.0000000000
622 -118.0000000000
704 -116.0000000000
713 -112.0000000000
782 -110.0000000000
790 -109.0000000000
822 -107.0000000000
823 -105.0000000000
863 -103.0000000000
952 -102.0000000000
962 -101.0000000000
991 -99.0000000000
1024 -98.0000000000
1025 -97.0000000000
1063 -96.0000000000
1075 -95.0000000000
1107 -93.0000000000
1141 -87.0000000000
1184 -86.0000000000
1263 -84.0000000000
1301 -82.0000000000
1364 -80.0000000000
1389 -78.0000000000
1435 -76.0000000000
1480 -74.0000000000
1506 -73.0000000000
1532 -72.0000000000
1584 -70.0000000000
1621 -69.0000000000
1651 -66.0000000000
1684 -65.0000000000
1742 -64.0000000000
1828 -63.0000000000
1835 -62.0000000000
1858 -61.0000000000
1907 -60.0000000000
1954 -59.0000000000
1981 -57.0000000000
2026 -56.0000000000
2098 -55.0000000000
2130 -54.0000000000
2164 -53.0000000000
2183 -52.0000000000
2205 -51.0000000000
2244 -50.0000000000
2265 -49.0000000000
2303 -48.0000000000
2326 -47.0000000000
2356 -45.0000000000
2456 -44.0000000000
2475 -42.0000000000
2518 -41.0000000000
2582 -39.0000000000
2630 -38.0000000000
2674 -37.0000000000
2732 -36.0000000000
2751 -35.0000000000
2755 -34.0000000000
2807 -33.0000000000
2824 -32.0000000000
2914 -31.0000000000
2944 -30.0000000000
3022 -29.0000000000
3089 -28.0000000000
3179 -27.0000000000
3184 -26.0000000000
3266 -25.0000000000
3308 -24.0000000000
3383 -23.0000000000
3424 -22.0000000000
3458 -21.0000000000
3505 -19.0000000000
3593 -18.0000000000
3684 -17.0000000000
3750 -16.0000000000
3785 -15.0000000000
3830 -14.0000000000
3888 -13.0000000000
3922 -12.0000000000
3941 -11.0000000000
4027 -10.0000000000
4088 -9.0000000000
4188 -8.0000000000
4300 -7.0000000000
4375 -6.0000000000
4466 -5.0000000000
4474 -4.0000000000
4551 -3.0000000000
4680 -2.0000000000
4794 -1.0000000000
4867 381.0000000000
4918 393.0000000000
5088 399.0000000000
6055 403.0000000000
6101 406.0000000000
6158 412.0000000000
6166 415.0000000000
6936 416.0000000000
7401 417.0000000000
8022 418.0000000000
10020 -2.0000000000
evaluations raw_y
1 -222.0000000000
2 -214.0000000000
3 -182.0000000000
22 -178.0000000000
44 -177.0000000000
52 -176.0000000000
63 -170.0000000000
74 -165.0000000000
124 -162.0000000000
136 -161.0000000000
138 -158.0000000000
141 -153.0000000000
181 -152.0000000000
185 -145.0000000000
223 -144.0000000000
224 -143.0000000000
225 -142.0000000000
252 -138.0000000000
264 -137.0000000000
269 -136.0000000000
286 -135.0000000000
303 -134.0000000000
307 -133.0000000000
309 -132.0000000000
330 -131.0000000000
341 -126.0000000000
355 -125.0000000000
384 -124.0000000000
392 -123.0000000000
406 -119.0000000000
440 -118.0000000000
459 -115.0000000000
465 -112.0000000000
487 -110.0000000000
508 -108.0000000000
524 -106.0000000000
543 -104.0000000000
576 -103.0000000000
596 -101.0000000000
624 -100.0000000000
635 -98.0000000000
652 -97.0000000000
666 -96.0000000000
685 -95.0000000000
712 -93.0000000000
716 -92.0000000000
743 -89.0000000000
746 -88.0000000000
819 -84.0000000000
822 -83.0000000000
866 -82.0000000000
914 -80.0000000000
937 -79.0000000000
982 -78.0000000000
1020 -77.0000000000
1038 -75.0000000000
1055 -74.0000000000
1096 -72.0000000000
1107 -70.0000000000
1144 -69.0000000000
1198 -68.0000000000
1221 -66.0000000000
1263 -65.0000000000
1278 -63.0000000000
1331 -62.0000000000
1358 -61.0000000000
1382 -60.0000000000
1421 -59.0000000000
1424 -58.0000000000
1492 -57.0000000000
1499 -55.0000000000
1534 -54.0000000000
1541 -53.0000000000
1558 -52.0000000000
1605 -51.0000000000
1648 -50.0000000000
1656 -49.0000000000
1712 -48.0000000000
1762 -47.0000000000
1805 -46.0000000000
1824 -45.0000000000
1876 -44.0000000000
1903 -43.0000000000
1940 -42.0000000000
1980 -41.0000000000
1993 -40.0000000000
2064 -37.0000000000
2120 -36.0000000000
2144 -35.0000000000
2234 -34.0000000000
2235 -33.0000000000
2266 -32.0000000000
2304 -31.0000000000
2332 -29.0000000000
2399 -28.0000000000
2434 -27.0000000000
2499 -25.0000000000
2541 -24.0000000000
2553 -23.0000000000
2590 -22.0000000000
2624 -21.0000000000
2627 -19.0000000000
2753 -18.0000000000
2788 -17.0000000000
2872 -16.0000000000
2943 -15.0000000000
3028 -14.0000000000
3088 -13.0000000000
3138 -12.0000000000
3158 -11.0000000000
3191 -10.0000000000
3235 -9.0000000000
3274 -8.0000000000
3315 -7.0000000000
3335 -6.0000000000
3441 -5.0000000000
3541 -4.0000000000
3545 -3.0000000000
3592 -2.0000000000
3684 -1.0000000000
3776 397.0000000000
3811 399.0000000000
3886 402.0000000000
4022 405.0000000000
4086 408.0000000000
4158 409.0000000000
4976 416.0000000000
5182 418.0000000000
5230 420.0000000000
5409 423.0000000000
5613 425.0000000000
5709 426.0000000000
10020 -1.0000000000
evaluations raw_y
1 -218.0000000000
2 -202.0000000000
6 -190.0000000000
38 -183.0000000000
63 -176.0000000000
111 -173.0000000000
129 -171.0000000000
142 -161.0000000000
193 -156.0000000000
220 -154.0000000000
240 -151.0000000000
243 -150.0000000000
250 -149.0000000000
259 -145.0000000000
288 -140.0000000000
308 -139.0000000000
355 -137.0000000000
359 -136.0000000000
382 -134.0000000000
391 -133.0000000000
411 -127.0000000000
425 -126.0000000000
432 -125.0000000000
453 -121.0000000000
480 -118.0000000000
482 -116.0000000000
534 -114.0000000000
544 -113.0000000000
570 -110.0000000000
610 -109.0000000000
628 -107.0000000000
640 -104.0000000000
662 -103.0000000000
665 -102.0000000000
718 -99.0000000000
771 -98.0000000000
797 -96.0000000000
805 -95.0000000000
823 -94.0000000000
861 -93.0000000000
870 -92.0000000000
891 -90.0000000000
906 -89.0000000000
954 -86.0000000000
1007 -85.0000000000
1074 -84.0000000000
1084 -83.0000000000
1090 -82.0000000000
1102 -80.0000000000
1147 -79.0000000000
1228 -77.0000000000
1294 -76.0000000000
1303 -74.0000000000
1378 -73.0000000000
1381 -71.0000000000
1428 -70.0000000000
1455 -69.0000000000
1503 -68.0000000000
1512 -67.0000000000
1547 -66.0000000000
1576 -64.0000000000
1599 -63.0000000000
1651 -62.0000000000
1665 -60.0000000000
1721 -59.0000000000
1753 -58.0000000000
1765 -57.0000000000
1828 -56.0000000000
1836 -55.0000000000
1876 -52.0000000000
1944 -51.0000000000
1985 -50.0000000000
2027 -49.0000000000
2072 -48.0000000000
2099 -47.0000000000
2144 -46.0000000000
2149 -45.0000000000
2249 -44.0000000000
2265 -42.0000000000
2348 -41.0000000000
2428 -40.0000000000
2483 -38.0000000000
2541 -35.0000000000
2608 -34.0000000000
2664 -32.0000000000
2745 -31.0000000000
2782 -30.0000000000
2833 -29.0000000000
2850 -28.0000000000
2871 -26.0000000000
2928 -25.0000000000
2961 -24.0000000000
2979 -23.0000000000
2984 -22.0000000000
3048 -21.0000000000
3076 -20.0000000000
3107 -19.0000000000
3178 -16.0000000000
3306 -15.0000000000
3347 -14.0000000000
3451 -12.0000000000
3555 -10.0000000000
3669 -9.0000000000
3785 -8.0000000000
3801 -7.0000000000
3941 -6.0000000000
4084 -5.0000000000
4129 -4.0000000000
4176 -3.0000000000
4249 -2.0000000000
4354 -1.0000000000
4474 389.0000000000
4517 392.0000000000
4606 399.0000000000
4670 401.0000000000
5809 405.0000000000
6004 407.0000000000
6265 408.0000000000
6650 410.0000000000
7938 412.0000000000
8369 416.0000000000
8546 418.0000000000
8718 420.0000000000
10020 420.0000000000
evaluations raw_y
1 -224.0000000000
2 -216.0000000000
5 -200.0000000000
7 -195.0000000000
30 -192.0000000000
62 -191.0000000000
75 -188.0000000000
82 -186.0000000000
104 -184.0000000000
109 -180.0000000000
129 -179.0000000000
141 -175.0000000000
172 -174.0000000000
174 -173.0000000000
182 -172.0000000000
185 -168.0000000000
193 -160.0000000000
252 -156.0000000000
262 -153.0000000000
301 -151.0000000000
313 -149.0000000000
320 -148.0000000000
334 -147.0000000000
341 -144.0000000000
362 -143.0000000000
382 -141.0000000000
417 -140.0000000000
427 -139.0000000000
430 -136.0000000000
434 -134.0000000000
461 -131.0000000000
491 -130.0000000000
502 -129.0000000000
520 -125.0000000000
542 -123.0000000000
560 -121.0000000000
600 -116.0000000000
675 -115.0000000000
707 -114.0000000000
714 -113.0000000000
724 -111.0000000000
774 -108.0000000000
805 -106.0000000000
825 -103.0000000000
862 -101.0000000000
904 -100.0000000000
949 -97.0000000000
994 -96.0000000000
1005 -95.0000000000
1023 -94.0000000000
1062 -92.0000000000
1090 -91.0000000000
1142 -88.0000000000
1181 -87.0000000000
1221 -85.0000000000
1242 -84.0000000000
1261 -80.0000000000
1340 -79.0000000000
1342 -78.0000000000
1357 -77.0000000000
1381 -76.0000000000
1401 -75.0000000000
1432 -72.0000000000
1494 -71.0000000000
1508 -70.0000000000
1543 -69.0000000000
1552 -68.0000000000
1579 -67.0000000000
1584 -66.0000000000
1624 -65.0000000000
1692 -64.0000000000
1710 -63.0000000000
1756 -62.0000000000
1793 -61.0000000000
1828 -60.0000000000
1841 -59.0000000000
1872 -57.0000000000
1950 -56.0000000000
1964 -55.0000000000
1998 -54.0000000000
2031 -53.0000000000
2043 -52.0000000000
2109 -51.0000000000
2122 -50.0000000000
2141 -49.0000000000
2187 -48.0000000000
2190 -47.0000000000
2249 -46.0000000000
2262 -45.0000000000
2267 -44.0000000000
2312 -42.0000000000
2381 -41.0000000000
2401 -40.0000000000
2432 -39.0000000000
2444 -38.0000000000
2472 -36.0000000000
2519 -35.0000000000
2577 -33.0000000000
2641 -31.0000000000
2667 -30.0000000000
2686 -29.0000000000
2788 -28.0000000000
2806 -26.0000000000
2867 -25.0000000000
2890 -24.0000000000
2982 -23.0000000000
3054 -22.0000000000
3061 -21.0000000000
3169 -19.0000000000
3224 -18.0000000000
3354 -17.0000000000
3407 -16.0000000000
3455 -15.0000000000
3471 -14.0000000000
3532 -13.0000000000
3567 -12.0000000000
3638 -11.0000000000
3647 -10.0000000000
3736 -9.0000000000
3750 -8.0000000000
3840 -7.0000000000
3883 -6.0000000000
3969 -5.0000000000
4036 -4.0000000000
4096 -3.0000000000
4189 -2.0000000000
4267 -1.0000000000
4386 403.0000000000
4474 409.0000000000
4492 413.0000000000
5042 417.0000000000
5215 419.0000000000
8212 420.0000000000
10020 -2.0000000000
evaluations raw_y
1 -207.0000000000
11 -205.0000000000
14 -203.0000000000
22 -198.0000000000
41 -195.0000000000
59 -187.0000000000
79 -183.0000000000
89 -182.0000000000
111 -176.0000000000
143 -172.0000000000
156 -171.0000000000
181 -168.0000000000
183 -167.0000000000
200 -163.0000000000
225 -159.0000000000
242 -158.0000000000
263 -157.0000000000
268 -154.0000000000
288 -149.0000000000
306 -145.0000000000
341 -141.0000000000
378 -140.0000000000
382 -139.0000000000
383 -131.0000000000
387 -129.0000000000
423 -127.0000000000
441 -125.0000000000
463 -124.0000000000
470 -120.0000000000
505 -118.0000000000
543 -116.0000000000
564 -115.0000000000
581 -114.0000000000
583 -112.0000000000
622 -111.0000000000
649 -110.0000000000
658 -109.0000000000
710 -108.0000000000
714 -106.0000000000
754 -104.0000000000
786 -102.0000000000
826 -101.0000000000
845 -100.0000000000
866 -99.0000000000
878 -98.0000000000
904 -97.0000000000
943 -95.0000000000
964 -94.0000000000
1004 -92.0000000000
1022 -91.0000000000
1040 -90.0000000000
1104 -87.0000000000
1147 -86.0000000000
1192 -85.0000000000
1256 -84.0000000000
1308 -83.0000000000
1350 -82.0000000000
1356 -80.0000000000
1441 -79.0000000000
1470 -78.0000000000
1504 -77.0000000000
1566 -76.0000000000
1604 -75.0000000000
1608 -73.0000000000
1631 -70.0000000000
1703 -69.0000000000
1742 -68.0000000000
1757 -67.0000000000
1813 -66.0000000000
1823 -65.0000000000
1874 -64.0000000000
1882 -63.0000000000
1950 -62.0000000000
1988 -60.0000000000
2038 -59.0000000000
2062 -58.0000000000
2074 -56.0000000000
2164 -54.0000000000
2169 -53.0000000000
2252 -52.0000000000
2268 -51.0000000000
2270 -48.0000000000
2388 -47.0000000000
2441 -46.0000000000
2449 -45.0000000000
2465 -44.0000000000
2564 -43.0000000000
2581 -42.0000000000
2583 -39.0000000000
2665 -38.0000000000
2704 -37.0000000000
2757 -36.0000000000
2760 -35.0000000000
2834 -34.0000000000
2887 -32.0000000000
2999 -31.0000000000
3016 -29.0000000000
3142 -27.0000000000
3203 -26.0000000000
3241 -25.0000000000
3302 -24.0000000000
3312 -22.0000000000
3356 -21.0000000000
3367 -20.0000000000
3480 -19.0000000000
3511 -16.0000000000
3587 -15.0000000000
3669 -13.0000000000
3817 -12.0000000000
3849 -10.0000000000
3955 -9.0000000000
4025 -8.0000000000
4074 -7.0000000000
4200 -6.0000000000
4274 -5.0000000000
4308 -4.0000000000
4371 -2.0000000000
4429 -1.0000000000
4649 378.0000000000
4808 387.0000000000
4877 393.0000000000
4944 396.0000000000
5028 398.0000000000
5104 402.0000000000
5361 407.0000000000
8065 410.0000000000
9807 411.0000000000
10020 411.0000000000
evaluations raw_y
1 -222.0000000000
2 -212.0000000000
4 -211.0000000000
5 -201.0000000000
7 -198.0000000000
21 -193.0000000000
34 -191.0000000000
61 -190.0000000000
68 -188.0000000000
92 -183.0000000000
100 -178.0000000000
141 -175.0000000000
144 -173.0000000000
169 -172.0000000000
185 -169.0000000000
196 -163.0000000000
227 -162.0000000000
245 -161.0000000000
250 -160.0000000000
264 -159.0000000000
266 -157.0000000000
279 -156.0000000000
302 -154.0000000000
303 -153.0000000000
308 -152.0000000000
371 -150.0000000000
384 -149.0000000000
388 -148.0000000000
390 -146.0000000000
408 -142.0000000000
425 -139.0000000000
462 -135.0000000000
488 -133.0000000000
509 -132.0000000000
517 -129.0000000000
542 -125.0000000000
586 -123.0000000000
632 -121.0000000000
637 -120.0000000000
671 -115.0000000000
742 -111.0000000000
788 -106.0000000000
823 -105.0000000000
914 -104.0000000000
945 -103.0000000000
949 -102.0000000000
988 -101.0000000000
999 -98.0000000000
1022 -97.0000000000
1031 -95.0000000000
1070 -94.0000000000
1116 -93.0000000000
1144 -90.0000000000
1194 -89.0000000000
1226 -88.0000000000
1262 -87.0000000000
1293 -84.0000000000
1356 -82.0000000000
1391 -81.0000000000
1449 -80.0000000000
1481 -79.0000000000
1502 -77.0000000000
1563 -76.0000000000
1596 -75.0000000000
1598 -74.0000000000
1637 -73.0000000000
1650 -72.0000000000
1710 -71.0000000000
1748 -70.0000000000
1763 -69.0000000000
1780 -68.0000000000
1807 -67.0000000000
1825 -66.0000000000
1880 -65.0000000000
1903 -64.0000000000
1912 -63.0000000000
1944 -62.0000000000
1981 -61.0000000000
2031 -60.0000000000
2042 -59.0000000000
2082 -58.0000000000
2104 -57.0000000000
2132 -56.0000000000
2154 -55.0000000000
2195 -54.0000000000
2226 -52.0000000000
2280 -51.0000000000
2295 -50.0000000000
2327 -49.0000000000
2360 -48.0000000000
2390 -47.0000000000
2404 -46.0000000000
2465 -45.0000000000
2513 -44.0000000000
2577 -43.0000000000
2594 -42.0000000000
2622 -41.0000000000
2669 -39.0000000000
2687 -37.0000000000
2730 -36.0000000000
2796 -35.0000000000
2808 -34.0000000000
2842 -33.0000000000
2865 -31.0000000000
2984 -30.0000000000
3012 -29.0000000000
3118 -28.0000000000
3135 -27.0000000000
3239 -26.0000000000
3336 -25.0000000000
3366 -24.0000000000
3377 -23.0000000000
3448 -22.0000000000
3487 -21.0000000000
3510 -20.0000000000
3571 -18.0000000000
3635 -17.0000000000
3679 -16.0000000000
3713 -15.0000000000
3783 -13.0000000000
3866 -12.0000000000
3904 -11.0000000000
3928 -9.0000000000
4056 -8.0000000000
4137 -7.0000000000
4192 -6.0000000000
4228 -5.0000000000
4343 -4.0000000000
4384 -3.0000000000
4462 -2.0000000000
4602 -1.0000000000
4701 395.0000000000
4779 396.0000000000
4785 404.0000000000
4907 407.0000000000
5044 408.0000000000
5110 410.0000000000
5525 413.0000000000
5594 414.0000000000
5661 415.0000000000
7282 418.0000000000
9493 419.0000000000
10020 419.0000000000
evaluations raw_y
1 -196.0000000000
17 -195.0000000000
21 -190.0000000000
37 -184.0000000000
42 -182.0000000000
66 -181.0000000000
70 -174.0000000000
104 -171.0000000000
144 -164.0000000000
163 -153.0000000000
192 -150.0000000000
231 -148.0000000000
254 -147.0000000000
279 -143.0000000000
282 -142.0000000000
290 -138.0000000000
318 -133.0000000000
369 -128.0000000000
382 -127.0000000000
386 -126.0000000000
423 -122.0000000000
470 -119.0000000000
499 -117.0000000000
549 -116.0000000000
562 -115.0000000000
585 -114.0000000000
609 -113.0000000000
623 -112.0000000000
627 -110.0000000000
666 -108.0000000000
712 -107.0000000000
749 -106.0000000000
757 -105.0000000000
792 -104.0000000000
808 -99.0000000000
847 -98.0000000000
864 -97.0000000000
925 -96.0000000000
949 -95.0000000000
986 -94.0000000000
1030 -92.0000000000
1072 -91.0000000000
1093 -90.0000000000
1110 -89.0000000000
1140 -88.0000000000
1159 -87.0000000000
1199 -86.0000000000
1253 -85.0000000000
1261 -84.0000000000
1306 -83.0000000000
1308 -82.0000000000
1342 -81.0000000000
1388 -80.0000000000
1418 -79.0000000000
1433 -77.0000000000
1465 -75.0000000000
1535 -74.0000000000
1547 -73.0000000000
1581 -72.0000000000
1624 -71.0000000000
1625 -69.0000000000
1675 -68.0000000000
1686 -67.0000000000
1703 -65.0000000000
1761 -64.0000000000
1776 -63.0000000000
1802 -62.0000000000
1823 -59.0000000000
1882 -58.0000000000
1912 -54.0000000000
1991 -53.0000000000
2025 -52.0000000000
2048 -51.0000000000
2121 -50.0000000000
2136 -49.0000000000
2156 -48.0000000000
2182 -47.0000000000
2279 -46.0000000000
2311 -45.0000000000
2344 -44.0000000000
2384 -42.0000000000
2439 -41.0000000000
2441 -40.0000000000
2484 -38.0000000000
2554 -37.0000000000
2562 -36.0000000000
2592 -34.0000000000
2664 -32.0000000000
2719 -31.0000000000
2726 -30.0000000000
2792 -28.0000000000
2830 -27.0000000000
2887 -26.0000000000
2927 -25.0000000000
2979 -24.0000000000
2994 -23.0000000000
3068 -22.0000000000
3130 -21.0000000000
3245 -20.0000000000
3249 -19.0000000000
3303 -17.0000000000
3344 -16.0000000000
3407 -15.0000000000
3432 -14.0000000000
3475 -13.0000000000
3500 -12.0000000000
3561 -11.0000000000
3620 -10.0000000000
3764 -9.0000000000
3771 -8.0000000000
3862 -7.0000000000
3904 -6.0000000000
3946 -5.0000000000
4054 -4.0000000000
4165 -3.0000000000
4391 -1.0000000000
4439 381.0000000000
4545 386.0000000000
4680 395.0000000000
5321 403.0000000000
5417 412.0000000000
10020 -1.0000000000
evaluations raw_y
1 -214.0000000000
2 -209.0000000000
4 -205.0000000000
22 -193.0000000000
102 -191.0000000000
108 -186.0000000000
113 -181.0000000000
141 -180.0000000000
155 -179.0000000000
160 -177.0000000000
184 -174.0000000000
195 -171.0000000000
217 -168.0000000000
226 -166.0000000000
244 -161.0000000000
266 -157.0000000000
287 -155.0000000000
310 -154.0000000000
317 -153.0000000000
341 -151.0000000000
382 -150.0000000000
398 -148.0000000000
410 -147.0000000000
419 -141.0000000000
434 -140.0000000000
458 -139.0000000000
475 -138.0000000000
492 -135.0000000000
508 -134.0000000000
517 -132.0000000000
543 -130.0000000000
556 -127.0000000000
594 -126.0000000000
607 -125.0000000000
632 -124.0000000000
638 -123.0000000000
676 -122.0000000000
702 -120.0000000000
705 -117.0000000000
743 -116.0000000000
763 -114.0000000000
772 -111.0000000000
821 -110.0000000000
840 -109.0000000000
846 -108.0000000000
880 -106.0000000000
922 -105.0000000000
954 -104.0000000000
976 -103.0000000000
993 -101.0000000000
1025 -99.0000000000
1043 -98.0000000000
1072 -97.0000000000
1119 -96.0000000000
1143 -95.0000000000
1150 -94.0000000000
1197 -92.0000000000
1222 -91.0000000000
1276 -90.0000000000
1317 -89.0000000000
1348 -87.0000000000
1353 -86.0000000000
1391 -85.0000000000
1422 -84.0000000000
1463 -83.0000000000
1514 -81.0000000000
1543 -80.0000000000
1563 -79.0000000000
1573 -78.0000000000
1598 -77.0000000000
1691 -76.0000000000
1729 -75.0000000000
1731 -74.0000000000
1760 -73.0000000000
1804 -71.0000000000
1833 -69.0000000000
1867 -68.0000000000
1904 -67.0000000000
1952 -65.0000000000
2011 -63.0000000000
2061 -61.0000000000
2125 -58.0000000000
2202 -57.0000000000
2207 -56.0000000000
2276 -55.0000000000
2292 -54.0000000000
2311 -53.0000000000
2366 -52.0000000000
2383 -51.0000000000
2423 -50.0000000000
2484 -49.0000000000
2488 -48.0000000000
2512 -47.0000000000
2570 -46.0000000000
2590 -44.0000000000
2671 -43.0000000000
2713 -42.0000000000
2743 -41.0000000000
2782 -40.0000000000
2861 -39.0000000000
2863 -38.0000000000
2913 -37.0000000000
2997 -36.0000000000
3012 -35.0000000000
3056 -34.0000000000
3074 -32.0000000000
3172 -31.0000000000
3259 -30.0000000000
3287 -29.0000000000
3294 -28.0000000000
3322 -27.0000000000
3347 -25.0000000000
3422 -24.0000000000
3555 -23.0000000000
3603 -21.0000000000
3666 -20.0000000000
3704 -19.0000000000
3776 -18.0000000000
3846 -17.0000000000
3946 -16.0000000000
3995 -14.0000000000
4067 -13.0000000000
4161 -12.0000000000
4231 -11.0000000000
4402 -10.0000000000
4438 -9.0000000000
4516 -8.0000000000
4631 -7.0000000000
4717 -5.0000000000
4819 -4.0000000000
4900 -3.0000000000
5114 -2.0000000000
5224 -1.0000000000
5296 384.0000000000
5344 386.0000000000
5358 389.0000000000
5390 396.0000000000
5404 403.0000000000
5469 409.0000000000
6274 410.0000000000
6307 414.0000000000
10020 -1.0000000000
