evaluations raw_y
1 0.0000000000
2 52.0000000000
3 174.0000000000
4 200.0000000000
7 215.0000000000
9 289.0000000000
18 321.0000000000
22 345.0000000000
29 365.0000000000
35 374.0000000000
40 380.0000000000
53 403.0000000000
84 411.0000000000
137 413.0000000000
140 414.0000000000
182 417.0000000000
212 420.0000000000
431 422.0000000000
539 429.0000000000
978 431.0000000000
1188 432.0000000000
1204 436.0000000000
1770 437.0000000000
3876 438.0000000000
9240 439.0000000000
10000 -1.0000000000
evaluations raw_y
1 0.0000000000
2 137.0000000000
3 238.0000000000
5 243.0000000000
7 269.0000000000
8 304.0000000000
12 308.0000000000
13 355.0000000000
17 396.0000000000
22 398.0000000000
72 405.0000000000
126 408.0000000000
140 412.0000000000
144 420.0000000000
243 423.0000000000
506 425.0000000000
526 426.0000000000
1174 427.0000000000
1261 429.0000000000
1282 430.0000000000
1508 431.0000000000
1670 432.0000000000
2468 434.0000000000
3539 435.0000000000
4030 436.0000000000
4306 437.0000000000
5876 439.0000000000
8049 442.0000000000
10000 235.0000000000
evaluations raw_y
1 0.0000000000
2 152.0000000000
3 202.0000000000
6 291.0000000000
11 307.0000000000
15 368.0000000000
22 390.0000000000
28 403.0000000000
63 408.0000000000
64 412.0000000000
124 416.0000000000
193 417.0000000000
306 418.0000000000
322 419.0000000000
326 422.0000000000
348 429.0000000000
737 430.0000000000
2398 433.0000000000
4304 435.0000000000
6862 437.0000000000
7683 438.0000000000
8204 439.0000000000
10000 -1.0000000000
evaluations raw_y
1 0.0000000000
2 76.0000000000
6 92.0000000000
9 141.0000000000
10 156.0000000000
12 174.0000000000
13 192.0000000000
16 283.0000000000
19 303.0000000000
20 345.0000000000
26 379.0000000000
42 395.0000000000
50 408.0000000000
96 409.0000000000
134 414.0000000000
195 416.0000000000
233 418.0000000000
264 420.0000000000
323 421.0000000000
466 422.0000000000
615 424.0000000000
679 430.0000000000
690 431.0000000000
3285 432.0000000000
3488 433.0000000000
3897 436.0000000000
6674 437.0000000000
8164 438.0000000000
10000 245.0000000000
evaluations raw_y
1 0.0000000000
2 241.0000000000
3 255.0000000000
4 341.0000000000
7 370.0000000000
13 380.0000000000
29 390.0000000000
34 392.0000000000
45 405.0000000000
54 412.0000000000
135 414.0000000000
165 416.0000000000
233 417.0000000000
308 423.0000000000
557 425.0000000000
591 428.0000000000
663 430.0000000000
946 432.0000000000
947 433.0000000000
981 434.0000000000
1480 437.0000000000
7287 438.0000000000
10000 432.0000000000
evaluations raw_y
1 0.0000000000
2 144.0000000000
3 193.0000000000
4 281.0000000000
9 294.0000000000
11 335.0000000000
15 338.0000000000
16 366.0000000000
23 390.0000000000
61 397.0000000000
78 403.0000000000
92 409.0000000000
128 411.0000000000
147 413.0000000000
150 416.0000000000
240 420.0000000000
445 423.0000000000
482 428.0000000000
721 430.0000000000
753 431.0000000000
1341 433.0000000000
3101 434.0000000000
3591 435.0000000000
3618 437.0000000000
8098 438.0000000000
9066 440.0000000000
10000 187.0000000000
evaluations raw_y
1 0.0000000000
2 68.0000000000
3 192.0000000000
8 223.0000000000
9 260.0000000000
20 294.0000000000
22 310.0000000000
23 338.0000000000
28 376.0000000000
41 393.0000000000
87 415.0000000000
144 417.0000000000
157 422.0000000000
246 424.0000000000
315 426.0000000000
623 431.0000000000
1095 432.0000000000
2404 433.0000000000
2544 437.0000000000
3026 438.0000000000
3554 439.0000000000
5161 440.0000000000
10000 166.0000000000
evaluations raw_y
1 0.0000000000
2 167.0000000000
3 241.0000000000
5 333.0000000000
7 361.0000000000
11 381.0000000000
19 387.0000000000
20 388.0000000000
33 389.0000000000
57 393.0000000000
62 394.0000000000
72 395.0000000000
80 396.0000000000
90 400.0000000000
117 405.0000000000
180 414.0000000000
200 422.0000000000
285 424.0000000000
381 425.0000000000
425 426.0000000000
471 427.0000000000
603 428.0000000000
955 430.0000000000
1241 434.0000000000
2584 436.0000000000
3130 438.0000000000
9933 439.0000000000
10000 280.0000000000
evaluations raw_y
1 0.0000000000
2 81.0000000000
3 101.0000000000
4 169.0000000000
5 206.0000000000
8 266.0000000000
10 338.0000000000
15 351.0000000000
20 384.0000000000
23 385.0000000000
30 386.0000000000
40 405.0000000000
91 418.0000000000
248 428.0000000000
717 429.0000000000
1009 430.0000000000
1070 433.0000000000
1918 434.0000000000
2146 435.0000000000
2442 436.0000000000
2748 437.0000000000
2809 438.0000000000
4340 439.0000000000
10000 313.0000000000
evaluations raw_y
1 0.0000000000
2 89.0000000000
3 120.0000000000
4 184.0000000000
5 233.0000000000
6 235.0000000000
7 304.0000000000
8 386.0000000000
38 392.0000000000
44 396.0000000000
60 399.0000000000
68 411.0000000000
85 416.0000000000
118 417.0000000000
282 425.0000000000
901 432.0000000000
1921 433.0000000000
2895 434.0000000000
3297 435.0000000000
3834 439.0000000000
7435 440.0000000000
7577 441.0000000000
10000 355.0000000000
evaluations raw_y
1 0.0000000000
2 104.0000000000
4 170.0000000000
5 248.0000000000
6 281.0000000000
8 322.0000000000
15 373.0000000000
18 395.0000000000
43 412.0000000000
198 413.0000000000
230 415.0000000000
266 420.0000000000
313 422.0000000000
332 424.0000000000
353 430.0000000000
354 431.0000000000
778 433.0000000000
1893 434.0000000000
2171 437.0000000000
3689 438.0000000000
7169 439.0000000000
8438 440.0000000000
9657 441.0000000000
10000 68.0000000000
evaluations raw_y
1 0.0000000000
2 89.0000000000
3 128.0000000000
4 159.0000000000
6 224.0000000000
7 367.0000000000
19 393.0000000000
23 411.0000000000
101 415.0000000000
113 420.0000000000
162 423.0000000000
318 427.0000000000
395 428.0000000000
432 429.0000000000
932 430.0000000000
1467 432.0000000000
2647 433.0000000000
2790 436.0000000000
2871 437.0000000000
2999 438.0000000000
3255 441.0000000000
5605 442.0000000000
8963 443.0000000000
10000 430.0000000000
evaluations raw_y
1 0.0000000000
2 78.0000000000
3 81.0000000000
4 218.0000000000
7 246.0000000000
8 301.0000000000
11 323.0000000000
21 329.0000000000
25 347.0000000000
30 394.0000000000
71 403.0000000000
79 405.0000000000
93 416.0000000000
287 417.0000000000
328 421.0000000000
435 423.0000000000
444 428.0000000000
1294 429.0000000000
1508 433.0000000000
1976 437.0000000000
5418 439.0000000000
10000 408.0000000000
evaluations raw_y
1 0.0000000000
2 243.0000000000
6 266.0000000000
12 315.0000000000
14 349.0000000000
19 367.0000000000
32 379.0000000000
34 382.0000000000
41 402.0000000000
57 416.0000000000
221 420.0000000000
267 427.0000000000
938 428.0000000000
1515 430.0000000000
2180 431.0000000000
2789 432.0000000000
3622 433.0000000000
4481 435.0000000000
4893 437.0000000000
5193 438.0000000000
8293 439.0000000000
10000 419.0000000000
evaluations raw_y
1 0.0000000000
2 72.0000000000
3 258.0000000000
6 333.0000000000
13 364.0000000000
17 369.0000000000
18 371.0000000000
36 394.0000000000
38 402.0000000000
49 403.0000000000
59 404.0000000000
70 415.0000000000
201 422.0000000000
370 424.0000000000
412 426.0000000000
512 430.0000000000
1024 432.0000000000
1468 435.0000000000
2722 436.0000000000
5718 437.0000000000
5751 438.0000000000
7858 439.0000000000
8865 441.0000000000
10000 422.0000000000
evaluations raw_y
1 0.0000000000
2 198.0000000000
4 234.0000000000
6 263.0000000000
7 288.0000000000
10 361.0000000000
13 379.0000000000
24 384.0000000000
25 386.0000000000
32 388.0000000000
33 399.0000000000
68 410.0000000000
91 417.0000000000
289 422.0000000000
543 427.0000000000
718 428.0000000000
1220 429.0000000000
2450 433.0000000000
3729 435.0000000000
3812 439.0000000000
5852 440.0000000000
9870 441.0000000000
10000 404.0000000000
evaluations raw_y
1 0.0000000000
2 59.0000000000
3 198.0000000000
4 236.0000000000
5 299.0000000000
6 360.0000000000
26 382.0000000000
31 392.0000000000
32 402.0000000000
33 412.0000000000
99 414.0000000000
243 419.0000000000
559 420.0000000000
579 422.0000000000
686 424.0000000000
748 428.0000000000
955 430.0000000000
1157 431.0000000000
1328 432.0000000000
1513 433.0000000000
1619 435.0000000000
4201 437.0000000000
5462 439.0000000000
6855 440.0000000000
7476 441.0000000000
10000 243.0000000000
evaluations raw_y
1 0.0000000000
2 203.0000000000
5 270.0000000000
8 311.0000000000
10 315.0000000000
18 350.0000000000
19 360.0000000000
23 369.0000000000
28 394.0000000000
74 407.0000000000
96 409.0000000000
206 415.0000000000
211 419.0000000000
274 421.0000000000
389 422.0000000000
495 423.0000000000
512 424.0000000000
539 430.0000000000
1063 431.0000000000
1222 433.0000000000
1528 434.0000000000
1768 437.0000000000
3276 438.0000000000
6870 439.0000000000
8323 440.0000000000
8470 442.0000000000
8772 443.0000000000
10000 436.0000000000
evaluations raw_y
1 0.0000000000
2 136.0000000000
5 143.0000000000
6 171.0000000000
7 200.0000000000
8 299.0000000000
16 352.0000000000
23 357.0000000000
26 378.0000000000
31 382.0000000000
40 384.0000000000
43 396.0000000000
68 397.0000000000
72 411.0000000000
97 413.0000000000
357 415.0000000000
420 421.0000000000
427 424.0000000000
750 425.0000000000
833 427.0000000000
971 429.0000000000
1440 432.0000000000
2573 433.0000000000
3321 434.0000000000
3431 435.0000000000
3505 437.0000000000
4885 438.0000000000
6124 439.0000000000
7208 440.0000000000
10000 303.0000000000
evaluations raw_y
1 0.0000000000
2 145.0000000000
6 237.0000000000
13 248.0000000000
14 265.0000000000
15 292.0000000000
19 313.0000000000
27 329.0000000000
28 344.0000000000
30 349.0000000000
33 369.0000000000
38 372.0000000000
56 383.0000000000
65 408.0000000000
115 416.0000000000
122 420.0000000000
191 423.0000000000
883 426.0000000000
1115 427.0000000000
1117 428.0000000000
1315 429.0000000000
1326 430.0000000000
1440 433.0000000000
2838 434.0000000000
2912 435.0000000000
5089 436.0000000000
6059 437.0000000000
7224 438.0000000000
9281 440.0000000000
9547 441.0000000000
10000 227.0000000000
evaluations raw_y
1 0.0000000000
2 85.0000000000
3 207.0000000000
8 317.0000000000
11 335.0000000000
14 347.0000000000
15 374.0000000000
23 390.0000000000
32 397.0000000000
44 406.0000000000
88 413.0000000000
148 416.0000000000
167 420.0000000000
309 421.0000000000
439 422.0000000000
552 424.0000000000
693 425.0000000000
952 426.0000000000
1005 428.0000000000
1288 432.0000000000
1736 433.0000000000
2416 435.0000000000
2689 436.0000000000
3604 437.0000000000
5110 438.0000000000
5733 439.0000000000
10000 393.0000000000
evaluations raw_y
1 0.0000000000
2 90.0000000000
3 202.0000000000
5 206.0000000000
7 236.0000000000
9 250.0000000000
10 293.0000000000
12 337.0000000000
14 361.0000000000
16 396.0000000000
35 398.0000000000
38 399.0000000000
88 402.0000000000
97 411.0000000000
111 413.0000000000
127 414.0000000000
130 417.0000000000
137 418.0000000000
149 424.0000000000
495 425.0000000000
583 426.0000000000
626 429.0000000000
2012 433.0000000000
2418 434.0000000000
2612 435.0000000000
4667 436.0000000000
5289 437.0000000000
9454 438.0000000000
9513 439.0000000000
10000 398.0000000000
evaluations raw_y
1 0.0000000000
2 88.0000000000
3 238.0000000000
6 315.0000000000
9 365.0000000000
17 389.0000000000
23 396.0000000000
27 398.0000000000
38 404.0000000000
51 405.0000000000
73 414.0000000000
111 416.0000000000
181 419.0000000000
200 420.0000000000
291 421.0000000000
470 422.0000000000
566 424.0000000000
717 425.0000000000
812 429.0000000000
1740 430.0000000000
1791 432.0000000000
2023 433.0000000000
2214 434.0000000000
3650 435.0000000000
3817 436.0000000000
7068 437.0000000000
7391 439.0000000000
8344 440.0000000000
10000 190.0000000000
evaluations raw_y
1 0.0000000000
2 90.0000000000
3 152.0000000000
7 336.0000000000
9 350.0000000000
12 361.0000000000
16 376.0000000000
33 387.0000000000
43 409.0000000000
94 410.0000000000
112 412.0000000000
144 413.0000000000
148 417.0000000000
282 418.0000000000
303 426.0000000000
317 429.0000000000
915 430.0000000000
1311 431.0000000000
1468 434.0000000000
1875 435.0000000000
1969 436.0000000000
3238 437.0000000000
10000 -1.0000000000
evaluations raw_y
1 0.0000000000
2 110.0000000000
3 225.0000000000
5 253.0000000000
9 296.0000000000
11 317.0000000000
21 318.0000000000
23 363.0000000000
50 370.0000000000
52 377.0000000000
60 390.0000000000
63 396.0000000000
76 403.0000000000
78 409.0000000000
156 410.0000000000
197 413.0000000000
203 414.0000000000
286 420.0000000000
294 421.0000000000
300 422.0000000000
349 423.0000000000
365 424.0000000000
475 425.0000000000
494 428.0000000000
649 433.0000000000
1672 434.0000000000
2508 435.0000000000
2631 438.0000000000
6596 440.0000000000
6886 441.0000000000
10000 423.0000000000
evaluations raw_y
1 0.0000000000
2 75.0000000000
3 130.0000000000
4 198.0000000000
6 272.0000000000
10 326.0000000000
14 343.0000000000
15 379.0000000000
28 383.0000000000
32 400.0000000000
33 402.0000000000
86 403.0000000000
94 406.0000000000
98 413.0000000000
178 416.0000000000
188 422.0000000000
442 423.0000000000
913 424.0000000000
1096 425.0000000000
1268 430.0000000000
2488 431.0000000000
3250 433.0000000000
5268 434.0000000000
5752 435.0000000000
5753 436.0000000000
5793 440.0000000000
8478 441.0000000000
10000 246.0000000000
evaluations raw_y
1 0.0000000000
2 62.0000000000
4 128.0000000000
5 232.0000000000
9 256.0000000000
11 332.0000000000
14 370.0000000000
34 381.0000000000
36 398.0000000000
72 399.0000000000
81 409.0000000000
116 418.0000000000
303 422.0000000000
374 423.0000000000
411 424.0000000000
417 428.0000000000
516 429.0000000000
555 430.0000000000
803 434.0000000000
1869 435.0000000000
4034 436.0000000000
4548 437.0000000000
6743 438.0000000000
7045 439.0000000000
8218 440.0000000000
10000 252.0000000000
evaluations raw_y
1 0.0000000000
2 64.0000000000
4 68.0000000000
5 100.0000000000
6 153.0000000000
8 265.0000000000
12 308.0000000000
30 309.0000000000
32 339.0000000000
43 370.0000000000
45 384.0000000000
46 389.0000000000
58 404.0000000000
109 407.0000000000
126 410.0000000000
141 416.0000000000
182 419.0000000000
221 420.0000000000
473 421.0000000000
497 423.0000000000
682 425.0000000000
697 428.0000000000
705 430.0000000000
723 431.0000000000
760 434.0000000000
1550 436.0000000000
2653 437.0000000000
8759 439.0000000000
10000 161.0000000000
evaluations raw_y
1 0.0000000000
2 70.0000000000
3 260.0000000000
8 288.0000000000
14 322.0000000000
16 336.0000000000
18 361.0000000000
34 370.0000000000
39 372.0000000000
41 384.0000000000
53 391.0000000000
62 397.0000000000
72 402.0000000000
74 413.0000000000
302 420.0000000000
459 423.0000000000
462 425.0000000000
529 427.0000000000
643 428.0000000000
781 429.0000000000
998 430.0000000000
1128 431.0000000000
1763 432.0000000000
1962 433.0000000000
2486 434.0000000000
2760 437.0000000000
3708 438.0000000000
6112 439.0000000000
7186 440.0000000000
8169 442.0000000000
10000 249.0000000000
evaluations raw_y
1 0.0000000000
2 104.0000000000
3 219.0000000000
4 298.0000000000
6 341.0000000000
16 385.0000000000
29 408.0000000000
80 410.0000000000
119 417.0000000000
175 419.0000000000
221 420.0000000000
260 423.0000000000
299 427.0000000000
393 428.0000000000
474 430.0000000000
647 431.0000000000
654 432.0000000000
669 433.0000000000
1014 434.0000000000
2683 435.0000000000
2813 436.0000000000
2994 437.0000000000
3798 438.0000000000
5105 439.0000000000
7766 440.0000000000
10000 432.0000000000
