evaluations raw_y
1 -2123955.0000000005
3 -2122948.0000000005
4 -2121942.0000000005
9 -2120933.0000000005
14 -2119933.0000000005
15 -2118929.0000000005
17 -2117926.0000000005
18 -2116919.0000000005
20 -2115919.0000000005
24 -2114917.0000000005
25 -2113917.0000000005
26 -2112915.0000000005
29 -2111909.0000000005
30 -2110904.0000000005
33 -2109897.0000000005
35 -2108894.0000000005
38 -2107885.0000000005
43 -2106880.0000000005
46 -2105879.0000000005
49 -2104870.0000000005
50 -2103862.0000000005
51 -2102857.0000000005
55 -2101849.0000000005
56 -2100840.0000000005
57 -2099833.0000000005
59 -2098824.0000000005
60 -2097815.0000000005
62 -2096811.0000000005
63 -2095811.0000000005
66 -2094803.0000000005
67 -2093797.0000000005
68 -2092790.0000000005
70 -2091781.0000000005
71 -2090778.0000000005
72 -2089778.0000000005
77 -2088770.0000000005
78 -2087768.0000000005
79 -2086763.0000000005
80 -2085756.0000000005
81 -2084752.0000000005
84 -2083752.0000000005
85 -2082749.0000000005
86 -2081743.0000000005
87 -2080739.0000000005
88 -2079731.0000000005
91 -2078726.0000000005
95 -2077719.0000000005
96 -2076713.0000000005
99 -2075713.0000000005
103 -2074712.0000000005
104 -2073707.0000000005
108 -2072699.0000000005
110 300662.6688745337
147 300701.4193004085
148 301028.8294645246
348 301044.6732801512
349 301488.1208217723
471 301500.4137168762
473 302155.7697862441
517 302180.0087899187
518 302201.2084613958
537 302202.4614257253
539 302353.9642977997
794 302389.4896353381
796 302924.7768369327
932 302951.5518182796
933 303604.8233294785
1131 303639.4469683475
1132 304095.3271711373
1195 304127.9211721501
1200 304660.8734440689
1202 304697.6550696652
1203 305645.6516548574
1482 305655.1778323565
1484 306367.4420343808
1496 306369.0193602777
1497 307112.2283447497
1498 307872.1681928710
1736 307885.8930480739
1741 308111.2639647023
1793 308140.4058917539
1794 308330.8709015906
2044 308341.2263515063
2045 308839.2543481348
2627 308847.9839516824
2629 309288.3168114265
2862 309295.3973086453
2863 309984.6782653559
2996 309986.6387437764
2999 310661.8482517904
3197 310697.5253675936
3198 311154.2781357765
3659 311164.7703624389
3661 311875.7398410853
5130 311891.8216358355
5132 311944.6561736997
8305 311969.4113927234
8309 312204.9175558707
10000 312173.2583341190
evaluations raw_y
1 -2126894.0000000005
2 -2125890.0000000005
6 -2124889.0000000005
7 -2123880.0000000005
9 -2122877.0000000005
10 -2121870.0000000005
13 -2120862.0000000005
14 -2119860.0000000005
17 -2118854.0000000005
21 -2117845.0000000005
22 -2116845.0000000005
23 -2115840.0000000005
24 -2114840.0000000005
28 -2113832.0000000005
29 -2112827.0000000005
34 -2111827.0000000005
37 -2110827.0000000005
40 -2109820.0000000005
41 -2108819.0000000005
42 -2107816.0000000005
45 -2106815.0000000005
46 -2105810.0000000005
47 -2104805.0000000005
51 -2103800.0000000005
56 -2102795.0000000005
57 -2101794.0000000005
58 -2100792.0000000005
59 -2099789.0000000005
60 -2098789.0000000005
61 -2097784.0000000005
62 -2096777.0000000005
64 -2095777.0000000005
68 -2094774.0000000005
69 -2093773.0000000005
70 -2092771.0000000005
71 -2091766.0000000005
75 -2090760.0000000005
77 -2089754.0000000005
78 -2088749.0000000005
81 -2087748.0000000005
84 -2086748.0000000005
86 -2085739.0000000005
87 -2084736.0000000005
89 -2083731.0000000005
91 -2082731.0000000005
96 -2081722.0000000005
97 -2080713.0000000005
99 -2079704.0000000005
100 -2078702.0000000005
102 -2077702.0000000005
104 -2076695.0000000005
105 -2075688.0000000005
106 -2074686.0000000005
107 -2073680.0000000005
108 313292.1102462085
131 313299.6431071276
133 313428.0463753790
222 313430.4047085281
223 314169.3884263822
476 314171.4637355825
477 315011.6495035490
654 315018.5429697846
657 315832.4549024657
751 315832.6803197406
752 316004.7133689993
761 316024.7170938139
763 316197.0625877167
1000 316207.0262845590
1002 316247.0322354010
1025 316263.6795283395
1026 316880.6340592024
1264 316923.1525067167
1265 317500.7354364918
1490 317516.6465145319
1491 318026.8263708291
1541 318040.7027292849
1542 318843.3701114680
1818 318867.9564962835
1819 319815.4091792267
2030 319836.5046669217
2031 320374.7915393554
2704 320386.8972969583
2705 321284.8250263697
3322 321323.3072978711
3323 322143.2745922597
6184 322154.5353657909
6185 322388.5108220767
10000 -2073668.0000000005
evaluations raw_y
1 -2113891.0000000005
3 -2112885.0000000005
5 -2111876.0000000005
6 -2110874.0000000005
8 -2109871.0000000005
12 -2108864.0000000005
13 -2107863.0000000005
15 -2106858.0000000005
16 -2105853.0000000005
18 -2104846.0000000005
19 -2103841.0000000005
21 -2102836.0000000005
22 -2101832.0000000005
24 -2100828.0000000005
25 -2099825.0000000005
26 -2098825.0000000005
27 -2097822.0000000005
28 -2096822.0000000005
32 -2095819.0000000005
36 -2094810.0000000005
37 -2093807.0000000005
40 -2092803.0000000005
43 -2091798.0000000005
53 -2090792.0000000005
59 -2089785.0000000005
61 -2088781.0000000005
63 -2087774.0000000005
68 -2086771.0000000005
69 -2085765.0000000005
71 -2084762.0000000005
73 -2083754.0000000005
74 -2082753.0000000005
80 -2081747.0000000005
81 -2080746.0000000005
82 -2079740.0000000005
83 -2078734.0000000005
84 -2077727.0000000005
85 -2076719.0000000005
88 -2075710.0000000005
91 -2074704.0000000005
92 -2073704.0000000005
93 -2072703.0000000005
94 312176.0895882525
166 312189.5936077959
168 312759.3934777992
232 312782.5495047264
233 313393.4980731232
250 313399.5736909645
251 313642.1346016224
337 313666.5220146195
339 314361.6408432317
457 314369.5576453514
461 315220.8936017677
533 315224.3659126704
534 315727.2261999343
572 315747.7039053792
573 315832.0330416954
709 315849.0135823140
710 315854.0421758535
1103 315891.7438945508
1104 316466.0617946745
1212 316492.5064483929
1213 316509.7448430960
1398 316541.8064634867
1399 316871.6445319831
1429 316890.2548040564
1430 317438.0126751004
1645 317453.0716322965
1653 318414.3642853576
2518 318449.3468662943
2520 319292.9608743057
3094 319327.5394661772
3096 319574.7630154832
3189 319589.6557859066
3190 320292.9331375462
3306 320304.2803210612
3310 321092.5354297778
4435 321093.0560358241
4436 321417.1842014727
4958 321432.2074830665
4960 322319.0879225558
5070 322354.3494841835
5073 323169.6935072539
10000 322369.5677847343
evaluations raw_y
1 -2142940.0000000005
3 -2141939.0000000005
4 -2140935.0000000005
5 -2139934.0000000005
7 -2138934.0000000005
13 -2137934.0000000005
15 -2136929.0000000005
16 -2135923.0000000005
17 -2134915.0000000005
19 -2133909.0000000005
21 -2132907.0000000005
22 -2131906.0000000005
26 -2130906.0000000005
32 -2129902.0000000005
33 -2128895.0000000005
37 -2127895.0000000005
40 -2126888.0000000005
43 -2125885.0000000005
50 -2124877.0000000005
55 -2123872.0000000005
60 -2122864.0000000005
61 -2121857.0000000005
62 -2120857.0000000005
63 -2119857.0000000005
64 -2118849.0000000005
68 -2117847.0000000005
71 -2116838.0000000005
72 -2115835.0000000005
77 -2114835.0000000005
78 -2113832.0000000005
79 -2112828.0000000005
80 -2111824.0000000005
90 -2110820.0000000005
91 -2109817.0000000005
92 -2108810.0000000005
93 -2107804.0000000005
95 -2106798.0000000005
97 -2105791.0000000005
101 -2104791.0000000005
102 -2103785.0000000005
104 -2102780.0000000005
105 -2101774.0000000005
107 -2100771.0000000005
108 -2099765.0000000005
109 -2098761.0000000005
110 -2097754.0000000005
111 -2096752.0000000005
114 -2095750.0000000005
115 -2094743.0000000005
117 -2093743.0000000005
119 -2092734.0000000005
122 -2091730.0000000005
123 -2090728.0000000005
124 -2089723.0000000005
125 -2088719.0000000005
126 -2087719.0000000005
131 -2086712.0000000005
135 -2085710.0000000005
137 -2084709.0000000005
138 -2083709.0000000005
140 -2082708.0000000005
146 -2081705.0000000005
151 -2080700.0000000005
153 -2079699.0000000005
157 -2078693.0000000005
160 -2077687.0000000005
163 -2076681.0000000005
166 -2075676.0000000005
167 -2074670.0000000005
168 -2073670.0000000005
169 291541.0946063352
430 291560.6714939373
433 291819.0206596905
447 291831.8603157718
450 292724.3307828230
515 292736.5121495398
516 293015.8388739099
577 293054.1244371738
578 293892.7941496859
777 293915.9336437057
778 294874.8824289049
834 294900.5930057159
837 295483.0812689730
904 295512.0672189103
909 295704.2339724479
974 295717.5101294342
975 296126.4935531806
981 296130.0937072421
984 297076.9910672531
1019 297091.0261254609
1021 297705.6228653786
1228 297732.5352842814
1229 298215.3077568014
1314 298232.3727553096
1319 298417.9469653722
1356 298420.4599169472
1358 298687.3971581438
1617 298695.7625122565
1618 299011.0226785766
2356 299054.4963695465
2358 299722.1512750155
2680 299722.7110905815
2681 300385.9627685639
2777 300422.7172403106
2778 301362.4801745744
3079 301373.0052060175
3080 302097.9621859250
3874 302100.5106626095
3875 302845.9364959286
4246 302870.9226969259
4247 303238.2830421618
10000 302526.4728924108
evaluations raw_y
1 -2145897.0000000005
2 -2144892.0000000005
4 -2143884.0000000005
5 -2142878.0000000005
6 -2141870.0000000005
8 -2140865.0000000005
9 -2139864.0000000005
11 -2138858.0000000005
19 -2137853.0000000005
23 -2136846.0000000005
25 -2135845.0000000005
26 -2134844.0000000005
28 -2133835.0000000005
29 -2132829.0000000005
31 -2131829.0000000005
33 -2130829.0000000005
35 -2129821.0000000005
36 -2128818.0000000005
37 -2127810.0000000005
38 -2126801.0000000005
39 -2125798.0000000005
40 -2124790.0000000005
43 -2123785.0000000005
44 -2122777.0000000005
50 -2121771.0000000005
53 -2120763.0000000005
56 -2119755.0000000005
57 -2118748.0000000005
59 -2117745.0000000005
61 -2116744.0000000005
62 -2115742.0000000005
63 -2114736.0000000005
65 -2113731.0000000005
66 -2112725.0000000005
67 -2111724.0000000005
70 -2110723.0000000005
71 -2109719.0000000005
73 -2108718.0000000005
75 -2107718.0000000005
76 -2106716.0000000005
77 -2105712.0000000005
82 -2104703.0000000005
83 -2103702.0000000005
87 -2102697.0000000005
88 -2101697.0000000005
89 -2100689.0000000005
90 -2099689.0000000005
91 -2098683.0000000005
92 -2097682.0000000005
93 -2096682.0000000005
94 -2095679.0000000005
97 -2094673.0000000005
99 -2093673.0000000005
100 -2092669.0000000005
103 -2091668.0000000005
105 -2090667.0000000005
111 -2089666.0000000005
112 -2088666.0000000005
119 -2087665.0000000005
120 -2086664.0000000005
123 -2085661.0000000005
124 -2084658.0000000005
125 -2083656.0000000005
132 -2082655.0000000005
133 -2081646.0000000005
135 -2080637.0000000005
136 -2079637.0000000005
140 -2078634.0000000005
143 -2077630.0000000005
144 -2076622.0000000005
145 -2075620.0000000005
146 -2074611.0000000005
147 -2073609.0000000005
148 313465.0697063798
164 313502.7294272548
165 314331.2759403305
178 314343.5291549885
179 314620.4094042690
195 314640.7367936349
196 315457.3539452627
220 315467.7964706382
221 316145.4535516117
230 316151.9517863131
231 316230.3908918718
257 316264.1543597366
259 316992.9033395991
299 317028.8964695980
300 317434.6546907975
368 317450.0155475624
370 318326.6714720256
893 318339.4911841331
894 318434.3854845494
964 318458.5608707623
965 319396.1630427954
1204 319399.5782579450
1205 319640.9728746528
1320 319659.8451758905
1321 319733.1562963706
1344 319743.4088784044
1347 320477.0737186714
1818 320503.5634758395
1819 321355.8764010757
3418 321365.4218292431
3419 321910.2776558229
4083 321911.0955769478
4085 322170.5082834550
4429 322205.4295925313
4431 322801.9221508864
10000 322587.4077822401
evaluations raw_y
1 -2156967.0000000005
2 -2155961.0000000005
5 -2154955.0000000005
6 -2153946.0000000005
7 -2152942.0000000005
9 -2151942.0000000005
10 -2150934.0000000005
12 -2149928.0000000005
13 -2148926.0000000005
14 -2147925.0000000005
17 -2146923.0000000005
21 -2145922.0000000005
23 -2144921.0000000005
24 -2143913.0000000005
25 -2142908.0000000005
27 -2141904.0000000005
31 -2140896.0000000005
32 -2139890.0000000005
36 -2138887.0000000005
38 -2137885.0000000005
40 -2136881.0000000005
43 -2135875.0000000005
45 -2134872.0000000005
47 -2133871.0000000005
48 -2132869.0000000005
49 -2131864.0000000005
52 -2130855.0000000005
53 -2129847.0000000005
54 -2128840.0000000005
55 -2127833.0000000005
56 -2126826.0000000005
58 -2125820.0000000005
61 -2124814.0000000005
65 -2123807.0000000005
68 -2122807.0000000005
69 -2121801.0000000005
71 -2120798.0000000005
72 -2119794.0000000005
73 -2118794.0000000005
74 -2117787.0000000005
75 -2116779.0000000005
76 -2115777.0000000005
78 -2114776.0000000005
79 -2113767.0000000005
81 -2112767.0000000005
82 -2111762.0000000005
86 -2110759.0000000005
87 -2109757.0000000005
88 -2108755.0000000005
89 -2107749.0000000005
95 -2106743.0000000005
96 -2105743.0000000005
97 -2104742.0000000005
98 -2103733.0000000005
101 -2102725.0000000005
117 -2101723.0000000005
118 -2100718.0000000005
120 -2099713.0000000005
121 -2098708.0000000005
122 -2097705.0000000005
123 -2096700.0000000005
124 -2095694.0000000005
127 -2094693.0000000005
128 -2093690.0000000005
132 -2092689.0000000005
137 -2091688.0000000005
141 -2090679.0000000005
145 -2089672.0000000005
147 -2088670.0000000005
150 -2087667.0000000005
151 -2086664.0000000005
152 -2085664.0000000005
154 -2084655.0000000005
155 -2083655.0000000005
157 -2082647.0000000005
159 -2081642.0000000005
160 -2080641.0000000005
165 -2079638.0000000005
167 -2078633.0000000005
169 -2077632.0000000005
171 -2076623.0000000005
175 -2075614.0000000005
176 -2074614.0000000005
177 -2073609.0000000005
178 305932.4157817485
188 305945.8029550059
189 305958.6281504897
302 305987.9036553855
303 306269.2809269798
451 306292.6478721871
452 306432.0737301696
465 306470.3563206787
466 306978.9916452336
470 307015.5214551024
471 307911.3116143309
548 307920.2490698768
549 308310.0822633908
602 308313.6525681566
605 308783.5396255196
707 308820.7861339404
708 309664.8564563242
717 309677.7641052656
718 310232.0668504814
780 310234.7742280263
783 311112.8159255028
788 311149.7862699666
789 311607.8040097089
912 311608.5409180881
917 312495.1419466867
979 312506.6965354484
980 312723.7577483802
1214 312734.9846810067
1217 313322.0608904921
1229 313342.0617124421
1230 314089.8893890090
1260 314107.3701441360
1261 314157.0312334566
1519 314200.1899700895
1521 314736.7041133100
1849 314751.1440311409
1850 315395.0743016499
2174 315424.7897440859
2177 315768.8017446356
2503 315779.5210493984
2510 316181.3930887168
4138 316194.4205881339
4139 316581.0484236730
6706 316581.6238457902
6707 316760.1875597569
10000 316309.2273970432
evaluations raw_y
1 -2112872.0000000005
2 -2111869.0000000005
5 -2110868.0000000005
8 -2109866.0000000005
9 -2108858.0000000005
10 -2107850.0000000005
11 -2106845.0000000005
13 -2105836.0000000005
14 -2104832.0000000005
15 -2103830.0000000005
16 -2102821.0000000005
18 -2101812.0000000005
25 -2100805.0000000005
26 -2099799.0000000005
28 -2098799.0000000005
29 -2097794.0000000005
31 -2096792.0000000005
42 -2095784.0000000005
43 -2094776.0000000005
44 -2093771.0000000005
45 -2092768.0000000005
46 -2091767.0000000005
47 -2090758.0000000005
48 -2089758.0000000005
50 -2088757.0000000005
54 -2087752.0000000005
56 -2086748.0000000005
58 -2085748.0000000005
60 -2084744.0000000005
65 -2083742.0000000005
66 -2082733.0000000005
67 -2081732.0000000005
70 -2080725.0000000005
75 -2079720.0000000005
78 -2078714.0000000005
79 -2077705.0000000005
80 -2076697.0000000005
81 -2075696.0000000005
82 -2074688.0000000005
84 -2073684.0000000005
85 305379.5463220019
314 305392.1909516513
315 305738.4149144664
588 305774.1368978669
589 305824.4556564957
662 305865.5645735800
663 306138.9985089938
691 306173.8231475861
692 306196.1853854092
956 306205.7791583721
959 306611.6953509262
1356 306635.4544893024
1361 307266.7319150493
1669 307279.0954938203
1672 308191.0566951853
1784 308210.8231131220
1786 309037.0684756456
2454 309071.5977862363
2462 309349.3651478280
2468 309350.3346846166
2474 310003.7719150654
2852 310018.4864451241
2854 310553.7620972217
3279 310554.4068934899
3281 310749.5115524906
3694 310749.7058652354
3695 311650.9403777788
3778 311658.5640591457
3780 311822.2582173090
3877 311849.6871521892
3878 311934.5212167514
4146 311934.9442191920
4147 312191.8566854059
4994 312201.8001926084
4995 312304.0772719648
10000 311832.2932778300
evaluations raw_y
1 -2150022.0000000005
2 -2149020.0000000005
3 -2148014.0000000005
4 -2147014.0000000005
5 -2146013.0000000005
9 -2145006.0000000005
10 -2144005.0000000005
14 -2142996.0000000005
15 -2141992.0000000005
16 -2140988.0000000005
17 -2139981.0000000005
18 -2138980.0000000005
26 -2137974.0000000005
27 -2136973.0000000005
29 -2135967.0000000005
31 -2134960.0000000005
33 -2133952.0000000005
39 -2132949.0000000005
40 -2131945.0000000005
41 -2130939.0000000005
42 -2129930.0000000005
46 -2128921.0000000005
48 -2127921.0000000005
51 -2126914.0000000005
52 -2125908.0000000005
54 -2124908.0000000005
56 -2123907.0000000005
62 -2122901.0000000005
64 -2121897.0000000005
65 -2120888.0000000005
66 -2119885.0000000005
68 -2118881.0000000005
69 -2117878.0000000005
70 -2116870.0000000005
72 -2115865.0000000005
75 -2114859.0000000005
77 -2113858.0000000005
80 -2112857.0000000005
83 -2111850.0000000005
85 -2110841.0000000005
86 -2109840.0000000005
87 -2108837.0000000005
88 -2107832.0000000005
90 -2106830.0000000005
92 -2105823.0000000005
93 -2104817.0000000005
94 -2103817.0000000005
95 -2102812.0000000005
97 -2101805.0000000005
101 -2100803.0000000005
103 -2099802.0000000005
104 -2098794.0000000005
107 -2097785.0000000005
108 -2096779.0000000005
109 -2095777.0000000005
115 -2094775.0000000005
117 -2093773.0000000005
118 -2092773.0000000005
120 -2091771.0000000005
121 -2090766.0000000005
122 -2089765.0000000005
124 -2088762.0000000005
125 -2087757.0000000005
129 -2086750.0000000005
133 -2085741.0000000005
136 -2084736.0000000005
137 -2083733.0000000005
138 -2082732.0000000005
141 -2081732.0000000005
146 -2080723.0000000005
147 -2079720.0000000005
149 -2078713.0000000005
153 -2077711.0000000005
155 -2076705.0000000005
156 -2075704.0000000005
157 -2074704.0000000005
158 -2073699.0000000005
161 -2072695.0000000005
164 305970.0609295158
425 305992.0812128489
430 306667.6220278298
455 306670.9111449987
458 307130.6448131580
503 307146.2199300759
504 307987.1430055008
776 307998.1254576087
777 308028.3125823786
1181 308045.7406915297
1184 308651.7246794796
1222 308663.6155087692
1223 309258.3498595883
1333 309270.8899676867
1334 309942.5781419927
1929 309958.7555986772
1931 310373.2734455146
2094 310381.6175556601
2095 311229.3762431210
2639 311246.1518828569
2640 311897.9831121673
2642 312355.3709855548
2713 312361.6833331713
2715 312551.9004817680
4190 312562.1987845178
4194 313137.8612898490
4780 313143.2544697576
4781 313558.1541297699
5311 313566.1348856014
5312 314022.4594009937
10000 313307.6199790433
evaluations raw_y
1 -2140923.0000000005
2 -2139916.0000000005
3 -2138913.0000000005
4 -2137913.0000000005
5 -2136905.0000000005
6 -2135902.0000000005
7 -2134895.0000000005
8 -2133886.0000000005
10 -2132886.0000000005
11 -2131885.0000000005
12 -2130878.0000000005
13 -2129875.0000000005
14 -2128870.0000000005
17 -2127863.0000000005
18 -2126861.0000000005
21 -2125857.0000000005
25 -2124856.0000000005
26 -2123848.0000000005
29 -2122841.0000000005
32 -2121841.0000000005
33 -2120838.0000000005
37 -2119832.0000000005
38 -2118828.0000000005
40 -2117827.0000000005
41 -2116824.0000000005
43 -2115817.0000000005
47 -2114815.0000000005
48 -2113813.0000000005
49 -2112804.0000000005
51 -2111795.0000000005
52 -2110787.0000000005
53 -2109779.0000000005
56 -2108778.0000000005
57 -2107777.0000000005
60 -2106770.0000000005
63 -2105769.0000000005
64 -2104762.0000000005
66 -2103758.0000000005
68 -2102756.0000000005
70 -2101752.0000000005
71 -2100746.0000000005
72 -2099740.0000000005
73 -2098737.0000000005
74 -2097734.0000000005
75 -2096733.0000000005
76 -2095730.0000000005
77 -2094724.0000000005
78 -2093717.0000000005
79 -2092710.0000000005
82 -2091707.0000000005
85 -2090698.0000000005
86 -2089694.0000000005
89 -2088690.0000000005
90 -2087681.0000000005
95 -2086675.0000000005
96 -2085674.0000000005
97 -2084666.0000000005
98 -2083658.0000000005
99 -2082656.0000000005
101 -2081652.0000000005
102 -2080645.0000000005
103 -2079638.0000000005
105 -2078633.0000000005
108 -2077627.0000000005
109 -2076624.0000000005
110 -2075622.0000000005
112 -2074614.0000000005
114 -2073609.0000000005
115 303642.4048423273
149 303676.1252227859
150 304023.2765914629
170 304053.8512092105
171 304261.5714610028
173 304275.8206069613
174 304360.4149083723
206 304393.7554794594
208 305233.2987104836
262 305246.9470633140
263 305589.8728429587
309 305624.5039110519
310 306292.2663501545
330 306301.8853471731
333 307097.7522070057
361 307120.2895164760
363 308017.8578833001
546 308031.1197645861
547 308706.5982301227
650 308739.7944703895
651 309359.4371814412
980 309381.7126033868
983 309871.9362416114
1715 309879.7851955147
1716 310135.4916377412
1852 310156.6334369057
1854 310272.0535717612
2377 310279.6631604012
2378 310682.2129054640
4405 310688.1575898781
4406 310963.2919169033
7394 310970.8244324520
7395 310990.1220341094
10000 -2073594.0000000005
evaluations raw_y
1 -2144985.0000000005
2 -2143980.0000000005
5 -2142972.0000000005
6 -2141970.0000000005
8 -2140963.0000000005
9 -2139960.0000000005
10 -2138959.0000000005
12 -2137955.0000000005
13 -2136952.0000000005
15 -2135951.0000000005
16 -2134951.0000000005
17 -2133942.0000000005
21 -2132937.0000000005
23 -2131930.0000000005
24 -2130927.0000000005
25 -2129920.0000000005
27 -2128919.0000000005
28 -2127915.0000000005
29 -2126914.0000000005
31 -2125907.0000000005
32 -2124898.0000000005
36 -2123890.0000000005
39 -2122890.0000000005
41 -2121882.0000000005
42 -2120873.0000000005
44 -2119873.0000000005
45 -2118869.0000000005
46 -2117865.0000000005
47 -2116856.0000000005
49 -2115856.0000000005
50 -2114848.0000000005
61 -2113840.0000000005
63 -2112834.0000000005
64 -2111830.0000000005
66 -2110823.0000000005
67 -2109823.0000000005
68 -2108820.0000000005
70 -2107812.0000000005
71 -2106808.0000000005
73 -2105808.0000000005
75 -2104804.0000000005
76 -2103795.0000000005
77 -2102790.0000000005
78 -2101781.0000000005
81 -2100778.0000000005
83 -2099777.0000000005
87 -2098775.0000000005
88 -2097773.0000000005
89 -2096773.0000000005
90 -2095770.0000000005
95 -2094764.0000000005
97 -2093756.0000000005
104 -2092747.0000000005
105 -2091745.0000000005
107 -2090739.0000000005
108 -2089730.0000000005
115 -2088724.0000000005
116 -2087719.0000000005
123 -2086712.0000000005
124 -2085711.0000000005
126 -2084706.0000000005
127 -2083698.0000000005
129 -2082689.0000000005
131 -2081689.0000000005
135 -2080681.0000000005
136 -2079678.0000000005
137 -2078673.0000000005
139 -2077664.0000000005
141 -2076657.0000000005
142 -2075652.0000000005
143 -2074648.0000000005
145 -2073641.0000000005
151 314728.2247288429
224 314746.7325983213
226 315475.5955275650
348 315485.3313115580
349 315648.6025555532
396 315668.3025231026
398 315861.7080771023
422 315874.7298571603
424 316200.2087129621
557 316213.9943531023
558 317181.2607792156
624 317218.2244511744
628 318111.5460762031
1067 318131.2727455604
1068 318822.0811713138
1126 318832.6755838028
1129 319365.8874466570
1332 319389.4508334774
1335 320079.3820015193
1450 320114.3436044818
1451 320186.6280430927
1458 320210.3709020351
1463 320243.3663572382
1468 320255.3913522016
1469 320347.7793879321
1623 320362.2375802043
1624 320404.7132166621
1804 320413.3132523018
1805 320977.2935189292
2711 320985.4914485959
2712 321650.3318515086
3422 321652.0237282223
3424 322605.8055436978
3490 322623.1569607822
3493 323343.3887945460
5366 323377.4578395999
5371 323668.0458949008
10000 -2073651.0000000005
evaluations raw_y
1 -2109820.0000000005
2 -2108816.0000000005
4 -2107811.0000000005
6 -2106804.0000000005
7 -2105799.0000000005
12 -2104799.0000000005
14 -2103792.0000000005
15 -2102787.0000000005
17 -2101787.0000000005
18 -2100780.0000000005
19 -2099780.0000000005
21 -2098774.0000000005
24 -2097773.0000000005
27 -2096766.0000000005
28 -2095762.0000000005
29 -2094755.0000000005
33 -2093746.0000000005
34 -2092741.0000000005
35 -2091738.0000000005
37 -2090730.0000000005
41 -2089724.0000000005
44 -2088724.0000000005
46 -2087719.0000000005
47 -2086719.0000000005
48 -2085718.0000000005
56 -2084715.0000000005
57 -2083707.0000000005
58 -2082702.0000000005
59 -2081700.0000000005
61 -2080695.0000000005
63 -2079688.0000000005
65 -2078685.0000000005
66 -2077683.0000000005
67 -2076682.0000000005
68 -2075675.0000000005
71 -2074672.0000000005
73 -2073668.0000000005
74 309479.0937436718
113 309514.2159876676
115 310238.8439193840
265 310252.4252678448
269 310519.7596611649
353 310519.7715724175
354 311421.9695689002
473 311459.3160060407
476 311543.8944511873
478 311544.3210854609
479 312078.3971096136
629 312096.5350967753
630 313051.9246521367
868 313071.4676721616
869 313551.0444974093
1140 313573.5927438657
1142 314155.2543153657
1165 314195.7903816542
1167 314418.3378912348
1457 314426.3013187222
1462 314444.9020800890
2053 314455.3592391743
2054 314508.6053730961
2772 314508.6821784399
2773 315257.4806549439
2799 315263.4899877174
2802 315919.5523284610
3186 315921.9883667484
3188 315948.8703679639
3190 315962.6381897693
3191 316408.1814196642
3265 316417.4938484037
3267 317003.8663307157
5940 317012.5236081934
5943 317793.5205710359
10000 -2073677.0000000005
evaluations raw_y
1 -2156000.0000000005
2 -2155000.0000000005
3 -2153994.0000000005
4 -2152992.0000000005
5 -2151991.0000000005
8 -2150986.0000000005
9 -2149980.0000000005
10 -2148979.0000000005
12 -2147978.0000000005
13 -2146972.0000000005
14 -2145972.0000000005
15 -2144969.0000000005
16 -2143960.0000000005
21 -2142960.0000000005
23 -2141954.0000000005
24 -2140949.0000000005
26 -2139943.0000000005
27 -2138942.0000000005
29 -2137934.0000000005
31 -2136926.0000000005
32 -2135924.0000000005
34 -2134922.0000000005
35 -2133914.0000000005
37 -2132910.0000000005
40 -2131907.0000000005
46 -2130899.0000000005
47 -2129898.0000000005
50 -2128894.0000000005
51 -2127892.0000000005
55 -2126884.0000000005
57 -2125881.0000000005
62 -2124876.0000000005
64 -2123875.0000000005
65 -2122874.0000000005
67 -2121871.0000000005
68 -2120865.0000000005
70 -2119865.0000000005
71 -2118859.0000000005
73 -2117855.0000000005
74 -2116853.0000000005
75 -2115845.0000000005
76 -2114836.0000000005
79 -2113836.0000000005
81 -2112833.0000000005
82 -2111825.0000000005
84 -2110817.0000000005
85 -2109812.0000000005
86 -2108806.0000000005
88 -2107804.0000000005
93 -2106803.0000000005
96 -2105794.0000000005
98 -2104788.0000000005
99 -2103787.0000000005
104 -2102786.0000000005
105 -2101778.0000000005
108 -2100769.0000000005
112 -2099764.0000000005
114 -2098764.0000000005
118 -2097763.0000000005
119 -2096755.0000000005
120 -2095754.0000000005
121 -2094745.0000000005
122 -2093745.0000000005
124 -2092742.0000000005
125 -2091738.0000000005
128 -2090731.0000000005
130 -2089729.0000000005
132 -2088723.0000000005
134 -2087717.0000000005
136 -2086713.0000000005
137 -2085705.0000000005
138 -2084701.0000000005
140 -2083695.0000000005
142 -2082692.0000000005
144 -2081685.0000000005
147 -2080680.0000000005
151 -2079676.0000000005
152 -2078674.0000000005
153 -2077666.0000000005
156 -2076659.0000000005
158 -2075658.0000000005
162 -2074654.0000000005
165 -2073645.0000000005
167 305900.8221922303
222 305924.7737343013
224 306105.0655572839
240 306131.6467529505
241 306753.0237651804
341 306766.1077787428
343 307229.1790994598
426 307271.0337209714
429 307989.7565234374
666 308010.6470795988
670 308620.3951913011
820 308633.2438517254
821 308898.1793019753
847 308916.8628575833
850 309297.0473131016
999 309312.4779963131
1000 310019.2712720195
1013 310035.2379901824
1014 310880.8111634952
1115 310887.4391515749
1117 310910.5177961776
1118 311434.2260053012
1119 312320.2227505333
1243 312320.7978132100
1244 313272.2549350735
1456 313272.7998727042
1457 313801.7418355786
1835 313811.3975214824
1836 314631.4186214735
2353 314645.0630615465
2354 314749.2953761563
2417 314750.1777068517
2418 315274.7550353121
2824 315275.2135371029
2825 315495.1370290967
2897 315514.6019384226
2900 315537.2957462739
4928 315548.2585462054
4929 315822.8525208491
6632 315850.3542540992
6634 316672.8557708127
10000 -2073641.0000000005
evaluations raw_y
1 -2116816.0000000005
3 -2115809.0000000005
4 -2114804.0000000005
5 -2113801.0000000005
7 -2112793.0000000005
10 -2111790.0000000005
14 -2110790.0000000005
15 -2109781.0000000005
16 -2108778.0000000005
17 -2107773.0000000005
20 -2106769.0000000005
22 -2105768.0000000005
23 -2104760.0000000005
26 -2103758.0000000005
28 -2102758.0000000005
34 -2101750.0000000005
35 -2100750.0000000005
37 -2099744.0000000005
38 -2098740.0000000005
39 -2097731.0000000005
42 -2096725.0000000005
43 -2095720.0000000005
48 -2094716.0000000005
49 -2093714.0000000005
52 -2092707.0000000005
53 -2091702.0000000005
54 -2090693.0000000005
58 -2089691.0000000005
59 -2088686.0000000005
62 -2087682.0000000005
63 -2086678.0000000005
65 -2085671.0000000005
66 -2084669.0000000005
69 -2083663.0000000005
70 -2082654.0000000005
71 -2081652.0000000005
72 -2080650.0000000005
79 -2079643.0000000005
80 -2078636.0000000005
81 -2077629.0000000005
83 -2076624.0000000005
84 -2075619.0000000005
86 -2074611.0000000005
92 -2073609.0000000005
94 304084.0121353102
127 304090.1823769301
128 304520.2839639902
148 304523.6350789469
149 304599.1164130917
181 304627.7563636167
183 304798.9982317730
202 304829.6228738865
204 305211.0687179315
293 305253.8286249544
294 305997.3942767624
392 306016.9953643804
394 306080.1211608872
431 306085.9430194384
432 306924.5328350128
481 306964.5137185176
484 307017.6581401060
520 307019.6359127361
521 307655.3098489756
589 307666.6618891626
592 308088.8416769322
818 308105.2093739279
819 308249.7668940019
910 308290.1895997958
911 309227.4350275294
992 309267.3180950218
993 309554.2905808823
1129 309569.5867691919
1130 310078.7949416819
1287 310083.8245719836
1290 310920.7730738642
1557 310928.8448258585
1559 311246.4395296884
1612 311260.5866651086
1613 311821.9234722464
2136 311829.4615928658
2139 312619.6817746901
2218 312637.4532737197
2222 313312.8766057074
2457 313352.4380531276
2459 313987.3416369401
2566 314007.0936295975
2568 314300.3204201839
2890 314327.2972869797
2891 315126.8870192613
10000 314617.9067345011
evaluations raw_y
1 -2118798.0000000005
3 -2117798.0000000005
4 -2116795.0000000005
5 -2115791.0000000005
6 -2114788.0000000005
7 -2113781.0000000005
8 -2112777.0000000005
9 -2111772.0000000005
10 -2110764.0000000005
11 -2109759.0000000005
12 -2108750.0000000005
14 -2107746.0000000005
15 -2106745.0000000005
17 -2105736.0000000005
18 -2104734.0000000005
21 -2103725.0000000005
22 -2102725.0000000005
23 -2101723.0000000005
24 -2100716.0000000005
26 -2099713.0000000005
29 -2098711.0000000005
30 -2097707.0000000005
32 -2096700.0000000005
33 -2095700.0000000005
35 -2094694.0000000005
39 -2093694.0000000005
42 -2092687.0000000005
43 -2091678.0000000005
49 -2090673.0000000005
51 -2089666.0000000005
52 -2088665.0000000005
53 -2087663.0000000005
55 -2086663.0000000005
56 -2085655.0000000005
58 -2084650.0000000005
59 -2083648.0000000005
61 -2082648.0000000005
62 -2081645.0000000005
66 -2080640.0000000005
69 -2079637.0000000005
71 -2078634.0000000005
73 -2077625.0000000005
74 -2076625.0000000005
76 -2075619.0000000005
78 -2074613.0000000005
79 -2073605.0000000005
85 306363.9154820362
201 306370.1170294552
202 307083.5124448691
333 307093.5108955959
334 307925.2169952103
600 307935.4779276611
601 308572.2878772348
663 308572.8509161908
664 309449.7597984420
691 309468.3625029343
693 309731.5339267465
735 309740.8786514158
736 310093.0462542230
797 310096.2489872387
799 311034.2840606139
1010 311041.7570885689
1011 311240.5945693972
1176 311274.8537762685
1178 311519.5517169576
1201 311520.3801829746
1205 312419.7900225190
1282 312426.6854399344
1283 313286.8115684633
1481 313295.7301452229
1483 313365.8117605610
1798 313401.3182493919
1799 313981.7985086832
1823 313994.4272146362
1824 314823.6879739756
2130 314823.9939959819
2131 315663.6165565362
2233 315664.3261425001
2234 315738.0611735146
3617 315752.9773937334
3619 316270.5475697086
5486 316290.7854127831
5489 317037.1591555452
10000 316254.9746074781
evaluations raw_y
1 -2126883.0000000005
3 -2125877.0000000005
7 -2124873.0000000005
8 -2123869.0000000005
9 -2122860.0000000005
10 -2121858.0000000005
11 -2120854.0000000005
12 -2119849.0000000005
13 -2118845.0000000005
15 -2117845.0000000005
17 -2116840.0000000005
19 -2115840.0000000005
20 -2114835.0000000005
22 -2113827.0000000005
25 -2112818.0000000005
26 -2111812.0000000005
31 -2110808.0000000005
32 -2109807.0000000005
37 -2108807.0000000005
43 -2107799.0000000005
44 -2106799.0000000005
46 -2105798.0000000005
48 -2104795.0000000005
49 -2103795.0000000005
50 -2102787.0000000005
52 -2101785.0000000005
54 -2100782.0000000005
58 -2099774.0000000005
59 -2098774.0000000005
60 -2097771.0000000005
61 -2096764.0000000005
62 -2095762.0000000005
63 -2094756.0000000005
65 -2093751.0000000005
66 -2092743.0000000005
68 -2091735.0000000005
69 -2090734.0000000005
71 -2089733.0000000005
73 -2088731.0000000005
75 -2087724.0000000005
76 -2086717.0000000005
78 -2085710.0000000005
79 -2084707.0000000005
83 -2083702.0000000005
84 -2082699.0000000005
85 -2081694.0000000005
86 -2080691.0000000005
88 -2079688.0000000005
90 -2078685.0000000005
93 -2077677.0000000005
98 -2076673.0000000005
100 -2075665.0000000005
101 -2074665.0000000005
106 -2073663.0000000005
108 307626.0001262549
381 307649.4777811830
382 308080.9589100126
562 308092.7414311764
564 308900.4676719378
611 308915.0982386446
612 309606.4442297474
661 309639.3655341083
662 309890.6119608677
725 309909.3756025513
726 310462.7409401388
740 310476.4641784430
741 310822.9575050959
859 310863.6081835657
860 311727.9945460204
1306 311762.6754177315
1309 312404.5621089018
1360 312414.1021574548
1363 313152.0510350274
1657 313164.5853289401
1658 313547.1798382878
1680 313547.9732365061
1681 313735.1944514449
2052 313749.0395678635
2054 314037.9881280583
2465 314055.8216365681
2466 314113.7485924183
2568 314140.6352554398
2570 314275.8544999729
3540 314286.1815304232
3542 314878.1266536790
4564 314912.0285567803
4565 315691.2149015013
5214 315700.1376669034
5218 315816.6860305282
10000 -2073673.0000000005
evaluations raw_y
1 -2113778.0000000005
3 -2112770.0000000005
4 -2111766.0000000005
5 -2110759.0000000005
7 -2109752.0000000005
8 -2108744.0000000005
13 -2107736.0000000005
14 -2106727.0000000005
15 -2105725.0000000005
16 -2104723.0000000005
21 -2103714.0000000005
23 -2102713.0000000005
24 -2101709.0000000005
25 -2100706.0000000005
26 -2099704.0000000005
29 -2098698.0000000005
30 -2097692.0000000005
34 -2096691.0000000005
35 -2095686.0000000005
36 -2094685.0000000005
37 -2093684.0000000005
38 -2092677.0000000005
39 -2091670.0000000005
41 -2090669.0000000005
44 -2089661.0000000005
47 -2088655.0000000005
48 -2087648.0000000005
49 -2086639.0000000005
50 -2085631.0000000005
51 -2084624.0000000005
52 -2083615.0000000005
56 -2082615.0000000005
57 -2081611.0000000005
58 -2080603.0000000005
59 -2079594.0000000005
65 -2078585.0000000005
66 -2077580.0000000005
68 -2076575.0000000005
69 -2075571.0000000005
73 -2074564.0000000005
75 -2073559.0000000005
76 308580.5109757857
139 308614.5701323058
141 308668.0529647993
573 308703.0394188683
574 308892.5618452447
696 308911.5385066804
698 309058.1359267552
876 309077.6098004621
877 309328.9546571014
1047 309342.0107710200
1048 309374.8964079955
1202 309409.5565305567
1203 309536.4035574634
1279 309559.3606648402
1284 310248.3576866218
1546 310285.1785611454
1547 310390.7049008405
1666 310400.8802167855
1669 311298.5367890279
1698 311316.0485150567
1699 312188.7368812746
1822 312200.1118340310
1825 312955.5518957755
1908 312969.8003142892
1913 313719.3190987273
5966 313724.7807638116
5970 313812.5802872317
10000 -2073555.0000000005
evaluations raw_y
1 -2155878.0000000005
7 -2154877.0000000005
16 -2153876.0000000005
18 -2152876.0000000005
20 -2151876.0000000005
21 -2150868.0000000005
22 -2149867.0000000005
23 -2148867.0000000005
24 -2147862.0000000005
26 -2146856.0000000005
31 -2145852.0000000005
32 -2144847.0000000005
34 -2143847.0000000005
36 -2142844.0000000005
37 -2141837.0000000005
39 -2140829.0000000005
40 -2139827.0000000005
41 -2138820.0000000005
43 -2137811.0000000005
47 -2136806.0000000005
51 -2135799.0000000005
53 -2134791.0000000005
55 -2133789.0000000005
58 -2132786.0000000005
60 -2131778.0000000005
62 -2130777.0000000005
64 -2129768.0000000005
65 -2128760.0000000005
68 -2127752.0000000005
69 -2126752.0000000005
70 -2125749.0000000005
71 -2124749.0000000005
72 -2123749.0000000005
73 -2122741.0000000005
74 -2121732.0000000005
75 -2120724.0000000005
79 -2119719.0000000005
81 -2118716.0000000005
88 -2117711.0000000005
89 -2116711.0000000005
94 -2115707.0000000005
96 -2114701.0000000005
99 -2113701.0000000005
101 -2112698.0000000005
105 -2111695.0000000005
108 -2110691.0000000005
109 -2109690.0000000005
112 -2108690.0000000005
113 -2107688.0000000005
115 -2106686.0000000005
117 -2105682.0000000005
118 -2104680.0000000005
119 -2103672.0000000005
127 -2102663.0000000005
128 -2101659.0000000005
130 -2100657.0000000005
131 -2099653.0000000005
133 -2098648.0000000005
135 -2097646.0000000005
136 -2096639.0000000005
137 -2095638.0000000005
141 -2094636.0000000005
143 -2093635.0000000005
145 -2092632.0000000005
153 -2091631.0000000005
155 -2090622.0000000005
156 -2089618.0000000005
157 -2088612.0000000005
163 -2087609.0000000005
164 -2086601.0000000005
165 -2085592.0000000005
168 -2084586.0000000005
176 -2083579.0000000005
177 -2082571.0000000005
178 -2081568.0000000005
179 -2080559.0000000005
181 -2079556.0000000005
182 -2078547.0000000005
183 -2077545.0000000005
190 -2076540.0000000005
191 -2075534.0000000005
194 -2074529.0000000005
201 -2073524.0000000005
203 314634.9818619484
235 314647.2546095548
241 315146.2805662391
346 315162.3691601403
347 315774.8832326019
645 315811.7768287544
646 316225.0205378931
668 316241.6304936375
670 316517.3569544260
773 316553.7621132738
775 317419.0056968760
932 317440.5152272438
935 318115.4483393951
959 318120.3027027272
960 318863.6707364019
983 318876.4496404385
984 319199.7436692149
1463 319236.2863277455
1464 320062.5182441568
1620 320070.1785234696
1621 320594.9502372041
1866 320604.2434386154
1869 321443.3782276301
1889 321480.1585580973
1890 322307.7303880383
2297 322333.0826936447
2299 323061.4375166265
2581 323096.3226955236
2582 323614.4476753803
3152 323628.0145347391
3154 324002.9917913713
10000 -2073534.0000000005
evaluations raw_y
1 -2149863.0000000005
4 -2148854.0000000005
7 -2147845.0000000005
8 -2146842.0000000005
14 -2145840.0000000005
16 -2144831.0000000005
17 -2143822.0000000005
18 -2142819.0000000005
19 -2141812.0000000005
22 -2140804.0000000005
23 -2139799.0000000005
24 -2138794.0000000005
28 -2137793.0000000005
30 -2136784.0000000005
33 -2135780.0000000005
34 -2134775.0000000005
35 -2133773.0000000005
36 -2132767.0000000005
40 -2131762.0000000005
43 -2130754.0000000005
44 -2129753.0000000005
45 -2128750.0000000005
49 -2127743.0000000005
51 -2126740.0000000005
52 -2125739.0000000005
53 -2124739.0000000005
54 -2123736.0000000005
56 -2122736.0000000005
57 -2121731.0000000005
58 -2120729.0000000005
60 -2119728.0000000005
61 -2118726.0000000005
65 -2117717.0000000005
66 -2116710.0000000005
68 -2115705.0000000005
71 -2114700.0000000005
72 -2113696.0000000005
73 -2112694.0000000005
76 -2111691.0000000005
77 -2110683.0000000005
79 -2109674.0000000005
80 -2108667.0000000005
82 -2107666.0000000005
83 -2106660.0000000005
85 -2105653.0000000005
88 -2104651.0000000005
91 -2103643.0000000005
92 -2102638.0000000005
93 -2101637.0000000005
96 -2100635.0000000005
98 -2099632.0000000005
100 -2098624.0000000005
102 -2097623.0000000005
103 -2096614.0000000005
106 -2095608.0000000005
107 -2094608.0000000005
108 -2093607.0000000005
111 -2092603.0000000005
114 -2091597.0000000005
115 -2090590.0000000005
118 -2089583.0000000005
119 -2088583.0000000005
121 -2087583.0000000005
122 -2086577.0000000005
123 -2085575.0000000005
124 -2084566.0000000005
125 -2083559.0000000005
126 -2082551.0000000005
128 -2081546.0000000005
130 -2080546.0000000005
131 -2079542.0000000005
134 -2078541.0000000005
144 -2077538.0000000005
146 -2076534.0000000005
153 -2075528.0000000005
154 -2074527.0000000005
158 -2073522.0000000005
159 307803.0826992476
179 307812.8248603064
180 308663.4836196305
262 308670.9316655920
263 308973.6802040452
278 308975.8961392422
280 309224.8406395269
335 309234.0168519118
336 309246.7459953797
337 309804.1054751495
338 310333.7008381292
410 310345.4365420538
411 311177.0059168358
449 311213.2703652870
450 311503.0636335178
470 311514.4347791310
473 312110.2688595210
577 312145.0054853379
578 312385.7382417675
616 312401.2373426163
617 312582.8543100790
855 312593.7804174421
857 312645.6849680375
1292 312666.1835975395
1294 313623.7218878766
1696 313641.9197091994
1698 313940.1390429896
1782 313975.6854769234
1783 314086.7670466013
1864 314091.0479856959
1866 314956.2673194861
1943 314980.1751622041
1945 315714.3073334840
1959 315751.0042983759
1960 316264.5955204582
2324 316303.0506373739
2327 317055.5424573981
2328 317071.1001969454
2329 317629.3883456811
2660 317646.2530281197
2662 317709.0421466884
3695 317724.8377172989
3696 318342.4507004097
4383 318368.6844092790
4384 319101.4864279667
10000 -2073537.0000000005
evaluations raw_y
1 -2122753.0000000005
7 -2121753.0000000005
9 -2120745.0000000005
10 -2119738.0000000005
12 -2118730.0000000005
19 -2117724.0000000005
21 -2116723.0000000005
23 -2115718.0000000005
24 -2114711.0000000005
26 -2113711.0000000005
30 -2112704.0000000005
32 -2111696.0000000005
33 -2110694.0000000005
35 -2109694.0000000005
39 -2108691.0000000005
43 -2107682.0000000005
45 -2106674.0000000005
49 -2105670.0000000005
52 -2104663.0000000005
53 -2103654.0000000005
54 -2102654.0000000005
57 -2101651.0000000005
58 -2100650.0000000005
62 -2099645.0000000005
65 -2098636.0000000005
67 -2097630.0000000005
69 -2096622.0000000005
71 -2095614.0000000005
73 -2094613.0000000005
75 -2093607.0000000005
81 -2092606.0000000005
82 -2091601.0000000005
83 -2090592.0000000005
84 -2089586.0000000005
85 -2088582.0000000005
86 -2087577.0000000005
91 -2086568.0000000005
93 -2085560.0000000005
94 -2084553.0000000005
97 -2083551.0000000005
98 -2082545.0000000005
99 -2081541.0000000005
106 -2080538.0000000005
107 -2079534.0000000005
109 -2078528.0000000005
111 -2077523.0000000005
112 -2076523.0000000005
115 -2075520.0000000005
117 -2074520.0000000005
119 -2073517.0000000005
120 308767.5144134169
169 308784.1824647975
171 309269.6892651450
448 309271.3555204312
450 309750.9589677154
462 309760.6775904528
464 310291.4065835577
563 310300.4263159455
564 311252.8625780276
620 311270.6212632620
622 311673.7362990293
826 311674.7694764194
829 312256.7099177106
1031 312276.8252534117
1033 313204.9009045319
1116 313225.5795642642
1117 313345.6973496857
1212 313381.3020255472
1213 313728.3937920770
1351 313766.1627348195
1356 314223.4889175375
1400 314258.6256562031
1401 314506.6831775509
1631 314542.7085713429
1634 314688.5981520691
1846 314688.8174073678
1847 315004.9632487522
2552 315014.9248625042
2559 315978.5744398473
3031 315989.6237095554
3035 316882.4982358831
3352 316916.8571192289
3355 317777.5629273757
3619 317792.2083343010
3621 318076.5861463234
10000 -2073515.0000000005
evaluations raw_y
1 -2141926.0000000005
2 -2140922.0000000005
5 -2139915.0000000005
6 -2138914.0000000005
9 -2137909.0000000005
15 -2136905.0000000005
16 -2135896.0000000005
17 -2134890.0000000005
19 -2133886.0000000005
20 -2132881.0000000005
22 -2131880.0000000005
24 -2130877.0000000005
26 -2129871.0000000005
27 -2128864.0000000005
29 -2127858.0000000005
30 -2126857.0000000005
32 -2125855.0000000005
34 -2124852.0000000005
35 -2123843.0000000005
36 -2122838.0000000005
38 -2121832.0000000005
39 -2120823.0000000005
43 -2119815.0000000005
48 -2118811.0000000005
49 -2117804.0000000005
51 -2116802.0000000005
52 -2115798.0000000005
53 -2114792.0000000005
54 -2113791.0000000005
57 -2112791.0000000005
58 -2111785.0000000005
62 -2110778.0000000005
63 -2109777.0000000005
64 -2108772.0000000005
66 -2107765.0000000005
68 -2106762.0000000005
71 -2105753.0000000005
72 -2104751.0000000005
74 -2103745.0000000005
78 -2102739.0000000005
79 -2101736.0000000005
80 -2100735.0000000005
82 -2099728.0000000005
83 -2098728.0000000005
84 -2097727.0000000005
85 -2096726.0000000005
86 -2095720.0000000005
89 -2094711.0000000005
91 -2093711.0000000005
93 -2092711.0000000005
94 -2091703.0000000005
95 -2090697.0000000005
99 -2089691.0000000005
102 -2088687.0000000005
103 -2087682.0000000005
104 -2086673.0000000005
105 -2085672.0000000005
107 -2084670.0000000005
108 -2083664.0000000005
109 -2082655.0000000005
112 -2081649.0000000005
114 -2080648.0000000005
116 -2079641.0000000005
119 -2078632.0000000005
122 -2077627.0000000005
125 -2076624.0000000005
130 -2075622.0000000005
133 -2074621.0000000005
135 -2073615.0000000005
136 299286.5817473618
138 299301.8253231854
139 299306.1318782229
141 300053.9370567572
142 300786.6031260076
175 300807.2448873140
176 301695.9447181511
184 301723.8915310760
185 302546.0176134920
206 302556.2222157888
207 303264.4548395796
241 303306.1184230999
242 303999.7894819890
288 304035.3912757016
290 304642.2497022544
405 304665.8558462351
407 305606.4114088689
470 305607.6933216312
472 306195.6234826900
653 306200.3431560680
654 306701.2260052916
689 306717.3657653994
691 306841.0207131072
1034 306841.8696804890
1036 307122.3780816126
1149 307138.6081987391
1154 307480.2485218743
1208 307486.7894512085
1209 308253.5742115803
1240 308272.6168724692
1242 308889.3114674379
1603 308891.2466997934
1604 309637.7852375284
2267 309675.4525480436
2270 309918.9510146179
2575 309964.2252831483
2576 310771.8900983643
2696 310811.3148062928
2699 311428.4499534835
3481 311441.7690080268
3483 312305.3799494402
3796 312323.3738891977
3801 312484.6559215171
4591 312496.3088057660
4593 312985.0105699376
10000 312131.3558840942
evaluations raw_y
1 -2149942.0000000005
5 -2148938.0000000005
10 -2147931.0000000005
11 -2146922.0000000005
12 -2145920.0000000005
13 -2144914.0000000005
15 -2143914.0000000005
17 -2142912.0000000005
18 -2141909.0000000005
19 -2140901.0000000005
21 -2139899.0000000005
22 -2138894.0000000005
26 -2137887.0000000005
27 -2136879.0000000005
29 -2135878.0000000005
31 -2134874.0000000005
32 -2133867.0000000005
35 -2132866.0000000005
40 -2131859.0000000005
43 -2130859.0000000005
45 -2129854.0000000005
47 -2128847.0000000005
48 -2127847.0000000005
50 -2126845.0000000005
52 -2125838.0000000005
53 -2124830.0000000005
54 -2123830.0000000005
58 -2122825.0000000005
61 -2121819.0000000005
62 -2120811.0000000005
63 -2119810.0000000005
66 -2118807.0000000005
68 -2117802.0000000005
70 -2116796.0000000005
71 -2115795.0000000005
72 -2114787.0000000005
76 -2113782.0000000005
78 -2112780.0000000005
81 -2111774.0000000005
82 -2110767.0000000005
87 -2109766.0000000005
88 -2108757.0000000005
90 -2107756.0000000005
94 -2106756.0000000005
96 -2105750.0000000005
97 -2104744.0000000005
98 -2103740.0000000005
99 -2102737.0000000005
100 -2101730.0000000005
104 -2100725.0000000005
105 -2099725.0000000005
108 -2098719.0000000005
112 -2097717.0000000005
114 -2096712.0000000005
116 -2095705.0000000005
117 -2094699.0000000005
120 -2093694.0000000005
121 -2092685.0000000005
122 -2091683.0000000005
123 -2090674.0000000005
124 -2089665.0000000005
125 -2088664.0000000005
129 -2087662.0000000005
130 -2086662.0000000005
132 -2085653.0000000005
133 -2084648.0000000005
137 -2083640.0000000005
139 -2082639.0000000005
140 -2081630.0000000005
143 -2080627.0000000005
144 -2079626.0000000005
145 -2078626.0000000005
147 -2077618.0000000005
150 -2076618.0000000005
151 -2075616.0000000005
152 -2074611.0000000005
153 -2073608.0000000005
154 306059.0965905183
298 306073.6225085292
300 306562.7935196821
489 306594.4395358981
492 306729.7223337899
581 306729.8865006900
583 306732.6793449668
622 306747.9821401378
626 306966.9373889892
741 307004.4257465394
742 307267.6144682433
830 307268.5313819132
832 308206.1839786575
959 308214.7975888568
961 308378.6341330334
992 308402.0334861300
994 309187.9202039863
1161 309207.6290348768
1162 309408.5467641984
1327 309411.7851036374
1330 310310.6974033605
1974 310325.3809673305
1975 310551.4733051740
2223 310552.1182961469
2226 311171.1726551328
2536 311194.3948556427
2538 311909.8026593174
3086 311919.4747141826
3087 312646.2677152007
3142 312658.5864933361
3143 312925.7637609033
6475 312931.5557760040
6477 313434.4142843836
10000 -2073605.0000000005
evaluations raw_y
1 -2113805.0000000005
2 -2112796.0000000005
3 -2111789.0000000005
4 -2110789.0000000005
8 -2109784.0000000005
9 -2108782.0000000005
10 -2107774.0000000005
15 -2106770.0000000005
18 -2105768.0000000005
20 -2104763.0000000005
22 -2103760.0000000005
24 -2102752.0000000005
25 -2101748.0000000005
27 -2100748.0000000005
29 -2099742.0000000005
35 -2098742.0000000005
40 -2097739.0000000005
41 -2096733.0000000005
42 -2095724.0000000005
43 -2094722.0000000005
46 -2093718.0000000005
48 -2092709.0000000005
53 -2091702.0000000005
56 -2090696.0000000005
59 -2089696.0000000005
61 -2088690.0000000005
62 -2087681.0000000005
64 -2086674.0000000005
65 -2085669.0000000005
67 -2084667.0000000005
70 -2083660.0000000005
74 -2082653.0000000005
75 -2081651.0000000005
77 -2080642.0000000005
78 -2079636.0000000005
79 -2078630.0000000005
82 -2077626.0000000005
83 -2076625.0000000005
93 -2075625.0000000005
95 -2074625.0000000005
97 -2073619.0000000005
98 306778.3417467342
115 306787.0373197523
116 307184.8992131201
129 307204.0801510551
131 307394.7365407323
196 307398.1093548475
197 307939.7721597745
259 307977.2775447256
261 308488.5066062709
268 308489.6251460444
270 308915.9898495111
277 308946.3893003507
278 308949.2823575115
279 309602.3117121034
280 309826.3603787044
348 309840.1774861360
349 310590.9050722854
366 310610.5478347365
367 310936.8033388017
368 310948.2506950282
369 311039.7326887110
417 311064.5146397708
423 311770.9723121202
635 311771.0921897342
636 312516.5589989523
976 312551.0324066664
977 313242.8148921696
1437 313255.9402485691
1438 313271.7098314713
1972 313272.5142651048
1973 314144.2343895382
2202 314156.6101067034
2206 314970.1617571717
2543 315006.4948708799
2546 315725.5712266095
3403 315740.8128900538
3404 316707.8239796836
10000 -2073608.0000000005
evaluations raw_y
1 -2141890.0000000005
3 -2140887.0000000005
4 -2139886.0000000005
5 -2138879.0000000005
7 -2137871.0000000005
8 -2136871.0000000005
11 -2135864.0000000005
15 -2134863.0000000005
16 -2133857.0000000005
18 -2132856.0000000005
19 -2131853.0000000005
22 -2130848.0000000005
24 -2129846.0000000005
27 -2128840.0000000005
28 -2127840.0000000005
30 -2126833.0000000005
33 -2125828.0000000005
34 -2124827.0000000005
35 -2123820.0000000005
36 -2122817.0000000005
37 -2121809.0000000005
38 -2120807.0000000005
41 -2119802.0000000005
43 -2118796.0000000005
46 -2117790.0000000005
47 -2116785.0000000005
49 -2115777.0000000005
51 -2114771.0000000005
53 -2113768.0000000005
55 -2112760.0000000005
62 -2111753.0000000005
63 -2110745.0000000005
64 -2109744.0000000005
69 -2108743.0000000005
70 -2107740.0000000005
73 -2106740.0000000005
76 -2105738.0000000005
79 -2104736.0000000005
80 -2103732.0000000005
83 -2102724.0000000005
86 -2101721.0000000005
89 -2100713.0000000005
91 -2099713.0000000005
92 -2098706.0000000005
93 -2097699.0000000005
94 -2096690.0000000005
95 -2095687.0000000005
98 -2094678.0000000005
102 -2093674.0000000005
105 -2092673.0000000005
106 -2091671.0000000005
107 -2090668.0000000005
109 -2089665.0000000005
112 -2088657.0000000005
113 -2087648.0000000005
118 -2086644.0000000005
119 -2085641.0000000005
120 -2084635.0000000005
123 -2083628.0000000005
126 -2082628.0000000005
127 -2081622.0000000005
130 -2080616.0000000005
132 -2079608.0000000005
133 -2078603.0000000005
134 -2077603.0000000005
135 -2076594.0000000005
137 -2075591.0000000005
147 -2074586.0000000005
150 -2073585.0000000005
154 309751.1947709820
523 309762.0125557067
524 310590.9777007416
603 310591.6078393970
604 311511.5063871454
681 311524.6686683393
684 311977.5704681457
699 312012.0110654269
701 312332.3348744620
721 312369.3964821953
722 312747.7241663805
733 312783.0722101915
736 313255.9536545561
818 313287.2462938483
825 313949.3117471429
870 313984.2602543427
871 314048.1430237129
1283 314082.1540752010
1284 314594.0985481377
1307 314608.3134015798
1309 315310.2705736934
1380 315315.8732185563
1381 315598.5554423415
1610 315610.9594322563
1613 316563.0489436967
1700 316570.2009552311
1702 317109.0514289257
1734 317128.4027739715
1738 317574.1789827437
1800 317585.6037091982
1801 317855.8115604480
1862 317871.8453580416
1863 318377.1423313853
1929 318395.9740707845
1931 319217.0628911017
2535 319230.9874227997
2536 319518.6244351495
3420 319520.8690851413
3422 320046.1165645269
3983 320068.2177531332
3984 320819.1957524439
10000 -2073565.0000000005
evaluations raw_y
1 -2121831.0000000005
4 -2120828.0000000005
5 -2119823.0000000005
9 -2118819.0000000005
11 -2117816.0000000005
12 -2116808.0000000005
15 -2115805.0000000005
16 -2114797.0000000005
17 -2113790.0000000005
18 -2112782.0000000005
19 -2111775.0000000005
21 -2110775.0000000005
25 -2109775.0000000005
26 -2108774.0000000005
27 -2107767.0000000005
28 -2106767.0000000005
29 -2105765.0000000005
30 -2104760.0000000005
31 -2103754.0000000005
32 -2102753.0000000005
36 -2101745.0000000005
40 -2100744.0000000005
41 -2099738.0000000005
42 -2098736.0000000005
44 -2097732.0000000005
46 -2096724.0000000005
49 -2095719.0000000005
51 -2094717.0000000005
55 -2093713.0000000005
58 -2092712.0000000005
62 -2091704.0000000005
66 -2090701.0000000005
67 -2089693.0000000005
69 -2088692.0000000005
72 -2087692.0000000005
73 -2086692.0000000005
74 -2085688.0000000005
75 -2084684.0000000005
77 -2083678.0000000005
80 -2082673.0000000005
83 -2081669.0000000005
84 -2080668.0000000005
86 -2079666.0000000005
87 -2078657.0000000005
88 -2077651.0000000005
89 -2076644.0000000005
90 -2075636.0000000005
93 -2074632.0000000005
94 -2073628.0000000005
97 309934.9140437439
247 309954.7092025705
250 310772.4387649513
277 310801.7097847985
280 311570.5866337549
393 311571.1478489477
395 311572.3727515589
398 311614.7278348948
402 312290.2048157583
465 312305.9065258712
466 312331.3654341434
510 312345.7433842897
513 312516.7531307895
735 312523.3699104301
737 313393.6144097479
752 313403.6066468081
754 314294.9399728267
824 314306.0802431098
825 314346.0429336618
967 314362.7205301475
970 314612.9853671194
1044 314647.9759665817
1045 315466.6041442004
1243 315478.3015158733
1244 316135.6453445479
1354 316162.9858216591
1356 316301.6141883457
1369 316303.7043050546
1372 317071.4249082058
1393 317096.1714606944
1394 317692.4123848130
1428 317717.1405571399
1429 318644.0462127965
1723 318662.0953540354
1724 319177.6618050676
1733 319216.8027328782
1735 319735.6272625016
4772 319744.8934136209
4777 319824.6899002697
7971 319861.6610878953
7972 320386.3534692926
8912 320405.8257513996
8913 320960.3487424449
10000 320715.2510428595
evaluations raw_y
1 -2140939.0000000005
2 -2139931.0000000005
3 -2138922.0000000005
4 -2137917.0000000005
5 -2136912.0000000005
6 -2135905.0000000005
7 -2134901.0000000005
9 -2133900.0000000005
11 -2132894.0000000005
14 -2131891.0000000005
16 -2130884.0000000005
17 -2129877.0000000005
19 -2128871.0000000005
20 -2127868.0000000005
21 -2126867.0000000005
24 -2125867.0000000005
26 -2124867.0000000005
27 -2123867.0000000005
28 -2122864.0000000005
29 -2121862.0000000005
30 -2120857.0000000005
33 -2119855.0000000005
34 -2118847.0000000005
36 -2117846.0000000005
41 -2116838.0000000005
42 -2115837.0000000005
49 -2114832.0000000005
53 -2113823.0000000005
54 -2112817.0000000005
55 -2111814.0000000005
61 -2110811.0000000005
62 -2109809.0000000005
63 -2108804.0000000005
65 -2107802.0000000005
69 -2106793.0000000005
70 -2105784.0000000005
71 -2104784.0000000005
72 -2103781.0000000005
73 -2102778.0000000005
75 -2101771.0000000005
79 -2100763.0000000005
80 -2099762.0000000005
83 -2098761.0000000005
84 -2097759.0000000005
85 -2096758.0000000005
87 -2095754.0000000005
88 -2094748.0000000005
89 -2093744.0000000005
92 -2092743.0000000005
98 -2091739.0000000005
100 -2090738.0000000005
101 -2089730.0000000005
103 -2088721.0000000005
106 -2087719.0000000005
108 -2086717.0000000005
109 -2085710.0000000005
111 -2084702.0000000005
115 -2083694.0000000005
117 -2082691.0000000005
119 -2081688.0000000005
120 -2080680.0000000005
121 -2079673.0000000005
123 -2078671.0000000005
125 -2077670.0000000005
126 -2076670.0000000005
129 -2075669.0000000005
131 -2074668.0000000005
132 -2073660.0000000005
133 315407.3092173897
412 315416.9435260039
413 315862.2483802602
621 315863.8362148532
622 315870.3230463374
626 316788.7484141843
629 317578.4269016233
726 317589.8449210841
728 317622.0136515675
729 318013.5599894773
732 318295.5171021064
1485 318332.3466402503
1486 318754.4507041916
1914 318755.6137333114
1916 319034.8056318369
2539 319036.7490790035
2540 319170.5853443160
3442 319212.7286222600
3444 319596.7701394390
3493 319603.7758808854
3494 319918.2933799945
3694 319933.5368364753
3696 320726.9833774538
4063 320731.2311684066
4066 321037.0603923980
5191 321051.3089950539
5193 321336.9232810753
5906 321362.0999868471
5907 321569.8456144664
10000 320809.5952334522
evaluations raw_y
1 -2123891.0000000005
2 -2122887.0000000005
5 -2121881.0000000005
7 -2120874.0000000005
10 -2119867.0000000005
13 -2118864.0000000005
15 -2117857.0000000005
20 -2116851.0000000005
21 -2115846.0000000005
27 -2114842.0000000005
29 -2113836.0000000005
30 -2112836.0000000005
31 -2111834.0000000005
35 -2110827.0000000005
36 -2109820.0000000005
39 -2108812.0000000005
40 -2107804.0000000005
43 -2106803.0000000005
45 -2105794.0000000005
47 -2104792.0000000005
49 -2103788.0000000005
51 -2102787.0000000005
52 -2101781.0000000005
54 -2100777.0000000005
55 -2099770.0000000005
56 -2098764.0000000005
58 -2097757.0000000005
59 -2096749.0000000005
61 -2095743.0000000005
62 -2094741.0000000005
63 -2093741.0000000005
65 -2092741.0000000005
66 -2091738.0000000005
67 -2090733.0000000005
70 -2089732.0000000005
72 -2088723.0000000005
76 -2087717.0000000005
77 -2086712.0000000005
79 -2085708.0000000005
80 -2084700.0000000005
81 -2083691.0000000005
83 -2082682.0000000005
84 -2081674.0000000005
85 -2080670.0000000005
86 -2079662.0000000005
87 -2078654.0000000005
89 -2077649.0000000005
90 -2076645.0000000005
93 -2075637.0000000005
94 -2074629.0000000005
95 -2073622.0000000005
96 310960.8642868976
128 310979.9530015012
132 311213.3918112371
136 311237.7048376850
137 311582.2914963362
150 311607.8793138037
152 312492.0900256342
289 312529.4284952100
290 312545.6356351696
291 312835.7391240440
293 313488.9840268203
298 313510.6951498716
299 314439.2587447612
578 314443.9082309148
579 314858.4321786586
782 314874.5128354540
783 315057.9382246640
961 315074.0806428344
962 315754.7166841358
1017 315789.8407952026
1020 315826.6284653432
1412 315826.6532758367
1413 316514.6578828868
1514 316529.3030727401
1515 317077.3870268540
1597 317113.7895170824
1599 317175.7028451239
1796 317189.5978657178
1799 317461.7857902678
2268 317473.0264484509
2270 317796.9713302308
2296 317839.4423112061
2298 318733.5273512386
4034 318740.0316366364
4037 319484.9327731727
4859 319518.2423751352
4862 320117.7249853335
10000 320007.1097598385
evaluations raw_y
1 -2149891.0000000005
2 -2148882.0000000005
3 -2147876.0000000005
4 -2146872.0000000005
5 -2145867.0000000005
6 -2144862.0000000005
11 -2143858.0000000005
12 -2142851.0000000005
13 -2141844.0000000005
14 -2140836.0000000005
16 -2139830.0000000005
20 -2138829.0000000005
21 -2137820.0000000005
22 -2136818.0000000005
25 -2135818.0000000005
26 -2134810.0000000005
28 -2133801.0000000005
31 -2132792.0000000005
33 -2131783.0000000005
34 -2130779.0000000005
36 -2129778.0000000005
40 -2128775.0000000005
44 -2127767.0000000005
46 -2126763.0000000005
47 -2125757.0000000005
49 -2124755.0000000005
51 -2123746.0000000005
53 -2122739.0000000005
55 -2121734.0000000005
60 -2120728.0000000005
61 -2119724.0000000005
63 -2118716.0000000005
66 -2117710.0000000005
69 -2116703.0000000005
70 -2115701.0000000005
71 -2114693.0000000005
72 -2113688.0000000005
75 -2112683.0000000005
81 -2111674.0000000005
82 -2110665.0000000005
83 -2109665.0000000005
84 -2108658.0000000005
85 -2107655.0000000005
89 -2106646.0000000005
90 -2105640.0000000005
93 -2104632.0000000005
94 -2103626.0000000005
98 -2102620.0000000005
100 -2101611.0000000005
101 -2100610.0000000005
103 -2099603.0000000005
106 -2098594.0000000005
107 -2097594.0000000005
110 -2096587.0000000005
111 -2095585.0000000005
112 -2094584.0000000005
115 -2093579.0000000005
118 -2092572.0000000005
123 -2091567.0000000005
125 -2090560.0000000005
127 -2089558.0000000005
128 -2088554.0000000005
129 -2087551.0000000005
130 -2086543.0000000005
132 -2085537.0000000005
133 -2084535.0000000005
134 -2083535.0000000005
136 -2082527.0000000005
137 -2081521.0000000005
140 -2080521.0000000005
142 -2079516.0000000005
148 -2078515.0000000005
150 -2077510.0000000005
151 -2076507.0000000005
152 -2075507.0000000005
154 -2074500.0000000005
156 -2073496.0000000005
158 306781.2171657637
171 306797.1743544685
177 307637.3236354050
367 307638.6540237436
368 308470.0755140717
421 308486.3568817852
422 308726.7478654145
588 308733.9767096566
590 308845.0305796780
779 308845.2074563525
780 309298.3851517416
829 309331.3200383589
831 309909.9202651902
1207 309919.8434611955
1209 310129.1188218170
1578 310145.7140127895
1579 310589.4789459546
1682 310609.9657390363
1683 311579.3109631421
1864 311580.8714981567
1867 312466.4399617649
2058 312501.9220953555
2059 313212.4939177352
2116 313223.3845851725
2121 313818.2263921915
2152 313839.0929140549
2155 314169.5286625765
2251 314177.7863664423
2256 314282.8946566047
2537 314306.6328577928
2538 314336.9895326692
3177 314361.8927192100
3179 314832.6168078472
3502 314844.3843293749
3503 315648.8478408629
3530 315676.0397524753
3532 316329.3939423710
6243 316339.4831217828
6244 317170.5156215928
10000 -2073488.0000000005
evaluations raw_y
1 -2141902.0000000005
5 -2140900.0000000005
7 -2139892.0000000005
8 -2138887.0000000005
9 -2137882.0000000005
10 -2136876.0000000005
11 -2135867.0000000005
12 -2134867.0000000005
13 -2133867.0000000005
15 -2132860.0000000005
16 -2131859.0000000005
20 -2130858.0000000005
21 -2129852.0000000005
23 -2128851.0000000005
24 -2127843.0000000005
25 -2126838.0000000005
29 -2125836.0000000005
30 -2124829.0000000005
31 -2123821.0000000005
32 -2122812.0000000005
33 -2121811.0000000005
34 -2120808.0000000005
37 -2119808.0000000005
38 -2118800.0000000005
44 -2117800.0000000005
45 -2116799.0000000005
46 -2115795.0000000005
47 -2114790.0000000005
48 -2113782.0000000005
49 -2112780.0000000005
50 -2111777.0000000005
51 -2110775.0000000005
53 -2109775.0000000005
54 -2108770.0000000005
56 -2107763.0000000005
57 -2106754.0000000005
59 -2105747.0000000005
64 -2104744.0000000005
65 -2103743.0000000005
66 -2102735.0000000005
67 -2101735.0000000005
70 -2100731.0000000005
73 -2099723.0000000005
75 -2098719.0000000005
78 -2097714.0000000005
79 -2096711.0000000005
82 -2095706.0000000005
91 -2094705.0000000005
92 -2093704.0000000005
93 -2092702.0000000005
96 -2091698.0000000005
97 -2090692.0000000005
98 -2089684.0000000005
102 -2088682.0000000005
103 -2087677.0000000005
106 -2086675.0000000005
112 -2085668.0000000005
113 -2084666.0000000005
114 -2083659.0000000005
119 -2082655.0000000005
123 -2081648.0000000005
124 -2080642.0000000005
125 -2079637.0000000005
126 -2078629.0000000005
127 -2077627.0000000005
128 -2076619.0000000005
130 -2075619.0000000005
133 -2074616.0000000005
136 -2073612.0000000005
139 295071.2296929587
177 295082.8368783686
178 295317.1877578311
229 295326.8189290632
230 295872.3724916173
261 295877.5493326622
262 296345.0546439981
299 296347.5960230976
300 296675.4336338338
556 296675.6467602928
558 297520.4571413815
592 297556.8549841474
593 298528.5613884765
616 298530.9328873478
618 299315.1110079534
729 299326.7214302855
730 299963.5847463896
883 299964.8118889056
884 300611.9471046432
1217 300637.7489574939
1220 300731.2617994846
1436 300742.4425546522
1437 301485.5710128823
1532 301507.0856083642
1534 302463.5210285129
2036 302483.5154381733
2037 302593.3167595354
2421 302618.4314485268
2423 302960.6331567992
2950 302982.7737397144
2953 303517.3497435076
3095 303534.4284885175
3096 304486.9931818917
7197 304497.1114877746
7198 304609.8431162881
10000 304288.3891200490
evaluations raw_y
1 -2165073.0000000005
2 -2164072.0000000005
4 -2163071.0000000005
5 -2162070.0000000005
6 -2161065.0000000005
8 -2160061.0000000005
13 -2159057.0000000005
14 -2158049.0000000005
15 -2157044.0000000005
16 -2156044.0000000005
17 -2155044.0000000005
19 -2154040.0000000005
22 -2153038.0000000005
24 -2152035.0000000005
28 -2151031.0000000005
29 -2150026.0000000005
30 -2149020.0000000005
31 -2148014.0000000005
32 -2147005.0000000005
33 -2146005.0000000005
36 -2144997.0000000005
38 -2143993.0000000005
41 -2142989.0000000005
42 -2141981.0000000005
43 -2140980.0000000005
45 -2139973.0000000005
46 -2138973.0000000005
47 -2137970.0000000005
49 -2136962.0000000005
54 -2135960.0000000005
55 -2134960.0000000005
56 -2133951.0000000005
58 -2132944.0000000005
59 -2131941.0000000005
62 -2130935.0000000005
63 -2129931.0000000005
64 -2128923.0000000005
65 -2127917.0000000005
66 -2126912.0000000005
67 -2125907.0000000005
69 -2124899.0000000005
70 -2123899.0000000005
72 -2122894.0000000005
73 -2121885.0000000005
75 -2120883.0000000005
77 -2119881.0000000005
79 -2118876.0000000005
82 -2117876.0000000005
83 -2116875.0000000005
84 -2115874.0000000005
86 -2114868.0000000005
87 -2113859.0000000005
88 -2112851.0000000005
89 -2111846.0000000005
93 -2110844.0000000005
101 -2109835.0000000005
102 -2108828.0000000005
108 -2107828.0000000005
110 -2106821.0000000005
113 -2105816.0000000005
114 -2104811.0000000005
115 -2103804.0000000005
117 -2102798.0000000005
119 -2101793.0000000005
121 -2100790.0000000005
123 -2099786.0000000005
124 -2098779.0000000005
125 -2097770.0000000005
126 -2096763.0000000005
127 -2095756.0000000005
128 -2094747.0000000005
131 -2093747.0000000005
134 -2092745.0000000005
135 -2091741.0000000005
137 -2090734.0000000005
142 -2089725.0000000005
143 -2088717.0000000005
158 -2087716.0000000005
164 -2086708.0000000005
167 -2085700.0000000005
173 -2084698.0000000005
178 -2083690.0000000005
180 -2082689.0000000005
183 -2081689.0000000005
184 -2080680.0000000005
185 -2079671.0000000005
187 -2078663.0000000005
188 -2077654.0000000005
190 -2076648.0000000005
191 -2075647.0000000005
193 -2074640.0000000005
194 -2073633.0000000005
195 307767.3990190585
310 307802.8845568650
311 308120.4523438440
367 308128.1748669684
371 308894.8525197273
390 308906.0611155872
395 309147.9673985090
454 309181.5965681431
455 309374.7766943204
501 309393.0835604215
502 310187.6534414892
520 310207.8290827972
521 311141.2774736012
561 311141.4131270739
562 311161.0476835934
725 311171.0349674759
726 311361.4962512552
843 311364.4228930718
844 312097.4715944956
1246 312110.7136961226
1248 312167.4143597715
1335 312193.4262407995
1339 312946.0034566204
1798 312954.4874119613
1801 313644.2175119252
2064 313658.6294132861
2067 313971.0611604641
2142 313983.2415501992
2144 314863.6078753100
4233 314864.3596276749
4235 315111.9984637795
5158 315135.0139594217
5159 315609.6833040645
10000 315321.1348396034
evaluations raw_y
1 -2134854.0000000005
3 -2133851.0000000005
5 -2132843.0000000005
7 -2131842.0000000005
8 -2130835.0000000005
12 -2129833.0000000005
13 -2128831.0000000005
15 -2127831.0000000005
16 -2126828.0000000005
21 -2125819.0000000005
24 -2124811.0000000005
26 -2123805.0000000005
31 -2122803.0000000005
32 -2121803.0000000005
33 -2120796.0000000005
34 -2119788.0000000005
37 -2118787.0000000005
38 -2117785.0000000005
39 -2116782.0000000005
40 -2115779.0000000005
45 -2114777.0000000005
48 -2113773.0000000005
49 -2112773.0000000005
51 -2111768.0000000005
52 -2110766.0000000005
54 -2109766.0000000005
57 -2108762.0000000005
61 -2107760.0000000005
62 -2106753.0000000005
64 -2105747.0000000005
70 -2104738.0000000005
71 -2103730.0000000005
75 -2102722.0000000005
76 -2101713.0000000005
77 -2100713.0000000005
80 -2099707.0000000005
81 -2098706.0000000005
87 -2097698.0000000005
88 -2096691.0000000005
89 -2095684.0000000005
92 -2094683.0000000005
95 -2093679.0000000005
99 -2092679.0000000005
104 -2091672.0000000005
106 -2090668.0000000005
107 -2089665.0000000005
109 -2088663.0000000005
110 -2087663.0000000005
112 -2086662.0000000005
115 -2085659.0000000005
120 -2084655.0000000005
126 -2083648.0000000005
129 -2082646.0000000005
130 -2081638.0000000005
133 -2080635.0000000005
136 -2079631.0000000005
138 -2078631.0000000005
144 -2077626.0000000005
146 -2076626.0000000005
147 -2075625.0000000005
149 -2074620.0000000005
150 -2073614.0000000005
152 304150.0103721286
168 304164.8317489647
169 304411.5215791281
212 304425.1255204518
213 305258.9179074541
250 305264.8631178416
251 305530.8595413531
268 305564.5059690695
269 305788.3613258878
318 305801.2522493657
321 306247.9975807043
488 306259.4160856204
490 306361.5895934061
565 306374.2467322280
567 306705.8270919698
580 306727.2005813530
581 307509.6761058888
1293 307518.9764663192
1294 307655.6058728438
1400 307666.2305277472
1402 308357.2467854155
1551 308389.0499083619
1552 308533.9231164089
1829 308555.5810205849
1832 309397.4180463667
1842 309414.7276955383
1845 309670.4795586924
2039 309702.6083023782
2042 310315.9084212468
2909 310348.4337580336
2910 310571.9764352159
3558 310593.3707108262
3559 310698.5883562370
10000 310001.0583782027
