evaluations raw_y
1 -213.0000000000
3 -211.0000000000
4 -185.0000000000
63 -182.0000000000
67 -178.0000000000
110 -176.0000000000
113 -169.0000000000
145 -165.0000000000
187 -163.0000000000
206 -161.0000000000
224 -158.0000000000
275 -156.0000000000
292 -155.0000000000
301 -154.0000000000
307 -153.0000000000
311 -152.0000000000
322 -151.0000000000
341 -150.0000000000
344 -148.0000000000
359 -147.0000000000
364 -146.0000000000
383 -143.0000000000
431 -142.0000000000
444 -140.0000000000
451 -139.0000000000
463 -137.0000000000
488 -134.0000000000
503 -133.0000000000
543 -132.0000000000
548 -131.0000000000
585 -129.0000000000
625 -124.0000000000
654 -122.0000000000
704 -120.0000000000
730 -118.0000000000
748 -117.0000000000
753 -116.0000000000
787 -115.0000000000
821 -113.0000000000
842 -112.0000000000
862 -111.0000000000
890 -110.0000000000
903 -109.0000000000
906 -106.0000000000
947 -105.0000000000
982 -104.0000000000
1010 -103.0000000000
1021 -101.0000000000
1026 -100.0000000000
1056 -98.0000000000
1067 -97.0000000000
1081 -95.0000000000
1141 -94.0000000000
1163 -93.0000000000
1187 -92.0000000000
1198 -90.0000000000
1234 -88.0000000000
1271 -87.0000000000
1282 -86.0000000000
1316 -85.0000000000
1340 -83.0000000000
1342 -81.0000000000
1399 -80.0000000000
1421 -79.0000000000
1434 -77.0000000000
1504 -76.0000000000
1519 -75.0000000000
1547 -74.0000000000
1556 -73.0000000000
1579 -72.0000000000
1592 -70.0000000000
1624 -69.0000000000
1680 -68.0000000000
1717 -67.0000000000
1722 -66.0000000000
1743 -65.0000000000
1783 -64.0000000000
1812 -62.0000000000
1822 -60.0000000000
1915 -59.0000000000
1948 -58.0000000000
1949 -57.0000000000
1992 -55.0000000000
2071 -54.0000000000
2121 -53.0000000000
2154 -52.0000000000
2185 -51.0000000000
2222 -50.0000000000
2235 -49.0000000000
2261 -48.0000000000
2308 -47.0000000000
2323 -45.0000000000
2362 -44.0000000000
2389 -43.0000000000
2430 -41.0000000000
2433 -40.0000000000
2485 -39.0000000000
2504 -38.0000000000
2585 -37.0000000000
2596 -36.0000000000
2654 -35.0000000000
2729 -34.0000000000
2793 -32.0000000000
2819 -31.0000000000
2826 -30.0000000000
2880 -29.0000000000
2928 -28.0000000000
2966 -27.0000000000
2984 -26.0000000000
2993 -25.0000000000
3076 -24.0000000000
3097 -23.0000000000
3110 -22.0000000000
3154 -21.0000000000
3198 -20.0000000000
3231 -19.0000000000
3274 -18.0000000000
3350 -17.0000000000
3356 -16.0000000000
3431 -15.0000000000
3456 -14.0000000000
3503 -13.0000000000
3507 -12.0000000000
3542 -11.0000000000
3598 -10.0000000000
3632 -9.0000000000
3712 -8.0000000000
3832 -7.0000000000
3906 -6.0000000000
3992 -4.0000000000
4087 -3.0000000000
4158 -2.0000000000
4235 -1.0000000000
4302 391.0000000000
4373 395.0000000000
4431 407.0000000000
5173 410.0000000000
6077 413.0000000000
6131 414.0000000000
6329 420.0000000000
7512 421.0000000000
8330 422.0000000000
10020 -2.0000000000
evaluations raw_y
1 -214.0000000000
4 -209.0000000000
6 -207.0000000000
15 -205.0000000000
17 -201.0000000000
24 -197.0000000000
47 -192.0000000000
64 -184.0000000000
103 -181.0000000000
116 -173.0000000000
143 -171.0000000000
183 -169.0000000000
222 -162.0000000000
245 -160.0000000000
252 -157.0000000000
262 -151.0000000000
279 -150.0000000000
303 -144.0000000000
368 -142.0000000000
396 -139.0000000000
406 -138.0000000000
421 -137.0000000000
427 -135.0000000000
445 -130.0000000000
507 -128.0000000000
517 -127.0000000000
531 -125.0000000000
538 -123.0000000000
555 -122.0000000000
573 -120.0000000000
590 -119.0000000000
623 -118.0000000000
632 -116.0000000000
638 -115.0000000000
664 -114.0000000000
676 -109.0000000000
716 -108.0000000000
748 -107.0000000000
773 -106.0000000000
782 -105.0000000000
794 -104.0000000000
835 -102.0000000000
844 -99.0000000000
867 -98.0000000000
902 -97.0000000000
921 -96.0000000000
943 -95.0000000000
950 -93.0000000000
990 -90.0000000000
1070 -89.0000000000
1108 -87.0000000000
1148 -85.0000000000
1153 -84.0000000000
1234 -83.0000000000
1277 -82.0000000000
1303 -81.0000000000
1332 -80.0000000000
1349 -79.0000000000
1358 -76.0000000000
1393 -75.0000000000
1432 -74.0000000000
1476 -73.0000000000
1498 -72.0000000000
1532 -71.0000000000
1547 -70.0000000000
1566 -69.0000000000
1583 -68.0000000000
1629 -67.0000000000
1668 -66.0000000000
1669 -65.0000000000
1706 -64.0000000000
1747 -63.0000000000
1750 -62.0000000000
1790 -61.0000000000
1814 -60.0000000000
1836 -59.0000000000
1866 -58.0000000000
1879 -56.0000000000
1964 -55.0000000000
1968 -54.0000000000
1986 -53.0000000000
2033 -52.0000000000
2064 -51.0000000000
2072 -50.0000000000
2105 -49.0000000000
2144 -47.0000000000
2184 -45.0000000000
2231 -44.0000000000
2251 -43.0000000000
2276 -42.0000000000
2302 -40.0000000000
2391 -39.0000000000
2420 -37.0000000000
2467 -35.0000000000
2514 -33.0000000000
2584 -32.0000000000
2655 -31.0000000000
2668 -30.0000000000
2746 -29.0000000000
2782 -28.0000000000
2812 -27.0000000000
2896 -26.0000000000
2927 -25.0000000000
2955 -24.0000000000
3032 -23.0000000000
3040 -22.0000000000
3104 -21.0000000000
3168 -20.0000000000
3215 -19.0000000000
3225 -18.0000000000
3289 -17.0000000000
3355 -15.0000000000
3441 -14.0000000000
3480 -13.0000000000
3544 -12.0000000000
3594 -10.0000000000
3710 -8.0000000000
3797 -7.0000000000
3876 -6.0000000000
3924 -5.0000000000
3982 -4.0000000000
4018 -3.0000000000
4034 -2.0000000000
4275 -1.0000000000
4361 394.0000000000
4447 395.0000000000
4550 404.0000000000
4914 409.0000000000
5954 410.0000000000
6288 412.0000000000
6301 413.0000000000
8758 414.0000000000
8868 416.0000000000
9566 417.0000000000
10020 -1.0000000000
evaluations raw_y
1 -204.0000000000
3 -203.0000000000
4 -195.0000000000
21 -192.0000000000
26 -187.0000000000
35 -185.0000000000
66 -180.0000000000
101 -172.0000000000
135 -170.0000000000
153 -168.0000000000
155 -164.0000000000
195 -157.0000000000
207 -148.0000000000
236 -145.0000000000
265 -143.0000000000
313 -141.0000000000
326 -139.0000000000
341 -138.0000000000
363 -135.0000000000
415 -134.0000000000
423 -129.0000000000
474 -126.0000000000
503 -121.0000000000
561 -120.0000000000
582 -118.0000000000
595 -117.0000000000
621 -115.0000000000
643 -112.0000000000
670 -111.0000000000
701 -108.0000000000
783 -107.0000000000
786 -104.0000000000
821 -103.0000000000
865 -100.0000000000
946 -96.0000000000
1048 -94.0000000000
1067 -93.0000000000
1108 -92.0000000000
1117 -90.0000000000
1154 -89.0000000000
1174 -88.0000000000
1189 -86.0000000000
1235 -85.0000000000
1264 -84.0000000000
1287 -82.0000000000
1306 -80.0000000000
1381 -78.0000000000
1391 -77.0000000000
1439 -76.0000000000
1463 -74.0000000000
1507 -73.0000000000
1509 -72.0000000000
1550 -71.0000000000
1553 -70.0000000000
1598 -68.0000000000
1651 -67.0000000000
1664 -64.0000000000
1740 -63.0000000000
1755 -60.0000000000
1819 -59.0000000000
1836 -58.0000000000
1941 -57.0000000000
1965 -56.0000000000
2020 -55.0000000000
2038 -54.0000000000
2067 -53.0000000000
2074 -52.0000000000
2121 -51.0000000000
2192 -49.0000000000
2247 -48.0000000000
2262 -47.0000000000
2302 -46.0000000000
2357 -45.0000000000
2370 -44.0000000000
2418 -43.0000000000
2438 -42.0000000000
2476 -40.0000000000
2530 -39.0000000000
2533 -38.0000000000
2628 -37.0000000000
2672 -36.0000000000
2676 -35.0000000000
2723 -34.0000000000
2747 -33.0000000000
2813 -32.0000000000
2870 -31.0000000000
2903 -30.0000000000
2986 -29.0000000000
3034 -28.0000000000
3041 -27.0000000000
3069 -26.0000000000
3119 -25.0000000000
3168 -24.0000000000
3191 -23.0000000000
3196 -22.0000000000
3268 -21.0000000000
3289 -19.0000000000
3375 -18.0000000000
3390 -17.0000000000
3460 -16.0000000000
3509 -14.0000000000
3592 -13.0000000000
3632 -12.0000000000
3654 -11.0000000000
3710 -9.0000000000
3749 -6.0000000000
3865 -4.0000000000
3902 -3.0000000000
3963 -2.0000000000
3985 -1.0000000000
4096 387.0000000000
4332 401.0000000000
4449 409.0000000000
4584 412.0000000000
4900 413.0000000000
5401 414.0000000000
6226 416.0000000000
6329 417.0000000000
10020 -1.0000000000
evaluations raw_y
1 -204.0000000000
18 -202.0000000000
28 -201.0000000000
35 -198.0000000000
49 -191.0000000000
63 -187.0000000000
70 -179.0000000000
105 -178.0000000000
113 -177.0000000000
139 -174.0000000000
143 -171.0000000000
146 -161.0000000000
181 -159.0000000000
223 -153.0000000000
254 -151.0000000000
282 -148.0000000000
311 -147.0000000000
317 -145.0000000000
320 -142.0000000000
325 -139.0000000000
349 -137.0000000000
370 -133.0000000000
386 -132.0000000000
400 -131.0000000000
423 -127.0000000000
461 -126.0000000000
475 -125.0000000000
491 -123.0000000000
509 -121.0000000000
514 -119.0000000000
566 -118.0000000000
583 -115.0000000000
623 -114.0000000000
625 -113.0000000000
665 -112.0000000000
668 -108.0000000000
717 -107.0000000000
744 -105.0000000000
771 -104.0000000000
783 -102.0000000000
804 -101.0000000000
830 -98.0000000000
899 -97.0000000000
946 -95.0000000000
992 -93.0000000000
1022 -92.0000000000
1040 -89.0000000000
1100 -88.0000000000
1135 -87.0000000000
1145 -86.0000000000
1167 -85.0000000000
1199 -84.0000000000
1235 -83.0000000000
1261 -81.0000000000
1316 -80.0000000000
1345 -79.0000000000
1368 -78.0000000000
1387 -77.0000000000
1422 -76.0000000000
1471 -73.0000000000
1515 -71.0000000000
1556 -70.0000000000
1564 -69.0000000000
1585 -68.0000000000
1621 -66.0000000000
1656 -65.0000000000
1661 -64.0000000000
1703 -61.0000000000
1766 -59.0000000000
1836 -58.0000000000
1839 -57.0000000000
1877 -56.0000000000
1922 -55.0000000000
1958 -54.0000000000
1965 -51.0000000000
2029 -50.0000000000
2063 -48.0000000000
2116 -47.0000000000
2145 -46.0000000000
2182 -44.0000000000
2227 -43.0000000000
2280 -42.0000000000
2315 -41.0000000000
2363 -40.0000000000
2366 -39.0000000000
2371 -38.0000000000
2462 -37.0000000000
2470 -36.0000000000
2506 -35.0000000000
2542 -34.0000000000
2559 -33.0000000000
2585 -32.0000000000
2628 -31.0000000000
2668 -30.0000000000
2708 -29.0000000000
2761 -28.0000000000
2764 -27.0000000000
2783 -26.0000000000
2851 -25.0000000000
2899 -24.0000000000
2933 -23.0000000000
2960 -22.0000000000
2963 -21.0000000000
3058 -20.0000000000
3063 -19.0000000000
3118 -18.0000000000
3189 -17.0000000000
3223 -16.0000000000
3301 -15.0000000000
3323 -14.0000000000
3352 -13.0000000000
3381 -12.0000000000
3468 -11.0000000000
3546 -10.0000000000
3578 -9.0000000000
3632 -8.0000000000
3701 -7.0000000000
3757 -6.0000000000
3790 -5.0000000000
3901 -4.0000000000
4007 -3.0000000000
4065 -2.0000000000
4082 -1.0000000000
4402 384.0000000000
4417 389.0000000000
4435 398.0000000000
4763 404.0000000000
5491 408.0000000000
6875 412.0000000000
6977 414.0000000000
6995 416.0000000000
7231 418.0000000000
8128 419.0000000000
8264 422.0000000000
8463 425.0000000000
10020 -2.0000000000
evaluations raw_y
1 -211.0000000000
2 -205.0000000000
13 -188.0000000000
54 -187.0000000000
70 -185.0000000000
73 -183.0000000000
76 -174.0000000000
137 -170.0000000000
148 -163.0000000000
214 -155.0000000000
238 -154.0000000000
272 -152.0000000000
310 -151.0000000000
313 -150.0000000000
333 -149.0000000000
343 -148.0000000000
347 -146.0000000000
365 -144.0000000000
387 -143.0000000000
395 -140.0000000000
421 -137.0000000000
465 -135.0000000000
495 -132.0000000000
539 -129.0000000000
552 -128.0000000000
586 -126.0000000000
593 -121.0000000000
655 -120.0000000000
670 -117.0000000000
743 -115.0000000000
777 -114.0000000000
788 -113.0000000000
824 -112.0000000000
828 -111.0000000000
832 -110.0000000000
864 -109.0000000000
872 -108.0000000000
902 -107.0000000000
903 -106.0000000000
943 -105.0000000000
948 -100.0000000000
992 -99.0000000000
1019 -98.0000000000
1045 -96.0000000000
1073 -95.0000000000
1105 -91.0000000000
1151 -88.0000000000
1190 -85.0000000000
1224 -84.0000000000
1242 -83.0000000000
1289 -82.0000000000
1299 -81.0000000000
1345 -80.0000000000
1359 -79.0000000000
1373 -78.0000000000
1401 -77.0000000000
1445 -76.0000000000
1469 -75.0000000000
1471 -74.0000000000
1506 -73.0000000000
1542 -72.0000000000
1588 -71.0000000000
1621 -70.0000000000
1652 -69.0000000000
1676 -67.0000000000
1718 -66.0000000000
1741 -65.0000000000
1779 -64.0000000000
1809 -63.0000000000
1825 -62.0000000000
1862 -60.0000000000
1907 -59.0000000000
1952 -57.0000000000
1984 -55.0000000000
2019 -54.0000000000
2063 -53.0000000000
2081 -51.0000000000
2145 -50.0000000000
2165 -48.0000000000
2217 -47.0000000000
2262 -45.0000000000
2354 -44.0000000000
2358 -43.0000000000
2425 -42.0000000000
2429 -41.0000000000
2450 -39.0000000000
2502 -38.0000000000
2539 -37.0000000000
2581 -36.0000000000
2615 -35.0000000000
2676 -34.0000000000
2744 -33.0000000000
2789 -31.0000000000
2838 -30.0000000000
2908 -29.0000000000
2918 -28.0000000000
2991 -27.0000000000
3025 -25.0000000000
3104 -24.0000000000
3128 -23.0000000000
3165 -22.0000000000
3213 -21.0000000000
3235 -20.0000000000
3313 -19.0000000000
3315 -18.0000000000
3411 -17.0000000000
3454 -16.0000000000
3480 -15.0000000000
3527 -14.0000000000
3625 -12.0000000000
3703 -11.0000000000
3775 -10.0000000000
3856 -9.0000000000
3903 -8.0000000000
3929 -7.0000000000
3943 -6.0000000000
4050 -5.0000000000
4066 -4.0000000000
4113 -3.0000000000
4310 -2.0000000000
4367 -1.0000000000
4435 403.0000000000
4502 405.0000000000
4672 408.0000000000
4937 413.0000000000
4994 414.0000000000
8229 419.0000000000
10020 417.0000000000
evaluations raw_y
1 -224.0000000000
2 -217.0000000000
3 -209.0000000000
8 -203.0000000000
12 -190.0000000000
15 -187.0000000000
62 -186.0000000000
65 -184.0000000000
71 -179.0000000000
102 -178.0000000000
108 -171.0000000000
113 -170.0000000000
150 -167.0000000000
173 -160.0000000000
188 -157.0000000000
234 -156.0000000000
256 -153.0000000000
263 -152.0000000000
273 -147.0000000000
330 -146.0000000000
343 -145.0000000000
367 -143.0000000000
382 -142.0000000000
399 -136.0000000000
461 -135.0000000000
463 -134.0000000000
487 -133.0000000000
493 -131.0000000000
532 -129.0000000000
553 -128.0000000000
561 -127.0000000000
583 -125.0000000000
629 -124.0000000000
631 -123.0000000000
642 -122.0000000000
643 -121.0000000000
664 -120.0000000000
702 -118.0000000000
749 -116.0000000000
766 -115.0000000000
791 -114.0000000000
828 -113.0000000000
866 -111.0000000000
911 -110.0000000000
946 -109.0000000000
951 -108.0000000000
974 -105.0000000000
1046 -102.0000000000
1091 -100.0000000000
1103 -99.0000000000
1111 -98.0000000000
1183 -97.0000000000
1195 -94.0000000000
1268 -93.0000000000
1312 -92.0000000000
1346 -91.0000000000
1354 -89.0000000000
1385 -88.0000000000
1432 -87.0000000000
1463 -86.0000000000
1486 -85.0000000000
1556 -83.0000000000
1569 -80.0000000000
1613 -79.0000000000
1654 -78.0000000000
1661 -76.0000000000
1732 -75.0000000000
1753 -74.0000000000
1774 -73.0000000000
1781 -71.0000000000
1854 -70.0000000000
1903 -68.0000000000
1937 -67.0000000000
1945 -66.0000000000
1984 -65.0000000000
2031 -64.0000000000
2063 -61.0000000000
2108 -59.0000000000
2156 -58.0000000000
2193 -57.0000000000
2224 -56.0000000000
2231 -55.0000000000
2262 -54.0000000000
2318 -53.0000000000
2330 -52.0000000000
2349 -51.0000000000
2372 -50.0000000000
2382 -49.0000000000
2431 -48.0000000000
2506 -47.0000000000
2589 -46.0000000000
2610 -45.0000000000
2681 -44.0000000000
2715 -43.0000000000
2761 -42.0000000000
2796 -41.0000000000
2844 -40.0000000000
2893 -38.0000000000
2954 -37.0000000000
2998 -36.0000000000
3002 -35.0000000000
3022 -34.0000000000
3068 -33.0000000000
3108 -32.0000000000
3158 -30.0000000000
3197 -29.0000000000
3236 -28.0000000000
3239 -27.0000000000
3281 -26.0000000000
3329 -25.0000000000
3383 -24.0000000000
3395 -23.0000000000
3473 -22.0000000000
3483 -21.0000000000
3530 -20.0000000000
3590 -19.0000000000
3629 -18.0000000000
3667 -17.0000000000
3742 -16.0000000000
3802 -14.0000000000
3850 -13.0000000000
3876 -12.0000000000
3915 -11.0000000000
4068 -10.0000000000
4146 -9.0000000000
4200 -8.0000000000
4264 -7.0000000000
4355 -6.0000000000
4422 -5.0000000000
4503 -4.0000000000
4543 -3.0000000000
4800 -2.0000000000
4821 -1.0000000000
4908 388.0000000000
4996 389.0000000000
5066 394.0000000000
5424 396.0000000000
5483 399.0000000000
5584 405.0000000000
5729 406.0000000000
5755 409.0000000000
5795 412.0000000000
7220 414.0000000000
9602 420.0000000000
10020 -1.0000000000
evaluations raw_y
1 -211.0000000000
4 -208.0000000000
5 -202.0000000000
14 -201.0000000000
25 -200.0000000000
48 -197.0000000000
50 -187.0000000000
68 -186.0000000000
74 -184.0000000000
105 -181.0000000000
119 -179.0000000000
121 -169.0000000000
149 -168.0000000000
181 -166.0000000000
207 -165.0000000000
217 -163.0000000000
225 -161.0000000000
232 -148.0000000000
302 -147.0000000000
308 -142.0000000000
311 -141.0000000000
342 -137.0000000000
344 -134.0000000000
350 -133.0000000000
385 -132.0000000000
389 -121.0000000000
449 -110.0000000000
522 -109.0000000000
564 -108.0000000000
577 -106.0000000000
582 -104.0000000000
646 -103.0000000000
669 -102.0000000000
673 -101.0000000000
688 -100.0000000000
708 -98.0000000000
748 -97.0000000000
783 -96.0000000000
805 -95.0000000000
825 -94.0000000000
881 -92.0000000000
901 -90.0000000000
941 -89.0000000000
971 -86.0000000000
1034 -85.0000000000
1036 -84.0000000000
1062 -83.0000000000
1083 -82.0000000000
1110 -78.0000000000
1144 -77.0000000000
1216 -75.0000000000
1241 -72.0000000000
1305 -70.0000000000
1356 -69.0000000000
1388 -67.0000000000
1392 -66.0000000000
1437 -65.0000000000
1442 -64.0000000000
1474 -63.0000000000
1484 -62.0000000000
1543 -60.0000000000
1584 -56.0000000000
1662 -55.0000000000
1671 -53.0000000000
1741 -52.0000000000
1783 -51.0000000000
1812 -50.0000000000
1834 -48.0000000000
1879 -47.0000000000
1901 -46.0000000000
1958 -45.0000000000
1988 -44.0000000000
2028 -43.0000000000
2042 -42.0000000000
2055 -40.0000000000
2108 -39.0000000000
2147 -37.0000000000
2189 -36.0000000000
2280 -35.0000000000
2289 -34.0000000000
2307 -33.0000000000
2347 -32.0000000000
2390 -30.0000000000
2434 -29.0000000000
2470 -28.0000000000
2688 -27.0000000000
2701 -26.0000000000
2772 -25.0000000000
2824 -24.0000000000
2908 -23.0000000000
2927 -22.0000000000
2947 -21.0000000000
2981 -20.0000000000
3029 -19.0000000000
3034 -17.0000000000
3146 -16.0000000000
3240 -15.0000000000
3272 -14.0000000000
3313 -13.0000000000
3346 -12.0000000000
3404 -11.0000000000
3481 -10.0000000000
3533 -9.0000000000
3572 -7.0000000000
3660 -5.0000000000
3697 -4.0000000000
3893 -3.0000000000
3991 -2.0000000000
4139 -1.0000000000
4186 383.0000000000
4219 394.0000000000
4329 396.0000000000
4397 398.0000000000
4525 399.0000000000
4549 403.0000000000
4591 404.0000000000
4606 407.0000000000
4680 409.0000000000
5502 413.0000000000
5565 415.0000000000
7303 418.0000000000
9929 419.0000000000
10020 -4.0000000000
evaluations raw_y
1 -220.0000000000
2 -218.0000000000
3 -216.0000000000
4 -212.0000000000
5 -205.0000000000
11 -203.0000000000
15 -201.0000000000
24 -198.0000000000
27 -193.0000000000
70 -190.0000000000
93 -189.0000000000
102 -181.0000000000
111 -178.0000000000
127 -177.0000000000
149 -167.0000000000
183 -165.0000000000
208 -162.0000000000
222 -160.0000000000
230 -158.0000000000
251 -157.0000000000
253 -150.0000000000
304 -147.0000000000
305 -146.0000000000
341 -142.0000000000
382 -137.0000000000
405 -135.0000000000
436 -133.0000000000
472 -132.0000000000
477 -130.0000000000
506 -127.0000000000
560 -125.0000000000
585 -123.0000000000
597 -122.0000000000
634 -121.0000000000
650 -120.0000000000
669 -119.0000000000
675 -118.0000000000
703 -116.0000000000
747 -112.0000000000
823 -111.0000000000
833 -110.0000000000
865 -106.0000000000
904 -104.0000000000
976 -103.0000000000
985 -102.0000000000
1021 -101.0000000000
1024 -100.0000000000
1056 -99.0000000000
1084 -97.0000000000
1111 -95.0000000000
1170 -93.0000000000
1178 -91.0000000000
1242 -89.0000000000
1264 -88.0000000000
1269 -87.0000000000
1334 -86.0000000000
1365 -85.0000000000
1390 -84.0000000000
1391 -83.0000000000
1457 -82.0000000000
1465 -80.0000000000
1526 -79.0000000000
1539 -78.0000000000
1555 -77.0000000000
1594 -74.0000000000
1637 -73.0000000000
1674 -72.0000000000
1700 -71.0000000000
1724 -70.0000000000
1747 -69.0000000000
1782 -68.0000000000
1792 -67.0000000000
1852 -66.0000000000
1892 -64.0000000000
1929 -63.0000000000
1950 -61.0000000000
1996 -60.0000000000
2002 -58.0000000000
2076 -57.0000000000
2109 -56.0000000000
2141 -55.0000000000
2168 -54.0000000000
2184 -52.0000000000
2254 -50.0000000000
2268 -49.0000000000
2337 -48.0000000000
2386 -47.0000000000
2410 -46.0000000000
2438 -45.0000000000
2474 -44.0000000000
2477 -43.0000000000
2501 -42.0000000000
2541 -41.0000000000
2592 -40.0000000000
2623 -39.0000000000
2659 -38.0000000000
2712 -36.0000000000
2743 -35.0000000000
2790 -34.0000000000
2824 -31.0000000000
2875 -30.0000000000
2931 -29.0000000000
2943 -28.0000000000
3031 -27.0000000000
3143 -26.0000000000
3198 -25.0000000000
3261 -23.0000000000
3355 -22.0000000000
3405 -21.0000000000
3430 -20.0000000000
3509 -19.0000000000
3542 -18.0000000000
3646 -17.0000000000
3684 -16.0000000000
3713 -15.0000000000
3757 -14.0000000000
3821 -13.0000000000
3887 -12.0000000000
3913 -10.0000000000
3953 -9.0000000000
3991 -8.0000000000
4114 -7.0000000000
4206 -6.0000000000
4317 -5.0000000000
4385 -4.0000000000
4453 -2.0000000000
4586 -1.0000000000
4668 377.0000000000
4769 391.0000000000
4843 397.0000000000
4940 399.0000000000
5014 405.0000000000
5337 408.0000000000
5451 409.0000000000
5482 412.0000000000
6665 414.0000000000
7271 418.0000000000
10020 418.0000000000
evaluations raw_y
1 -223.0000000000
3 -208.0000000000
5 -207.0000000000
6 -202.0000000000
42 -201.0000000000
47 -191.0000000000
72 -189.0000000000
73 -187.0000000000
99 -178.0000000000
122 -177.0000000000
129 -175.0000000000
141 -172.0000000000
148 -171.0000000000
175 -169.0000000000
182 -167.0000000000
184 -166.0000000000
194 -160.0000000000
235 -159.0000000000
246 -156.0000000000
270 -154.0000000000
281 -151.0000000000
285 -150.0000000000
289 -149.0000000000
312 -147.0000000000
321 -138.0000000000
369 -137.0000000000
382 -136.0000000000
397 -134.0000000000
440 -133.0000000000
471 -131.0000000000
482 -129.0000000000
502 -127.0000000000
537 -125.0000000000
545 -121.0000000000
601 -120.0000000000
634 -119.0000000000
650 -117.0000000000
675 -116.0000000000
701 -114.0000000000
725 -113.0000000000
764 -111.0000000000
793 -110.0000000000
831 -109.0000000000
860 -108.0000000000
867 -107.0000000000
897 -106.0000000000
902 -105.0000000000
927 -104.0000000000
952 -103.0000000000
984 -101.0000000000
1042 -100.0000000000
1105 -99.0000000000
1116 -97.0000000000
1163 -95.0000000000
1188 -93.0000000000
1224 -92.0000000000
1261 -91.0000000000
1275 -89.0000000000
1315 -88.0000000000
1341 -87.0000000000
1373 -85.0000000000
1384 -84.0000000000
1401 -81.0000000000
1477 -78.0000000000
1512 -77.0000000000
1542 -76.0000000000
1568 -75.0000000000
1584 -74.0000000000
1627 -70.0000000000
1718 -69.0000000000
1743 -68.0000000000
1749 -67.0000000000
1821 -66.0000000000
1863 -65.0000000000
1873 -64.0000000000
1911 -61.0000000000
1991 -60.0000000000
1993 -58.0000000000
2073 -57.0000000000
2091 -56.0000000000
2105 -55.0000000000
2146 -53.0000000000
2195 -52.0000000000
2206 -51.0000000000
2263 -50.0000000000
2282 -49.0000000000
2321 -48.0000000000
2360 -47.0000000000
2421 -46.0000000000
2457 -45.0000000000
2465 -44.0000000000
2505 -42.0000000000
2585 -40.0000000000
2626 -38.0000000000
2728 -37.0000000000
2749 -36.0000000000
2764 -35.0000000000
2801 -33.0000000000
2862 -32.0000000000
2901 -31.0000000000
2922 -30.0000000000
2948 -28.0000000000
3006 -27.0000000000
3023 -25.0000000000
3090 -24.0000000000
3107 -22.0000000000
3115 -21.0000000000
3181 -20.0000000000
3223 -19.0000000000
3346 -18.0000000000
3428 -17.0000000000
3438 -16.0000000000
3476 -15.0000000000
3555 -14.0000000000
3566 -13.0000000000
3665 -12.0000000000
3747 -11.0000000000
3823 -10.0000000000
3902 -9.0000000000
3983 -8.0000000000
4026 -7.0000000000
4079 -6.0000000000
4097 -5.0000000000
4146 -3.0000000000
4234 -2.0000000000
4273 -1.0000000000
4346 364.0000000000
4368 374.0000000000
4421 375.0000000000
4662 388.0000000000
4909 399.0000000000
5059 401.0000000000
5079 403.0000000000
5148 405.0000000000
5244 406.0000000000
5741 408.0000000000
5862 415.0000000000
5976 418.0000000000
8383 419.0000000000
8692 421.0000000000
9629 423.0000000000
9842 427.0000000000
10020 -1.0000000000
evaluations raw_y
1 -223.0000000000
3 -220.0000000000
5 -210.0000000000
12 -198.0000000000
21 -187.0000000000
68 -186.0000000000
72 -177.0000000000
107 -173.0000000000
187 -164.0000000000
215 -161.0000000000
221 -159.0000000000
272 -153.0000000000
337 -151.0000000000
342 -150.0000000000
345 -149.0000000000
382 -145.0000000000
388 -144.0000000000
400 -143.0000000000
423 -138.0000000000
469 -137.0000000000
501 -135.0000000000
527 -134.0000000000
541 -133.0000000000
543 -130.0000000000
563 -126.0000000000
586 -125.0000000000
606 -124.0000000000
621 -122.0000000000
675 -121.0000000000
692 -120.0000000000
718 -118.0000000000
751 -117.0000000000
753 -116.0000000000
801 -114.0000000000
824 -113.0000000000
863 -110.0000000000
869 -109.0000000000
947 -108.0000000000
951 -107.0000000000
1004 -106.0000000000
1041 -105.0000000000
1051 -104.0000000000
1061 -103.0000000000
1107 -101.0000000000
1146 -100.0000000000
1164 -99.0000000000
1196 -98.0000000000
1223 -97.0000000000
1261 -96.0000000000
1273 -95.0000000000
1290 -94.0000000000
1316 -93.0000000000
1331 -91.0000000000
1392 -90.0000000000
1397 -88.0000000000
1454 -86.0000000000
1505 -85.0000000000
1514 -84.0000000000
1542 -83.0000000000
1543 -81.0000000000
1583 -80.0000000000
1627 -79.0000000000
1672 -78.0000000000
1712 -77.0000000000
1764 -75.0000000000
1800 -74.0000000000
1820 -73.0000000000
1865 -72.0000000000
1898 -71.0000000000
1925 -70.0000000000
1973 -69.0000000000
2000 -68.0000000000
2026 -66.0000000000
2085 -65.0000000000
2129 -63.0000000000
2146 -62.0000000000
2149 -61.0000000000
2202 -60.0000000000
2205 -59.0000000000
2207 -58.0000000000
2266 -57.0000000000
2313 -55.0000000000
2318 -53.0000000000
2384 -52.0000000000
2425 -51.0000000000
2428 -50.0000000000
2494 -49.0000000000
2508 -48.0000000000
2518 -47.0000000000
2587 -46.0000000000
2590 -45.0000000000
2625 -44.0000000000
2682 -43.0000000000
2706 -42.0000000000
2760 -40.0000000000
2772 -39.0000000000
2824 -38.0000000000
2835 -37.0000000000
2863 -36.0000000000
2941 -35.0000000000
2998 -34.0000000000
3013 -33.0000000000
3029 -32.0000000000
3100 -31.0000000000
3160 -29.0000000000
3230 -28.0000000000
3244 -27.0000000000
3301 -26.0000000000
3304 -25.0000000000
3370 -24.0000000000
3394 -21.0000000000
3475 -20.0000000000
3546 -19.0000000000
3583 -18.0000000000
3613 -17.0000000000
3694 -16.0000000000
3713 -15.0000000000
3745 -14.0000000000
3762 -13.0000000000
3785 -11.0000000000
3882 -10.0000000000
3951 -9.0000000000
4021 -8.0000000000
4115 -7.0000000000
4219 -6.0000000000
4277 -5.0000000000
4338 -4.0000000000
4432 -3.0000000000
4454 -2.0000000000
4587 -1.0000000000
4631 402.0000000000
4822 403.0000000000
6176 411.0000000000
6786 414.0000000000
7391 421.0000000000
7474 424.0000000000
7709 426.0000000000
10020 -3.0000000000
evaluations raw_y
1 -218.0000000000
2 -209.0000000000
7 -201.0000000000
12 -194.0000000000
58 -192.0000000000
63 -191.0000000000
65 -187.0000000000
69 -183.0000000000
105 -181.0000000000
115 -180.0000000000
145 -174.0000000000
166 -172.0000000000
182 -169.0000000000
189 -167.0000000000
191 -165.0000000000
233 -164.0000000000
235 -161.0000000000
243 -156.0000000000
267 -154.0000000000
312 -151.0000000000
324 -150.0000000000
332 -148.0000000000
347 -145.0000000000
382 -144.0000000000
394 -143.0000000000
397 -142.0000000000
420 -141.0000000000
422 -138.0000000000
432 -137.0000000000
453 -136.0000000000
479 -131.0000000000
521 -130.0000000000
527 -125.0000000000
577 -124.0000000000
583 -122.0000000000
603 -121.0000000000
625 -119.0000000000
676 -118.0000000000
702 -117.0000000000
704 -116.0000000000
715 -115.0000000000
744 -113.0000000000
765 -111.0000000000
782 -108.0000000000
840 -106.0000000000
866 -105.0000000000
901 -103.0000000000
914 -100.0000000000
979 -98.0000000000
984 -96.0000000000
1034 -95.0000000000
1065 -94.0000000000
1102 -93.0000000000
1123 -92.0000000000
1135 -91.0000000000
1146 -90.0000000000
1182 -89.0000000000
1212 -87.0000000000
1230 -85.0000000000
1247 -84.0000000000
1292 -82.0000000000
1357 -81.0000000000
1360 -80.0000000000
1381 -79.0000000000
1387 -78.0000000000
1394 -76.0000000000
1478 -75.0000000000
1482 -74.0000000000
1514 -73.0000000000
1542 -72.0000000000
1552 -71.0000000000
1622 -70.0000000000
1634 -68.0000000000
1674 -67.0000000000
1677 -66.0000000000
1741 -64.0000000000
1794 -63.0000000000
1831 -61.0000000000
1871 -60.0000000000
1905 -59.0000000000
1990 -57.0000000000
2073 -55.0000000000
2110 -54.0000000000
2113 -53.0000000000
2152 -52.0000000000
2185 -51.0000000000
2250 -49.0000000000
2302 -48.0000000000
2315 -47.0000000000
2372 -46.0000000000
2399 -45.0000000000
2415 -44.0000000000
2440 -43.0000000000
2475 -42.0000000000
2544 -41.0000000000
2573 -40.0000000000
2614 -39.0000000000
2637 -38.0000000000
2669 -37.0000000000
2702 -36.0000000000
2728 -34.0000000000
2838 -33.0000000000
2881 -32.0000000000
2912 -31.0000000000
2977 -30.0000000000
2998 -28.0000000000
3032 -27.0000000000
3042 -26.0000000000
3069 -25.0000000000
3107 -23.0000000000
3207 -22.0000000000
3238 -21.0000000000
3251 -20.0000000000
3315 -19.0000000000
3388 -18.0000000000
3425 -17.0000000000
3436 -16.0000000000
3573 -15.0000000000
3641 -14.0000000000
3654 -13.0000000000
3689 -12.0000000000
3701 -11.0000000000
3743 -10.0000000000
3806 -9.0000000000
3884 -8.0000000000
3911 -7.0000000000
4032 -6.0000000000
4101 -5.0000000000
4231 -4.0000000000
4536 -3.0000000000
4581 -2.0000000000
4662 -1.0000000000
4719 377.0000000000
4813 392.0000000000
5381 393.0000000000
5564 394.0000000000
5969 397.0000000000
6303 403.0000000000
7070 405.0000000000
7470 409.0000000000
8625 411.0000000000
8915 412.0000000000
10020 -2.0000000000
evaluations raw_y
1 -228.0000000000
2 -225.0000000000
3 -212.0000000000
4 -210.0000000000
5 -202.0000000000
26 -199.0000000000
38 -192.0000000000
62 -179.0000000000
117 -175.0000000000
147 -174.0000000000
154 -173.0000000000
159 -171.0000000000
176 -170.0000000000
184 -169.0000000000
185 -167.0000000000
227 -164.0000000000
231 -162.0000000000
238 -159.0000000000
266 -158.0000000000
267 -152.0000000000
304 -148.0000000000
345 -146.0000000000
359 -144.0000000000
382 -143.0000000000
392 -136.0000000000
450 -133.0000000000
451 -131.0000000000
461 -130.0000000000
481 -126.0000000000
541 -122.0000000000
578 -121.0000000000
595 -119.0000000000
639 -117.0000000000
663 -116.0000000000
692 -115.0000000000
701 -114.0000000000
708 -112.0000000000
742 -111.0000000000
751 -110.0000000000
785 -109.0000000000
787 -108.0000000000
826 -107.0000000000
839 -105.0000000000
862 -103.0000000000
903 -102.0000000000
934 -101.0000000000
942 -100.0000000000
985 -99.0000000000
987 -98.0000000000
1024 -96.0000000000
1061 -94.0000000000
1109 -93.0000000000
1116 -92.0000000000
1150 -91.0000000000
1189 -90.0000000000
1191 -89.0000000000
1232 -88.0000000000
1248 -87.0000000000
1290 -86.0000000000
1298 -84.0000000000
1327 -83.0000000000
1395 -82.0000000000
1435 -80.0000000000
1495 -79.0000000000
1502 -78.0000000000
1528 -77.0000000000
1570 -76.0000000000
1628 -75.0000000000
1636 -74.0000000000
1703 -73.0000000000
1709 -71.0000000000
1786 -70.0000000000
1818 -68.0000000000
1862 -66.0000000000
1904 -65.0000000000
1943 -64.0000000000
1960 -63.0000000000
2003 -62.0000000000
2023 -60.0000000000
2063 -59.0000000000
2102 -57.0000000000
2158 -56.0000000000
2201 -55.0000000000
2228 -54.0000000000
2260 -51.0000000000
2342 -50.0000000000
2370 -49.0000000000
2384 -48.0000000000
2418 -47.0000000000
2477 -46.0000000000
2572 -45.0000000000
2594 -44.0000000000
2623 -43.0000000000
2669 -42.0000000000
2708 -41.0000000000
2747 -40.0000000000
2821 -39.0000000000
2852 -37.0000000000
2870 -36.0000000000
2908 -34.0000000000
3039 -33.0000000000
3118 -31.0000000000
3243 -30.0000000000
3254 -28.0000000000
3313 -27.0000000000
3331 -26.0000000000
3396 -25.0000000000
3409 -24.0000000000
3510 -23.0000000000
3547 -22.0000000000
3635 -21.0000000000
3668 -20.0000000000
3741 -19.0000000000
3744 -18.0000000000
3827 -17.0000000000
3832 -16.0000000000
3928 -15.0000000000
3999 -14.0000000000
4024 -13.0000000000
4092 -12.0000000000
4164 -11.0000000000
4232 -10.0000000000
4240 -9.0000000000
4306 -7.0000000000
4403 -6.0000000000
4610 -5.0000000000
4719 -4.0000000000
4848 -3.0000000000
4934 -2.0000000000
5023 -1.0000000000
5138 359.0000000000
5166 363.0000000000
5191 371.0000000000
5231 390.0000000000
5343 397.0000000000
5391 412.0000000000
6836 414.0000000000
7101 415.0000000000
7295 416.0000000000
7345 417.0000000000
7369 418.0000000000
7388 420.0000000000
7982 422.0000000000
8195 427.0000000000
8278 430.0000000000
9006 431.0000000000
10020 -1.0000000000
evaluations raw_y
1 -223.0000000000
2 -193.0000000000
47 -189.0000000000
72 -186.0000000000
76 -184.0000000000
96 -182.0000000000
110 -181.0000000000
113 -178.0000000000
142 -168.0000000000
181 -163.0000000000
187 -162.0000000000
221 -161.0000000000
223 -160.0000000000
232 -145.0000000000
305 -142.0000000000
343 -141.0000000000
350 -139.0000000000
377 -138.0000000000
382 -134.0000000000
404 -133.0000000000
438 -132.0000000000
474 -129.0000000000
503 -128.0000000000
511 -125.0000000000
549 -123.0000000000
560 -122.0000000000
574 -121.0000000000
584 -119.0000000000
612 -114.0000000000
664 -111.0000000000
689 -110.0000000000
703 -109.0000000000
710 -108.0000000000
753 -106.0000000000
802 -104.0000000000
831 -103.0000000000
865 -102.0000000000
898 -101.0000000000
905 -99.0000000000
944 -98.0000000000
965 -97.0000000000
992 -96.0000000000
1022 -94.0000000000
1036 -93.0000000000
1063 -92.0000000000
1095 -89.0000000000
1149 -88.0000000000
1173 -87.0000000000
1213 -86.0000000000
1220 -85.0000000000
1228 -83.0000000000
1275 -82.0000000000
1309 -81.0000000000
1320 -79.0000000000
1363 -78.0000000000
1372 -76.0000000000
1426 -74.0000000000
1491 -73.0000000000
1502 -72.0000000000
1544 -71.0000000000
1574 -70.0000000000
1590 -68.0000000000
1636 -67.0000000000
1664 -66.0000000000
1701 -65.0000000000
1715 -64.0000000000
1740 -62.0000000000
1751 -61.0000000000
1822 -60.0000000000
1863 -59.0000000000
1876 -58.0000000000
1902 -57.0000000000
1944 -56.0000000000
1957 -55.0000000000
1996 -54.0000000000
2052 -53.0000000000
2062 -52.0000000000
2076 -51.0000000000
2152 -49.0000000000
2159 -48.0000000000
2187 -46.0000000000
2221 -44.0000000000
2278 -43.0000000000
2304 -42.0000000000
2345 -41.0000000000
2416 -40.0000000000
2428 -39.0000000000
2456 -38.0000000000
2507 -37.0000000000
2529 -36.0000000000
2599 -35.0000000000
2629 -34.0000000000
2690 -32.0000000000
2737 -31.0000000000
2821 -30.0000000000
2854 -29.0000000000
2904 -28.0000000000
2948 -26.0000000000
3035 -25.0000000000
3050 -24.0000000000
3101 -23.0000000000
3106 -22.0000000000
3182 -20.0000000000
3249 -19.0000000000
3276 -18.0000000000
3319 -17.0000000000
3341 -16.0000000000
3387 -15.0000000000
3437 -13.0000000000
3542 -12.0000000000
3635 -11.0000000000
3666 -10.0000000000
3741 -9.0000000000
3799 -8.0000000000
3922 -7.0000000000
3950 -6.0000000000
3988 -5.0000000000
4071 -4.0000000000
4200 -3.0000000000
4243 360.0000000000
4345 366.0000000000
4420 376.0000000000
4430 384.0000000000
4556 385.0000000000
4561 387.0000000000
4643 391.0000000000
4778 394.0000000000
4783 397.0000000000
4851 400.0000000000
5431 402.0000000000
5568 408.0000000000
5643 409.0000000000
5683 410.0000000000
5776 412.0000000000
6843 413.0000000000
7084 414.0000000000
7285 417.0000000000
7593 419.0000000000
9639 423.0000000000
10020 -4.0000000000
evaluations raw_y
1 -222.0000000000
2 -204.0000000000
4 -190.0000000000
30 -187.0000000000
55 -173.0000000000
66 -172.0000000000
143 -171.0000000000
158 -167.0000000000
169 -166.0000000000
182 -160.0000000000
184 -159.0000000000
234 -152.0000000000
267 -151.0000000000
277 -149.0000000000
328 -148.0000000000
338 -146.0000000000
344 -145.0000000000
345 -144.0000000000
355 -143.0000000000
387 -138.0000000000
442 -136.0000000000
474 -135.0000000000
475 -134.0000000000
502 -133.0000000000
526 -131.0000000000
541 -129.0000000000
582 -128.0000000000
594 -126.0000000000
624 -123.0000000000
678 -122.0000000000
711 -120.0000000000
738 -119.0000000000
789 -118.0000000000
796 -116.0000000000
838 -115.0000000000
870 -113.0000000000
908 -112.0000000000
924 -110.0000000000
948 -109.0000000000
981 -108.0000000000
1022 -107.0000000000
1040 -106.0000000000
1071 -105.0000000000
1098 -104.0000000000
1109 -103.0000000000
1160 -102.0000000000
1186 -101.0000000000
1195 -100.0000000000
1220 -99.0000000000
1225 -98.0000000000
1227 -97.0000000000
1241 -96.0000000000
1285 -95.0000000000
1307 -94.0000000000
1318 -92.0000000000
1344 -91.0000000000
1382 -90.0000000000
1421 -89.0000000000
1431 -87.0000000000
1467 -86.0000000000
1503 -85.0000000000
1541 -83.0000000000
1557 -82.0000000000
1597 -80.0000000000
1632 -79.0000000000
1672 -78.0000000000
1712 -77.0000000000
1744 -76.0000000000
1786 -75.0000000000
1822 -74.0000000000
1863 -73.0000000000
1901 -71.0000000000
1948 -70.0000000000
1955 -69.0000000000
1963 -68.0000000000
1982 -67.0000000000
2022 -66.0000000000
2062 -64.0000000000
2111 -63.0000000000
2129 -62.0000000000
2133 -61.0000000000
2179 -60.0000000000
2186 -59.0000000000
2200 -58.0000000000
2225 -57.0000000000
2258 -56.0000000000
2269 -55.0000000000
2310 -54.0000000000
2342 -53.0000000000
2349 -52.0000000000
2382 -51.0000000000
2426 -49.0000000000
2468 -48.0000000000
2528 -47.0000000000
2536 -46.0000000000
2553 -45.0000000000
2623 -44.0000000000
2676 -43.0000000000
2679 -42.0000000000
2755 -40.0000000000
2828 -38.0000000000
2872 -37.0000000000
2894 -36.0000000000
2913 -35.0000000000
2919 -34.0000000000
2951 -33.0000000000
2956 -32.0000000000
2992 -31.0000000000
3025 -30.0000000000
3077 -29.0000000000
3133 -28.0000000000
3149 -27.0000000000
3207 -26.0000000000
3281 -25.0000000000
3322 -24.0000000000
3382 -23.0000000000
3421 -21.0000000000
3478 -20.0000000000
3490 -18.0000000000
3558 -17.0000000000
3673 -16.0000000000
3723 -15.0000000000
3833 -14.0000000000
3875 -13.0000000000
3959 -12.0000000000
4004 -11.0000000000
4056 -10.0000000000
4071 -9.0000000000
4147 -7.0000000000
4224 -6.0000000000
4264 -5.0000000000
4341 -3.0000000000
4399 -2.0000000000
4501 388.0000000000
4545 392.0000000000
4557 394.0000000000
4598 395.0000000000
4615 402.0000000000
5103 413.0000000000
5454 414.0000000000
5544 419.0000000000
5591 422.0000000000
7760 424.0000000000
9414 425.0000000000
9733 426.0000000000
9820 427.0000000000
9871 429.0000000000
10020 -1.0000000000
evaluations raw_y
1 -209.0000000000
3 -204.0000000000
10 -192.0000000000
54 -190.0000000000
62 -180.0000000000
108 -179.0000000000
114 -168.0000000000
183 -164.0000000000
186 -162.0000000000
222 -161.0000000000
225 -159.0000000000
230 -157.0000000000
263 -156.0000000000
282 -153.0000000000
290 -150.0000000000
327 -149.0000000000
329 -148.0000000000
349 -144.0000000000
366 -141.0000000000
385 -140.0000000000
408 -139.0000000000
430 -138.0000000000
442 -137.0000000000
468 -136.0000000000
477 -134.0000000000
522 -133.0000000000
524 -131.0000000000
540 -130.0000000000
542 -128.0000000000
556 -126.0000000000
610 -125.0000000000
626 -123.0000000000
675 -120.0000000000
705 -118.0000000000
721 -117.0000000000
747 -116.0000000000
763 -115.0000000000
802 -113.0000000000
824 -111.0000000000
868 -109.0000000000
878 -107.0000000000
903 -106.0000000000
941 -103.0000000000
1001 -102.0000000000
1023 -101.0000000000
1042 -100.0000000000
1044 -99.0000000000
1048 -97.0000000000
1083 -96.0000000000
1144 -94.0000000000
1148 -92.0000000000
1200 -90.0000000000
1227 -87.0000000000
1267 -84.0000000000
1328 -83.0000000000
1342 -81.0000000000
1374 -80.0000000000
1381 -77.0000000000
1431 -75.0000000000
1448 -74.0000000000
1472 -73.0000000000
1509 -71.0000000000
1574 -68.0000000000
1627 -67.0000000000
1661 -66.0000000000
1701 -65.0000000000
1745 -64.0000000000
1781 -63.0000000000
1821 -61.0000000000
1862 -60.0000000000
1882 -59.0000000000
1921 -57.0000000000
1945 -56.0000000000
2019 -55.0000000000
2021 -53.0000000000
2101 -51.0000000000
2144 -50.0000000000
2201 -49.0000000000
2210 -48.0000000000
2228 -46.0000000000
2301 -45.0000000000
2319 -44.0000000000
2345 -42.0000000000
2404 -40.0000000000
2469 -39.0000000000
2549 -38.0000000000
2595 -37.0000000000
2633 -36.0000000000
2666 -35.0000000000
2670 -34.0000000000
2738 -33.0000000000
2751 -32.0000000000
2790 -31.0000000000
2858 -30.0000000000
2904 -29.0000000000
2972 -28.0000000000
2981 -27.0000000000
2986 -26.0000000000
3024 -25.0000000000
3090 -24.0000000000
3120 -23.0000000000
3128 -22.0000000000
3152 -20.0000000000
3221 -19.0000000000
3252 -17.0000000000
3313 -16.0000000000
3340 -15.0000000000
3385 -14.0000000000
3455 -13.0000000000
3472 -12.0000000000
3517 -11.0000000000
3591 -10.0000000000
3641 -9.0000000000
3686 -8.0000000000
3754 -7.0000000000
3823 -6.0000000000
3864 -5.0000000000
3918 -4.0000000000
3943 -3.0000000000
3982 -2.0000000000
3995 -1.0000000000
4075 387.0000000000
4139 408.0000000000
4602 414.0000000000
4748 415.0000000000
4786 416.0000000000
5279 418.0000000000
5402 419.0000000000
6368 422.0000000000
6529 425.0000000000
6577 427.0000000000
9452 429.0000000000
10020 -4.0000000000
evaluations raw_y
1 -221.0000000000
2 -202.0000000000
5 -201.0000000000
23 -199.0000000000
25 -194.0000000000
49 -193.0000000000
54 -184.0000000000
63 -183.0000000000
66 -182.0000000000
82 -181.0000000000
101 -180.0000000000
118 -179.0000000000
122 -178.0000000000
132 -174.0000000000
143 -170.0000000000
145 -169.0000000000
181 -157.0000000000
195 -152.0000000000
268 -150.0000000000
274 -148.0000000000
288 -146.0000000000
296 -143.0000000000
310 -142.0000000000
318 -141.0000000000
331 -135.0000000000
382 -134.0000000000
396 -129.0000000000
405 -128.0000000000
424 -126.0000000000
434 -122.0000000000
479 -121.0000000000
487 -119.0000000000
501 -117.0000000000
527 -115.0000000000
541 -114.0000000000
570 -113.0000000000
581 -112.0000000000
606 -110.0000000000
644 -104.0000000000
703 -102.0000000000
752 -101.0000000000
777 -100.0000000000
791 -97.0000000000
832 -96.0000000000
861 -93.0000000000
868 -92.0000000000
905 -90.0000000000
949 -87.0000000000
997 -86.0000000000
1018 -84.0000000000
1050 -83.0000000000
1078 -82.0000000000
1100 -81.0000000000
1123 -80.0000000000
1143 -79.0000000000
1165 -78.0000000000
1191 -77.0000000000
1211 -76.0000000000
1229 -75.0000000000
1262 -74.0000000000
1267 -73.0000000000
1315 -72.0000000000
1337 -70.0000000000
1345 -69.0000000000
1390 -68.0000000000
1424 -67.0000000000
1436 -66.0000000000
1471 -65.0000000000
1505 -64.0000000000
1528 -63.0000000000
1560 -62.0000000000
1611 -61.0000000000
1638 -60.0000000000
1655 -59.0000000000
1665 -58.0000000000
1714 -57.0000000000
1743 -56.0000000000
1786 -55.0000000000
1825 -52.0000000000
1873 -50.0000000000
1939 -49.0000000000
1942 -48.0000000000
2004 -47.0000000000
2010 -45.0000000000
2069 -44.0000000000
2087 -43.0000000000
2143 -42.0000000000
2148 -41.0000000000
2232 -40.0000000000
2241 -39.0000000000
2269 -38.0000000000
2320 -36.0000000000
2360 -35.0000000000
2422 -34.0000000000
2506 -33.0000000000
2531 -32.0000000000
2582 -31.0000000000
2586 -30.0000000000
2639 -29.0000000000
2673 -28.0000000000
2749 -27.0000000000
2785 -26.0000000000
2798 -25.0000000000
2839 -24.0000000000
2868 -23.0000000000
2921 -22.0000000000
2983 -21.0000000000
3100 -20.0000000000
3216 -18.0000000000
3337 -17.0000000000
3366 -16.0000000000
3467 -15.0000000000
3539 -14.0000000000
3579 -12.0000000000
3700 -11.0000000000
3751 -10.0000000000
3773 -9.0000000000
3826 -8.0000000000
3994 -7.0000000000
4072 -6.0000000000
4154 -5.0000000000
4248 -4.0000000000
4267 -3.0000000000
4403 -2.0000000000
4485 -1.0000000000
4718 386.0000000000
4793 393.0000000000
5265 395.0000000000
5509 397.0000000000
5559 403.0000000000
6110 405.0000000000
6306 412.0000000000
7219 414.0000000000
10020 -1.0000000000
evaluations raw_y
1 -210.0000000000
2 -191.0000000000
22 -190.0000000000
52 -187.0000000000
59 -181.0000000000
63 -180.0000000000
73 -178.0000000000
101 -167.0000000000
120 -166.0000000000
143 -165.0000000000
148 -159.0000000000
181 -150.0000000000
223 -148.0000000000
230 -143.0000000000
261 -142.0000000000
267 -139.0000000000
284 -138.0000000000
302 -134.0000000000
304 -129.0000000000
340 -126.0000000000
384 -125.0000000000
395 -124.0000000000
400 -123.0000000000
420 -118.0000000000
439 -116.0000000000
448 -112.0000000000
470 -110.0000000000
480 -109.0000000000
517 -108.0000000000
522 -106.0000000000
555 -103.0000000000
595 -101.0000000000
597 -99.0000000000
631 -96.0000000000
661 -95.0000000000
680 -93.0000000000
696 -90.0000000000
738 -89.0000000000
748 -88.0000000000
771 -87.0000000000
791 -86.0000000000
822 -85.0000000000
830 -83.0000000000
872 -82.0000000000
894 -78.0000000000
937 -77.0000000000
995 -76.0000000000
1070 -75.0000000000
1118 -73.0000000000
1132 -72.0000000000
1184 -71.0000000000
1185 -70.0000000000
1226 -68.0000000000
1270 -65.0000000000
1313 -64.0000000000
1351 -63.0000000000
1396 -61.0000000000
1427 -60.0000000000
1445 -59.0000000000
1481 -57.0000000000
1509 -56.0000000000
1567 -54.0000000000
1627 -53.0000000000
1647 -52.0000000000
1662 -51.0000000000
1736 -50.0000000000
1774 -49.0000000000
1784 -48.0000000000
1794 -47.0000000000
1870 -45.0000000000
1876 -44.0000000000
1904 -43.0000000000
1943 -42.0000000000
1958 -41.0000000000
2008 -39.0000000000
2029 -37.0000000000
2040 -36.0000000000
2095 -35.0000000000
2149 -34.0000000000
2159 -33.0000000000
2229 -32.0000000000
2267 -31.0000000000
2275 -30.0000000000
2319 -29.0000000000
2373 -28.0000000000
2413 -27.0000000000
2443 -26.0000000000
2502 -25.0000000000
2523 -24.0000000000
2574 -22.0000000000
2631 -21.0000000000
2670 -20.0000000000
2710 -19.0000000000
2793 -17.0000000000
2848 -16.0000000000
2931 -15.0000000000
2951 -14.0000000000
2993 -13.0000000000
3003 -12.0000000000
3067 -11.0000000000
3146 -10.0000000000
3191 -8.0000000000
3327 -7.0000000000
3517 -6.0000000000
3556 -5.0000000000
3625 -4.0000000000
3673 -3.0000000000
3733 -2.0000000000
3862 -1.0000000000
3885 384.0000000000
3939 385.0000000000
4018 388.0000000000
4068 389.0000000000
4787 399.0000000000
4863 400.0000000000
4904 401.0000000000
4987 404.0000000000
5059 407.0000000000
5098 416.0000000000
5197 417.0000000000
5271 420.0000000000
5767 423.0000000000
5786 424.0000000000
5908 425.0000000000
7946 427.0000000000
10020 -1.0000000000
evaluations raw_y
1 -228.0000000000
2 -208.0000000000
7 -200.0000000000
14 -196.0000000000
29 -181.0000000000
62 -178.0000000000
64 -175.0000000000
110 -173.0000000000
116 -171.0000000000
124 -170.0000000000
140 -162.0000000000
184 -157.0000000000
187 -153.0000000000
224 -152.0000000000
228 -151.0000000000
236 -149.0000000000
248 -141.0000000000
267 -138.0000000000
269 -132.0000000000
309 -127.0000000000
348 -124.0000000000
362 -123.0000000000
393 -121.0000000000
421 -113.0000000000
493 -111.0000000000
504 -109.0000000000
522 -107.0000000000
544 -104.0000000000
584 -103.0000000000
588 -98.0000000000
670 -96.0000000000
703 -92.0000000000
742 -90.0000000000
784 -88.0000000000
815 -87.0000000000
826 -86.0000000000
861 -85.0000000000
909 -84.0000000000
912 -82.0000000000
941 -81.0000000000
946 -79.0000000000
1009 -78.0000000000
1049 -77.0000000000
1053 -76.0000000000
1062 -75.0000000000
1105 -73.0000000000
1195 -71.0000000000
1249 -69.0000000000
1266 -68.0000000000
1315 -67.0000000000
1344 -66.0000000000
1382 -65.0000000000
1391 -64.0000000000
1482 -63.0000000000
1559 -62.0000000000
1583 -59.0000000000
1635 -58.0000000000
1685 -57.0000000000
1767 -55.0000000000
1814 -53.0000000000
1825 -52.0000000000
1866 -51.0000000000
1884 -50.0000000000
1910 -49.0000000000
2002 -48.0000000000
2016 -47.0000000000
2021 -45.0000000000
2064 -44.0000000000
2073 -43.0000000000
2105 -42.0000000000
2124 -41.0000000000
2145 -39.0000000000
2223 -38.0000000000
2245 -37.0000000000
2265 -36.0000000000
2271 -35.0000000000
2333 -34.0000000000
2354 -32.0000000000
2435 -31.0000000000
2506 -30.0000000000
2586 -29.0000000000
2661 -28.0000000000
2678 -26.0000000000
2808 -25.0000000000
2841 -24.0000000000
2874 -22.0000000000
2953 -21.0000000000
3052 -20.0000000000
3111 -19.0000000000
3184 -18.0000000000
3259 -17.0000000000
3334 -16.0000000000
3367 -15.0000000000
3438 -14.0000000000
3502 -13.0000000000
3578 -12.0000000000
3597 -11.0000000000
3661 -10.0000000000
3743 -9.0000000000
3746 -8.0000000000
3847 -7.0000000000
3907 -6.0000000000
3992 -5.0000000000
4046 -4.0000000000
4088 -3.0000000000
4141 -2.0000000000
4171 -1.0000000000
4264 344.0000000000
4275 361.0000000000
4397 362.0000000000
4483 365.0000000000
4580 376.0000000000
4661 378.0000000000
4674 383.0000000000
4676 387.0000000000
4711 398.0000000000
4905 410.0000000000
4945 412.0000000000
5272 413.0000000000
5324 417.0000000000
5370 420.0000000000
7096 425.0000000000
10020 -1.0000000000
evaluations raw_y
1 -228.0000000000
2 -198.0000000000
5 -195.0000000000
28 -190.0000000000
36 -181.0000000000
98 -175.0000000000
116 -171.0000000000
129 -168.0000000000
160 -166.0000000000
181 -160.0000000000
221 -150.0000000000
263 -149.0000000000
276 -147.0000000000
285 -145.0000000000
310 -142.0000000000
314 -139.0000000000
323 -138.0000000000
342 -136.0000000000
377 -134.0000000000
380 -133.0000000000
385 -129.0000000000
424 -128.0000000000
427 -127.0000000000
442 -126.0000000000
468 -122.0000000000
477 -120.0000000000
492 -117.0000000000
522 -113.0000000000
552 -110.0000000000
581 -104.0000000000
636 -102.0000000000
662 -100.0000000000
704 -96.0000000000
728 -94.0000000000
735 -93.0000000000
744 -92.0000000000
765 -91.0000000000
774 -90.0000000000
813 -86.0000000000
833 -85.0000000000
869 -82.0000000000
907 -80.0000000000
917 -79.0000000000
952 -78.0000000000
982 -77.0000000000
993 -75.0000000000
1024 -73.0000000000
1102 -71.0000000000
1145 -70.0000000000
1211 -67.0000000000
1274 -66.0000000000
1302 -65.0000000000
1306 -63.0000000000
1349 -62.0000000000
1375 -61.0000000000
1398 -60.0000000000
1424 -59.0000000000
1426 -58.0000000000
1471 -57.0000000000
1518 -56.0000000000
1527 -55.0000000000
1546 -54.0000000000
1566 -53.0000000000
1587 -52.0000000000
1638 -50.0000000000
1678 -48.0000000000
1703 -47.0000000000
1783 -46.0000000000
1808 -45.0000000000
1884 -44.0000000000
1941 -43.0000000000
1957 -42.0000000000
1995 -41.0000000000
2001 -40.0000000000
2032 -38.0000000000
2071 -37.0000000000
2074 -36.0000000000
2134 -35.0000000000
2196 -34.0000000000
2207 -33.0000000000
2235 -32.0000000000
2260 -31.0000000000
2270 -30.0000000000
2342 -29.0000000000
2354 -28.0000000000
2415 -27.0000000000
2472 -26.0000000000
2532 -25.0000000000
2572 -24.0000000000
2621 -23.0000000000
2702 -22.0000000000
2731 -21.0000000000
2784 -20.0000000000
2843 -19.0000000000
2912 -18.0000000000
2976 -17.0000000000
3069 -16.0000000000
3144 -15.0000000000
3196 -14.0000000000
3234 -13.0000000000
3268 -12.0000000000
3311 -11.0000000000
3390 -10.0000000000
3401 -9.0000000000
3464 -8.0000000000
3489 -7.0000000000
3518 -6.0000000000
3542 -5.0000000000
3648 -4.0000000000
3687 -3.0000000000
3708 -2.0000000000
3781 -1.0000000000
3849 360.0000000000
3915 364.0000000000
3933 366.0000000000
3958 370.0000000000
3978 371.0000000000
4041 383.0000000000
4119 387.0000000000
4318 389.0000000000
4504 394.0000000000
4587 397.0000000000
4657 398.0000000000
5121 406.0000000000
5501 410.0000000000
5595 415.0000000000
5718 416.0000000000
5821 419.0000000000
9379 422.0000000000
10020 -1.0000000000
evaluations raw_y
1 -196.0000000000
23 -179.0000000000
68 -178.0000000000
80 -177.0000000000
101 -176.0000000000
106 -175.0000000000
132 -164.0000000000
151 -163.0000000000
178 -162.0000000000
182 -158.0000000000
223 -157.0000000000
226 -156.0000000000
238 -155.0000000000
241 -151.0000000000
261 -148.0000000000
266 -146.0000000000
304 -145.0000000000
305 -143.0000000000
307 -142.0000000000
312 -140.0000000000
356 -139.0000000000
363 -134.0000000000
408 -132.0000000000
421 -131.0000000000
432 -129.0000000000
437 -127.0000000000
459 -126.0000000000
473 -125.0000000000
505 -123.0000000000
518 -122.0000000000
526 -121.0000000000
551 -120.0000000000
580 -118.0000000000
595 -117.0000000000
636 -116.0000000000
641 -115.0000000000
663 -112.0000000000
672 -109.0000000000
742 -108.0000000000
764 -107.0000000000
781 -106.0000000000
783 -105.0000000000
821 -103.0000000000
825 -102.0000000000
869 -100.0000000000
908 -99.0000000000
939 -97.0000000000
973 -94.0000000000
1022 -92.0000000000
1061 -90.0000000000
1109 -86.0000000000
1191 -85.0000000000
1209 -83.0000000000
1272 -82.0000000000
1289 -81.0000000000
1303 -80.0000000000
1324 -79.0000000000
1341 -77.0000000000
1396 -76.0000000000
1412 -75.0000000000
1425 -74.0000000000
1467 -73.0000000000
1507 -70.0000000000
1548 -68.0000000000
1600 -67.0000000000
1634 -66.0000000000
1641 -65.0000000000
1669 -64.0000000000
1688 -63.0000000000
1709 -62.0000000000
1743 -60.0000000000
1783 -59.0000000000
1809 -58.0000000000
1845 -57.0000000000
1868 -56.0000000000
1946 -55.0000000000
2004 -54.0000000000
2032 -52.0000000000
2066 -51.0000000000
2103 -50.0000000000
2135 -49.0000000000
2141 -47.0000000000
2241 -46.0000000000
2285 -44.0000000000
2379 -42.0000000000
2427 -41.0000000000
2486 -40.0000000000
2519 -38.0000000000
2615 -36.0000000000
2660 -35.0000000000
2671 -34.0000000000
2782 -32.0000000000
2854 -31.0000000000
2865 -30.0000000000
2940 -29.0000000000
2996 -27.0000000000
3073 -25.0000000000
3143 -24.0000000000
3190 -22.0000000000
3263 -21.0000000000
3273 -20.0000000000
3344 -19.0000000000
3411 -18.0000000000
3506 -17.0000000000
3549 -16.0000000000
3583 -15.0000000000
3633 -14.0000000000
3680 -13.0000000000
3763 -12.0000000000
3767 -11.0000000000
3903 -10.0000000000
4000 -9.0000000000
4083 -8.0000000000
4131 -7.0000000000
4142 -5.0000000000
4289 -4.0000000000
4383 -3.0000000000
4437 -2.0000000000
4487 -1.0000000000
4553 396.0000000000
4574 403.0000000000
4662 404.0000000000
4734 408.0000000000
4808 417.0000000000
9482 421.0000000000
10020 -2.0000000000
evaluations raw_y
1 -216.0000000000
3 -206.0000000000
12 -204.0000000000
15 -191.0000000000
38 -189.0000000000
69 -186.0000000000
102 -184.0000000000
104 -181.0000000000
107 -174.0000000000
143 -166.0000000000
181 -160.0000000000
195 -154.0000000000
236 -146.0000000000
307 -145.0000000000
316 -144.0000000000
339 -143.0000000000
344 -142.0000000000
364 -141.0000000000
365 -140.0000000000
385 -138.0000000000
424 -137.0000000000
437 -135.0000000000
454 -131.0000000000
501 -128.0000000000
543 -127.0000000000
558 -122.0000000000
623 -121.0000000000
625 -119.0000000000
666 -118.0000000000
688 -117.0000000000
701 -115.0000000000
741 -114.0000000000
750 -113.0000000000
786 -112.0000000000
793 -111.0000000000
826 -110.0000000000
841 -109.0000000000
870 -108.0000000000
877 -106.0000000000
909 -105.0000000000
943 -103.0000000000
948 -102.0000000000
981 -101.0000000000
993 -97.0000000000
1071 -95.0000000000
1138 -92.0000000000
1142 -91.0000000000
1161 -90.0000000000
1224 -89.0000000000
1225 -88.0000000000
1247 -87.0000000000
1292 -85.0000000000
1306 -84.0000000000
1313 -82.0000000000
1363 -81.0000000000
1383 -80.0000000000
1415 -79.0000000000
1452 -77.0000000000
1466 -76.0000000000
1548 -74.0000000000
1581 -72.0000000000
1622 -71.0000000000
1671 -70.0000000000
1687 -69.0000000000
1703 -68.0000000000
1720 -67.0000000000
1771 -65.0000000000
1821 -64.0000000000
1850 -63.0000000000
1867 -62.0000000000
1903 -61.0000000000
1947 -59.0000000000
1997 -58.0000000000
2031 -57.0000000000
2051 -55.0000000000
2076 -53.0000000000
2108 -52.0000000000
2166 -51.0000000000
2211 -50.0000000000
2226 -49.0000000000
2261 -47.0000000000
2312 -45.0000000000
2358 -43.0000000000
2423 -41.0000000000
2477 -39.0000000000
2549 -38.0000000000
2583 -37.0000000000
2603 -36.0000000000
2623 -33.0000000000
2666 -32.0000000000
2716 -30.0000000000
2800 -29.0000000000
2807 -28.0000000000
2861 -25.0000000000
2927 -24.0000000000
2990 -22.0000000000
3002 -21.0000000000
3023 -20.0000000000
3087 -18.0000000000
3147 -17.0000000000
3200 -16.0000000000
3278 -15.0000000000
3310 -14.0000000000
3361 -12.0000000000
3419 -11.0000000000
3421 -10.0000000000
3518 -9.0000000000
3581 -8.0000000000
3652 -7.0000000000
3716 -6.0000000000
3799 -4.0000000000
3903 -3.0000000000
4001 -2.0000000000
4022 -1.0000000000
4111 384.0000000000
4223 388.0000000000
4233 391.0000000000
4252 400.0000000000
4332 402.0000000000
5185 405.0000000000
5420 406.0000000000
5764 407.0000000000
5776 410.0000000000
5786 411.0000000000
5823 413.0000000000
5884 414.0000000000
9536 415.0000000000
10020 415.0000000000
evaluations raw_y
1 -192.0000000000
51 -190.0000000000
59 -178.0000000000
69 -175.0000000000
76 -173.0000000000
102 -171.0000000000
141 -169.0000000000
144 -168.0000000000
150 -162.0000000000
184 -159.0000000000
213 -157.0000000000
228 -156.0000000000
230 -154.0000000000
261 -153.0000000000
268 -147.0000000000
301 -145.0000000000
321 -142.0000000000
343 -138.0000000000
378 -136.0000000000
428 -135.0000000000
442 -128.0000000000
516 -123.0000000000
547 -119.0000000000
611 -118.0000000000
629 -115.0000000000
673 -114.0000000000
685 -113.0000000000
702 -111.0000000000
731 -110.0000000000
745 -107.0000000000
767 -106.0000000000
818 -104.0000000000
822 -102.0000000000
839 -100.0000000000
903 -98.0000000000
928 -97.0000000000
969 -96.0000000000
981 -95.0000000000
987 -94.0000000000
1029 -93.0000000000
1055 -92.0000000000
1062 -91.0000000000
1077 -90.0000000000
1106 -89.0000000000
1158 -88.0000000000
1178 -86.0000000000
1191 -85.0000000000
1240 -84.0000000000
1273 -83.0000000000
1302 -80.0000000000
1331 -79.0000000000
1384 -78.0000000000
1395 -77.0000000000
1421 -76.0000000000
1471 -75.0000000000
1481 -73.0000000000
1506 -72.0000000000
1547 -71.0000000000
1554 -70.0000000000
1602 -69.0000000000
1636 -68.0000000000
1662 -65.0000000000
1704 -64.0000000000
1785 -62.0000000000
1825 -61.0000000000
1887 -60.0000000000
1903 -59.0000000000
1944 -58.0000000000
1951 -56.0000000000
2051 -55.0000000000
2063 -54.0000000000
2098 -52.0000000000
2138 -51.0000000000
2146 -50.0000000000
2219 -49.0000000000
2236 -48.0000000000
2241 -47.0000000000
2262 -46.0000000000
2311 -45.0000000000
2332 -44.0000000000
2344 -43.0000000000
2400 -42.0000000000
2472 -41.0000000000
2512 -40.0000000000
2542 -39.0000000000
2546 -38.0000000000
2592 -37.0000000000
2649 -36.0000000000
2703 -35.0000000000
2723 -34.0000000000
2742 -32.0000000000
2786 -30.0000000000
2827 -28.0000000000
2863 -27.0000000000
2902 -26.0000000000
2953 -25.0000000000
2966 -24.0000000000
3048 -23.0000000000
3050 -22.0000000000
3101 -20.0000000000
3132 -19.0000000000
3181 -18.0000000000
3258 -17.0000000000
3272 -16.0000000000
3378 -15.0000000000
3385 -14.0000000000
3449 -13.0000000000
3465 -12.0000000000
3515 -11.0000000000
3582 -10.0000000000
3652 -9.0000000000
3707 -8.0000000000
3767 -7.0000000000
3832 -6.0000000000
3874 -5.0000000000
3960 -4.0000000000
4055 -3.0000000000
4232 -2.0000000000
4335 -1.0000000000
4418 366.0000000000
4431 378.0000000000
4454 381.0000000000
4466 384.0000000000
4533 389.0000000000
4557 392.0000000000
5690 395.0000000000
5786 397.0000000000
5788 405.0000000000
5937 411.0000000000
7674 415.0000000000
9107 416.0000000000
10020 -1.0000000000
evaluations raw_y
1 -200.0000000000
4 -197.0000000000
16 -194.0000000000
17 -192.0000000000
31 -182.0000000000
65 -180.0000000000
93 -179.0000000000
101 -177.0000000000
134 -172.0000000000
181 -167.0000000000
236 -165.0000000000
238 -163.0000000000
240 -160.0000000000
280 -157.0000000000
342 -154.0000000000
347 -152.0000000000
383 -147.0000000000
428 -145.0000000000
466 -144.0000000000
516 -143.0000000000
542 -141.0000000000
550 -140.0000000000
552 -138.0000000000
583 -136.0000000000
595 -135.0000000000
632 -134.0000000000
661 -133.0000000000
666 -130.0000000000
727 -128.0000000000
761 -127.0000000000
781 -125.0000000000
788 -124.0000000000
822 -121.0000000000
882 -119.0000000000
916 -118.0000000000
928 -117.0000000000
966 -115.0000000000
981 -114.0000000000
1004 -112.0000000000
1035 -110.0000000000
1066 -109.0000000000
1080 -108.0000000000
1132 -106.0000000000
1145 -104.0000000000
1189 -102.0000000000
1228 -101.0000000000
1248 -98.0000000000
1307 -96.0000000000
1336 -95.0000000000
1369 -94.0000000000
1371 -91.0000000000
1395 -90.0000000000
1435 -89.0000000000
1444 -87.0000000000
1505 -86.0000000000
1516 -85.0000000000
1546 -84.0000000000
1581 -82.0000000000
1587 -81.0000000000
1591 -80.0000000000
1641 -79.0000000000
1664 -78.0000000000
1692 -77.0000000000
1722 -75.0000000000
1742 -74.0000000000
1794 -73.0000000000
1796 -72.0000000000
1803 -70.0000000000
1863 -69.0000000000
1878 -68.0000000000
1913 -66.0000000000
1989 -64.0000000000
2049 -63.0000000000
2062 -62.0000000000
2124 -61.0000000000
2165 -60.0000000000
2223 -59.0000000000
2263 -58.0000000000
2343 -57.0000000000
2362 -56.0000000000
2413 -55.0000000000
2461 -54.0000000000
2470 -53.0000000000
2501 -52.0000000000
2542 -51.0000000000
2582 -50.0000000000
2631 -49.0000000000
2665 -47.0000000000
2744 -45.0000000000
2787 -44.0000000000
2816 -43.0000000000
2851 -42.0000000000
2941 -41.0000000000
2996 -40.0000000000
3029 -38.0000000000
3085 -37.0000000000
3111 -36.0000000000
3161 -34.0000000000
3201 -33.0000000000
3227 -32.0000000000
3266 -31.0000000000
3284 -30.0000000000
3356 -29.0000000000
3385 -28.0000000000
3467 -27.0000000000
3520 -26.0000000000
3583 -25.0000000000
3603 -24.0000000000
3685 -23.0000000000
3702 -22.0000000000
3834 -20.0000000000
3916 -19.0000000000
3970 -18.0000000000
4022 -17.0000000000
4103 -16.0000000000
4148 -15.0000000000
4288 -14.0000000000
4355 -13.0000000000
4430 -12.0000000000
4438 -11.0000000000
4531 -10.0000000000
4590 -9.0000000000
4661 -8.0000000000
4750 -7.0000000000
4857 -6.0000000000
4902 -5.0000000000
4991 -3.0000000000
5112 -2.0000000000
5184 -1.0000000000
5397 381.0000000000
5423 382.0000000000
5524 389.0000000000
5544 393.0000000000
5595 394.0000000000
6174 395.0000000000
6256 397.0000000000
6326 400.0000000000
6600 407.0000000000
6788 411.0000000000
7443 416.0000000000
7541 417.0000000000
9067 420.0000000000
9068 421.0000000000
10020 -2.0000000000
evaluations raw_y
1 -208.0000000000
3 -206.0000000000
19 -201.0000000000
37 -198.0000000000
56 -193.0000000000
70 -187.0000000000
101 -186.0000000000
104 -184.0000000000
136 -181.0000000000
141 -175.0000000000
171 -172.0000000000
185 -168.0000000000
192 -167.0000000000
222 -166.0000000000
224 -155.0000000000
297 -147.0000000000
311 -146.0000000000
358 -143.0000000000
371 -141.0000000000
386 -139.0000000000
388 -135.0000000000
427 -133.0000000000
464 -126.0000000000
535 -124.0000000000
550 -121.0000000000
553 -120.0000000000
595 -119.0000000000
603 -117.0000000000
627 -116.0000000000
634 -114.0000000000
673 -113.0000000000
710 -112.0000000000
718 -111.0000000000
781 -110.0000000000
794 -108.0000000000
821 -107.0000000000
870 -106.0000000000
882 -105.0000000000
902 -104.0000000000
941 -103.0000000000
951 -102.0000000000
963 -101.0000000000
981 -99.0000000000
1026 -97.0000000000
1061 -95.0000000000
1115 -94.0000000000
1143 -93.0000000000
1156 -92.0000000000
1190 -91.0000000000
1197 -90.0000000000
1221 -88.0000000000
1270 -86.0000000000
1317 -85.0000000000
1354 -82.0000000000
1382 -81.0000000000
1434 -80.0000000000
1465 -79.0000000000
1470 -78.0000000000
1524 -77.0000000000
1536 -75.0000000000
1559 -73.0000000000
1594 -72.0000000000
1622 -70.0000000000
1667 -69.0000000000
1708 -68.0000000000
1730 -67.0000000000
1752 -66.0000000000
1803 -65.0000000000
1858 -64.0000000000
1876 -63.0000000000
1906 -62.0000000000
1942 -60.0000000000
1993 -59.0000000000
2025 -58.0000000000
2029 -57.0000000000
2090 -55.0000000000
2108 -54.0000000000
2174 -53.0000000000
2221 -51.0000000000
2267 -49.0000000000
2343 -47.0000000000
2400 -46.0000000000
2457 -45.0000000000
2470 -44.0000000000
2491 -43.0000000000
2523 -42.0000000000
2549 -41.0000000000
2580 -39.0000000000
2592 -38.0000000000
2709 -37.0000000000
2750 -36.0000000000
2755 -35.0000000000
2784 -34.0000000000
2909 -33.0000000000
2956 -32.0000000000
2986 -31.0000000000
2987 -29.0000000000
3108 -28.0000000000
3162 -27.0000000000
3192 -26.0000000000
3263 -25.0000000000
3317 -24.0000000000
3365 -23.0000000000
3388 -22.0000000000
3422 -21.0000000000
3511 -20.0000000000
3537 -18.0000000000
3572 -17.0000000000
3622 -16.0000000000
3637 -15.0000000000
3730 -14.0000000000
3755 -13.0000000000
3868 -12.0000000000
3876 -11.0000000000
3993 -10.0000000000
4022 -9.0000000000
4041 -8.0000000000
4128 -6.0000000000
4280 -5.0000000000
4423 -4.0000000000
4477 -3.0000000000
4651 -2.0000000000
4875 -1.0000000000
4988 384.0000000000
5117 385.0000000000
5132 389.0000000000
5448 394.0000000000
5851 399.0000000000
6389 406.0000000000
6517 407.0000000000
6531 411.0000000000
6630 416.0000000000
6878 418.0000000000
7310 423.0000000000
7480 424.0000000000
8651 425.0000000000
9482 427.0000000000
10020 -1.0000000000
evaluations raw_y
1 -208.0000000000
6 -202.0000000000
12 -188.0000000000
23 -187.0000000000
37 -186.0000000000
61 -181.0000000000
72 -175.0000000000
117 -173.0000000000
131 -171.0000000000
147 -169.0000000000
168 -168.0000000000
182 -165.0000000000
183 -163.0000000000
198 -161.0000000000
229 -157.0000000000
260 -152.0000000000
287 -151.0000000000
294 -149.0000000000
305 -148.0000000000
310 -147.0000000000
344 -146.0000000000
346 -144.0000000000
359 -143.0000000000
372 -142.0000000000
385 -141.0000000000
393 -138.0000000000
421 -134.0000000000
479 -133.0000000000
487 -132.0000000000
503 -128.0000000000
543 -124.0000000000
624 -123.0000000000
665 -121.0000000000
672 -120.0000000000
704 -119.0000000000
721 -116.0000000000
769 -115.0000000000
821 -114.0000000000
849 -113.0000000000
879 -111.0000000000
901 -110.0000000000
921 -108.0000000000
952 -107.0000000000
1010 -106.0000000000
1027 -105.0000000000
1053 -104.0000000000
1063 -103.0000000000
1099 -102.0000000000
1103 -101.0000000000
1141 -100.0000000000
1172 -99.0000000000
1182 -97.0000000000
1221 -95.0000000000
1270 -94.0000000000
1273 -93.0000000000
1303 -92.0000000000
1342 -91.0000000000
1343 -89.0000000000
1381 -87.0000000000
1432 -86.0000000000
1468 -85.0000000000
1516 -84.0000000000
1540 -82.0000000000
1584 -80.0000000000
1601 -79.0000000000
1622 -77.0000000000
1677 -75.0000000000
1742 -74.0000000000
1750 -72.0000000000
1783 -71.0000000000
1787 -70.0000000000
1830 -69.0000000000
1871 -68.0000000000
1877 -67.0000000000
1913 -65.0000000000
1948 -64.0000000000
1972 -63.0000000000
1991 -62.0000000000
2068 -61.0000000000
2122 -59.0000000000
2148 -58.0000000000
2228 -57.0000000000
2242 -56.0000000000
2279 -55.0000000000
2315 -52.0000000000
2404 -51.0000000000
2426 -49.0000000000
2525 -48.0000000000
2548 -47.0000000000
2585 -46.0000000000
2623 -45.0000000000
2663 -44.0000000000
2675 -43.0000000000
2756 -42.0000000000
2761 -41.0000000000
2787 -40.0000000000
2823 -39.0000000000
2833 -38.0000000000
2836 -36.0000000000
2893 -34.0000000000
2991 -33.0000000000
3070 -31.0000000000
3150 -30.0000000000
3185 -29.0000000000
3239 -28.0000000000
3276 -27.0000000000
3309 -26.0000000000
3362 -25.0000000000
3428 -24.0000000000
3468 -23.0000000000
3529 -22.0000000000
3556 -20.0000000000
3647 -19.0000000000
3684 -18.0000000000
3713 -17.0000000000
3743 -15.0000000000
3786 -14.0000000000
3837 -13.0000000000
3904 -12.0000000000
3987 -11.0000000000
4063 -10.0000000000
4148 -9.0000000000
4305 -8.0000000000
4398 -6.0000000000
4449 -5.0000000000
4514 -4.0000000000
4600 -3.0000000000
4638 -2.0000000000
4712 -1.0000000000
4813 360.0000000000
4821 361.0000000000
4861 362.0000000000
4871 367.0000000000
4960 374.0000000000
5000 379.0000000000
5013 382.0000000000
5116 386.0000000000
5128 390.0000000000
5344 398.0000000000
5451 400.0000000000
5559 401.0000000000
5968 407.0000000000
5995 410.0000000000
6108 413.0000000000
6251 414.0000000000
6283 415.0000000000
6631 418.0000000000
6737 419.0000000000
7650 423.0000000000
7838 424.0000000000
8605 425.0000000000
10020 -1.0000000000
evaluations raw_y
1 -224.0000000000
2 -207.0000000000
9 -204.0000000000
11 -192.0000000000
41 -189.0000000000
61 -187.0000000000
84 -179.0000000000
121 -177.0000000000
137 -176.0000000000
139 -175.0000000000
142 -174.0000000000
151 -171.0000000000
181 -168.0000000000
185 -166.0000000000
201 -165.0000000000
229 -160.0000000000
262 -141.0000000000
359 -140.0000000000
385 -138.0000000000
388 -137.0000000000
428 -135.0000000000
462 -133.0000000000
464 -132.0000000000
466 -131.0000000000
506 -126.0000000000
571 -125.0000000000
597 -123.0000000000
626 -122.0000000000
661 -121.0000000000
670 -119.0000000000
706 -118.0000000000
742 -116.0000000000
782 -115.0000000000
842 -114.0000000000
843 -112.0000000000
869 -111.0000000000
918 -110.0000000000
940 -109.0000000000
966 -108.0000000000
996 -106.0000000000
1026 -105.0000000000
1056 -104.0000000000
1067 -102.0000000000
1124 -101.0000000000
1134 -100.0000000000
1146 -99.0000000000
1184 -98.0000000000
1213 -97.0000000000
1230 -96.0000000000
1233 -94.0000000000
1278 -93.0000000000
1309 -92.0000000000
1342 -90.0000000000
1367 -89.0000000000
1410 -88.0000000000
1423 -86.0000000000
1431 -85.0000000000
1496 -82.0000000000
1544 -81.0000000000
1545 -80.0000000000
1614 -78.0000000000
1632 -77.0000000000
1652 -75.0000000000
1725 -74.0000000000
1750 -73.0000000000
1758 -72.0000000000
1792 -71.0000000000
1821 -70.0000000000
1866 -68.0000000000
1946 -67.0000000000
2007 -66.0000000000
2033 -65.0000000000
2061 -64.0000000000
2145 -63.0000000000
2158 -62.0000000000
2192 -61.0000000000
2241 -60.0000000000
2269 -59.0000000000
2304 -58.0000000000
2344 -56.0000000000
2409 -55.0000000000
2433 -54.0000000000
2456 -53.0000000000
2504 -51.0000000000
2554 -50.0000000000
2590 -49.0000000000
2619 -48.0000000000
2693 -47.0000000000
2704 -46.0000000000
2717 -45.0000000000
2742 -43.0000000000
2782 -41.0000000000
2876 -40.0000000000
2880 -38.0000000000
2926 -37.0000000000
2935 -36.0000000000
2993 -35.0000000000
3018 -34.0000000000
3046 -33.0000000000
3062 -32.0000000000
3145 -31.0000000000
3238 -30.0000000000
3281 -29.0000000000
3342 -28.0000000000
3387 -26.0000000000
3449 -25.0000000000
3468 -24.0000000000
3512 -23.0000000000
3551 -22.0000000000
3595 -21.0000000000
3622 -20.0000000000
3664 -18.0000000000
3708 -17.0000000000
3778 -16.0000000000
3813 -15.0000000000
3917 -14.0000000000
4006 -13.0000000000
4040 -12.0000000000
4069 -11.0000000000
4233 -10.0000000000
4247 -9.0000000000
4359 -7.0000000000
4422 -6.0000000000
4521 -5.0000000000
4579 -4.0000000000
4706 -3.0000000000
4756 -2.0000000000
4787 -1.0000000000
4881 398.0000000000
5004 406.0000000000
5682 413.0000000000
7596 414.0000000000
7686 415.0000000000
7945 418.0000000000
8067 420.0000000000
9431 421.0000000000
9484 422.0000000000
9803 423.0000000000
9839 424.0000000000
9867 426.0000000000
10020 -1.0000000000
evaluations raw_y
1 -211.0000000000
2 -202.0000000000
16 -191.0000000000
55 -190.0000000000
63 -184.0000000000
73 -182.0000000000
108 -177.0000000000
118 -173.0000000000
146 -170.0000000000
157 -168.0000000000
167 -166.0000000000
176 -165.0000000000
177 -164.0000000000
187 -163.0000000000
190 -156.0000000000
205 -154.0000000000
221 -147.0000000000
246 -146.0000000000
269 -144.0000000000
298 -143.0000000000
304 -140.0000000000
310 -139.0000000000
346 -133.0000000000
393 -131.0000000000
407 -130.0000000000
410 -127.0000000000
412 -126.0000000000
433 -122.0000000000
470 -119.0000000000
501 -118.0000000000
506 -114.0000000000
556 -112.0000000000
583 -105.0000000000
631 -101.0000000000
661 -100.0000000000
705 -99.0000000000
742 -98.0000000000
764 -97.0000000000
789 -94.0000000000
822 -91.0000000000
863 -88.0000000000
906 -87.0000000000
942 -85.0000000000
991 -81.0000000000
1096 -80.0000000000
1108 -79.0000000000
1136 -78.0000000000
1160 -77.0000000000
1181 -76.0000000000
1220 -74.0000000000
1227 -73.0000000000
1256 -72.0000000000
1264 -71.0000000000
1301 -70.0000000000
1316 -68.0000000000
1386 -67.0000000000
1390 -64.0000000000
1467 -62.0000000000
1477 -60.0000000000
1542 -59.0000000000
1618 -56.0000000000
1674 -55.0000000000
1736 -53.0000000000
1753 -52.0000000000
1783 -51.0000000000
1808 -50.0000000000
1827 -48.0000000000
1866 -47.0000000000
1957 -46.0000000000
2006 -44.0000000000
2049 -43.0000000000
2107 -41.0000000000
2189 -40.0000000000
2229 -38.0000000000
2316 -37.0000000000
2343 -36.0000000000
2384 -35.0000000000
2421 -33.0000000000
2464 -31.0000000000
2544 -28.0000000000
2655 -27.0000000000
2669 -25.0000000000
2785 -24.0000000000
2830 -23.0000000000
2835 -22.0000000000
2864 -21.0000000000
2941 -20.0000000000
3051 -19.0000000000
3154 -18.0000000000
3215 -17.0000000000
3262 -16.0000000000
3416 -15.0000000000
3462 -14.0000000000
3508 -13.0000000000
3542 -12.0000000000
3626 -11.0000000000
3673 -10.0000000000
3681 -9.0000000000
3731 -8.0000000000
3870 -7.0000000000
3933 -5.0000000000
4062 -4.0000000000
4205 -3.0000000000
4392 -2.0000000000
4588 -1.0000000000
4664 389.0000000000
4722 393.0000000000
5273 404.0000000000
5360 408.0000000000
5508 409.0000000000
5905 412.0000000000
6609 413.0000000000
6704 417.0000000000
7019 418.0000000000
7340 419.0000000000
9170 420.0000000000
9961 422.0000000000
10020 422.0000000000
evaluations raw_y
1 -208.0000000000
2 -205.0000000000
8 -196.0000000000
36 -186.0000000000
62 -181.0000000000
102 -172.0000000000
143 -164.0000000000
175 -162.0000000000
182 -157.0000000000
222 -155.0000000000
235 -152.0000000000
238 -144.0000000000
285 -142.0000000000
301 -139.0000000000
311 -138.0000000000
344 -137.0000000000
351 -136.0000000000
357 -132.0000000000
386 -127.0000000000
428 -122.0000000000
461 -121.0000000000
471 -118.0000000000
516 -116.0000000000
540 -114.0000000000
552 -113.0000000000
591 -111.0000000000
593 -109.0000000000
602 -108.0000000000
628 -106.0000000000
660 -105.0000000000
667 -103.0000000000
684 -102.0000000000
697 -101.0000000000
715 -99.0000000000
756 -97.0000000000
784 -96.0000000000
796 -95.0000000000
798 -94.0000000000
823 -92.0000000000
865 -91.0000000000
868 -89.0000000000
901 -87.0000000000
966 -86.0000000000
979 -85.0000000000
993 -84.0000000000
1021 -83.0000000000
1043 -81.0000000000
1073 -80.0000000000
1130 -79.0000000000
1150 -78.0000000000
1173 -77.0000000000
1196 -76.0000000000
1260 -75.0000000000
1269 -74.0000000000
1272 -73.0000000000
1305 -72.0000000000
1344 -71.0000000000
1364 -69.0000000000
1401 -67.0000000000
1424 -66.0000000000
1471 -65.0000000000
1509 -64.0000000000
1520 -63.0000000000
1581 -62.0000000000
1607 -60.0000000000
1668 -59.0000000000
1681 -58.0000000000
1707 -56.0000000000
1761 -55.0000000000
1785 -54.0000000000
1798 -53.0000000000
1823 -52.0000000000
1883 -51.0000000000
1904 -47.0000000000
1942 -46.0000000000
2053 -45.0000000000
2077 -44.0000000000
2125 -43.0000000000
2142 -42.0000000000
2185 -41.0000000000
2228 -40.0000000000
2277 -39.0000000000
2314 -37.0000000000
2410 -36.0000000000
2457 -35.0000000000
2513 -34.0000000000
2545 -33.0000000000
2573 -32.0000000000
2587 -31.0000000000
2624 -30.0000000000
2683 -29.0000000000
2720 -28.0000000000
2746 -27.0000000000
2781 -26.0000000000
2827 -24.0000000000
2916 -22.0000000000
2941 -19.0000000000
3086 -18.0000000000
3114 -17.0000000000
3182 -16.0000000000
3203 -14.0000000000
3305 -13.0000000000
3311 -11.0000000000
3478 -10.0000000000
3577 -9.0000000000
3628 -8.0000000000
3715 -7.0000000000
3738 -6.0000000000
3773 -5.0000000000
3827 -4.0000000000
3905 -3.0000000000
4042 -2.0000000000
4154 -1.0000000000
4235 385.0000000000
4655 399.0000000000
5136 407.0000000000
5593 408.0000000000
5641 413.0000000000
5778 415.0000000000
5837 418.0000000000
5976 422.0000000000
7603 424.0000000000
7753 425.0000000000
7830 429.0000000000
10020 -1.0000000000
evaluations raw_y
1 -198.0000000000
14 -191.0000000000
28 -181.0000000000
104 -175.0000000000
144 -174.0000000000
150 -172.0000000000
155 -170.0000000000
182 -164.0000000000
184 -161.0000000000
242 -158.0000000000
244 -156.0000000000
251 -152.0000000000
261 -151.0000000000
282 -147.0000000000
318 -144.0000000000
326 -143.0000000000
356 -141.0000000000
382 -139.0000000000
383 -137.0000000000
406 -136.0000000000
425 -135.0000000000
439 -134.0000000000
456 -132.0000000000
464 -126.0000000000
543 -125.0000000000
547 -124.0000000000
588 -123.0000000000
595 -122.0000000000
663 -121.0000000000
669 -118.0000000000
680 -117.0000000000
704 -115.0000000000
742 -113.0000000000
782 -112.0000000000
797 -111.0000000000
835 -110.0000000000
838 -107.0000000000
876 -106.0000000000
919 -105.0000000000
945 -104.0000000000
981 -102.0000000000
1031 -101.0000000000
1056 -100.0000000000
1062 -98.0000000000
1110 -96.0000000000
1141 -94.0000000000
1182 -93.0000000000
1188 -92.0000000000
1228 -91.0000000000
1239 -90.0000000000
1283 -88.0000000000
1319 -87.0000000000
1346 -86.0000000000
1372 -84.0000000000
1397 -83.0000000000
1441 -81.0000000000
1465 -80.0000000000
1504 -79.0000000000
1517 -77.0000000000
1561 -74.0000000000
1586 -73.0000000000
1624 -72.0000000000
1650 -70.0000000000
1684 -68.0000000000
1691 -66.0000000000
1772 -65.0000000000
1803 -64.0000000000
1845 -62.0000000000
1867 -61.0000000000
1908 -60.0000000000
1943 -59.0000000000
1965 -58.0000000000
2000 -57.0000000000
2030 -55.0000000000
2102 -54.0000000000
2120 -53.0000000000
2157 -52.0000000000
2161 -51.0000000000
2186 -50.0000000000
2199 -49.0000000000
2260 -48.0000000000
2306 -47.0000000000
2345 -46.0000000000
2364 -45.0000000000
2393 -43.0000000000
2467 -41.0000000000
2502 -40.0000000000
2566 -39.0000000000
2585 -38.0000000000
2593 -37.0000000000
2598 -36.0000000000
2644 -35.0000000000
2672 -34.0000000000
2721 -33.0000000000
2773 -32.0000000000
2781 -30.0000000000
2824 -29.0000000000
2865 -28.0000000000
2907 -26.0000000000
2941 -25.0000000000
2966 -24.0000000000
2981 -23.0000000000
3023 -22.0000000000
3061 -21.0000000000
3121 -18.0000000000
3155 -17.0000000000
3189 -16.0000000000
3248 -14.0000000000
3294 -13.0000000000
3318 -12.0000000000
3390 -11.0000000000
3466 -10.0000000000
3513 -9.0000000000
3624 -8.0000000000
3801 -7.0000000000
3882 -6.0000000000
3903 -5.0000000000
3946 -4.0000000000
3950 -3.0000000000
4111 -2.0000000000
4163 -1.0000000000
4248 384.0000000000
4514 390.0000000000
4753 397.0000000000
4846 406.0000000000
5057 408.0000000000
5103 410.0000000000
5145 413.0000000000
5745 414.0000000000
5982 415.0000000000
6108 416.0000000000
6226 422.0000000000
6592 425.0000000000
7615 426.0000000000
10020 -1.0000000000
evaluations raw_y
1 -224.0000000000
2 -207.0000000000
8 -197.0000000000
27 -194.0000000000
32 -187.0000000000
63 -186.0000000000
88 -183.0000000000
102 -182.0000000000
104 -172.0000000000
150 -171.0000000000
155 -169.0000000000
183 -168.0000000000
189 -165.0000000000
191 -163.0000000000
229 -158.0000000000
255 -155.0000000000
270 -143.0000000000
337 -140.0000000000
353 -139.0000000000
363 -137.0000000000
392 -136.0000000000
408 -133.0000000000
422 -131.0000000000
439 -130.0000000000
462 -128.0000000000
464 -126.0000000000
502 -125.0000000000
504 -124.0000000000
509 -123.0000000000
544 -118.0000000000
591 -117.0000000000
604 -115.0000000000
624 -113.0000000000
669 -109.0000000000
704 -108.0000000000
707 -106.0000000000
773 -105.0000000000
784 -103.0000000000
813 -101.0000000000
832 -100.0000000000
836 -99.0000000000
866 -98.0000000000
871 -97.0000000000
896 -94.0000000000
905 -93.0000000000
968 -91.0000000000
1020 -90.0000000000
1028 -89.0000000000
1046 -88.0000000000
1069 -87.0000000000
1108 -86.0000000000
1132 -85.0000000000
1140 -83.0000000000
1150 -81.0000000000
1219 -80.0000000000
1221 -78.0000000000
1292 -77.0000000000
1308 -76.0000000000
1339 -75.0000000000
1345 -74.0000000000
1384 -73.0000000000
1425 -71.0000000000
1477 -70.0000000000
1481 -69.0000000000
1515 -68.0000000000
1526 -67.0000000000
1579 -65.0000000000
1586 -63.0000000000
1622 -62.0000000000
1686 -60.0000000000
1716 -59.0000000000
1739 -58.0000000000
1760 -57.0000000000
1784 -56.0000000000
1863 -55.0000000000
1877 -54.0000000000
1910 -52.0000000000
1969 -51.0000000000
1993 -50.0000000000
2062 -49.0000000000
2076 -48.0000000000
2101 -47.0000000000
2177 -46.0000000000
2182 -44.0000000000
2256 -42.0000000000
2303 -41.0000000000
2332 -40.0000000000
2345 -39.0000000000
2404 -38.0000000000
2426 -37.0000000000
2432 -35.0000000000
2509 -34.0000000000
2541 -33.0000000000
2556 -32.0000000000
2591 -31.0000000000
2638 -29.0000000000
2689 -28.0000000000
2723 -27.0000000000
2795 -26.0000000000
2841 -25.0000000000
2905 -24.0000000000
2915 -23.0000000000
2988 -21.0000000000
2990 -20.0000000000
3065 -19.0000000000
3107 -18.0000000000
3145 -17.0000000000
3175 -16.0000000000
3194 -15.0000000000
3214 -14.0000000000
3314 -13.0000000000
3386 -12.0000000000
3430 -11.0000000000
3522 -10.0000000000
3615 -9.0000000000
3670 -8.0000000000
3743 -7.0000000000
3791 -5.0000000000
3894 -3.0000000000
3966 -2.0000000000
4149 -1.0000000000
4281 394.0000000000
4468 398.0000000000
4550 404.0000000000
4704 411.0000000000
5669 416.0000000000
6046 417.0000000000
6063 423.0000000000
10020 423.0000000000
