evaluations raw_y
1 -278458.1000000000
2 -255231.1000000000
30 -251990.1000000000
40 -249520.1000000000
69 -239157.1000000000
108 -231754.1000000000
132 -231155.1000000000
143 -229370.1000000000
158 -229281.1000000000
163 -226003.1000000000
167 -225802.1000000000
175 -221165.1000000000
188 -218799.1000000000
204 -218300.1000000000
223 -215016.1000000000
232 -211769.1000000000
273 -211627.1000000000
275 -208230.1000000000
290 -208096.1000000000
304 -207997.1000000000
311 -207905.1000000000
315 -204119.1000000000
330 -201671.1000000000
348 -194036.1000000000
421 -193359.1000000000
424 -192519.1000000000
425 -190511.1000000000
463 -190064.1000000000
473 -185469.1000000000
508 -184948.1000000000
514 -182539.1000000000
555 -182335.1000000000
581 -180347.1000000000
620 -179330.1000000000
631 -178874.1000000000
639 -177138.1000000000
675 -176152.1000000000
707 -176100.1000000000
709 -175730.1000000000
711 -175395.1000000000
723 -174565.1000000000
743 -173867.1000000000
764 -172453.1000000000
787 -171857.1000000000
818 -170460.1000000000
847 -169510.1000000000
901 -168582.1000000000
944 -167597.1000000000
998 -167354.1000000000
1017 -166265.1000000000
1061 -165544.1000000000
1072 -165132.1000000000
1099 -164806.1000000000
1106 -164185.1000000000
1108 -163544.1000000000
1124 -163227.1000000000
1153 -161227.1000000000
1221 -160282.1000000000
1227 -160039.1000000000
1233 26946.5795089660
1252 27190.1778519895
1270 27277.4663878291
1321 27371.5017176082
1370 27521.9920257097
1401 27613.4120709406
1429 27797.8624614444
1510 27862.4166540755
1529 27886.3479621868
1566 28162.0291153166
1600 28236.9760080723
1633 28248.4515105882
1652 28358.7786329670
1671 28464.1093129825
1742 28531.4567376535
1807 28601.8342070775
2005 28652.5989947550
2024 28812.9279490864
2089 28866.2773497300
2111 29074.1372212602
2278 29076.1227813607
2447 29083.3850135993
2452 29218.2521470405
2465 29273.8120348643
2482 29336.0693955304
3137 29671.8746722012
3218 29715.8424927216
3502 29819.1768436949
3618 29834.5911748573
3715 30067.7624173338
3888 30227.0541991828
5099 30328.0847978859
5138 30330.8654558940
5233 30483.7705909398
5247 30493.8579491368
5768 30607.7736168335
7159 30783.4372722215
7454 30783.6336436470
7577 30843.2110226923
7596 30897.6190451155
7679 30913.3168742773
7717 31006.0209594711
7793 31078.8676798949
8148 31239.5560503464
8277 31417.9085171945
8353 31586.0705431721
8451 31911.1425680039
8548 31981.9537876637
8607 32015.4568907478
8643 32242.0458756183
8860 32286.5945594852
9041 32442.1405686581
9562 32475.7509575214
9629 32482.3616316822
9850 32510.2394204450
9862 32581.0200527421
9922 32613.2849408886
10020 32613.2849408886
evaluations raw_y
1 -264260.1000000000
7 -263607.1000000000
9 -256371.1000000000
13 -253588.1000000000
21 -250228.1000000000
24 -248794.1000000000
29 -244362.1000000000
65 -244349.1000000000
67 -240427.1000000000
105 -225301.1000000000
159 -222726.1000000000
202 -220892.1000000000
203 -216897.1000000000
225 -216893.1000000000
237 -214187.1000000000
264 -212170.1000000000
274 -209383.1000000000
310 -207439.1000000000
319 -206512.1000000000
342 -204039.1000000000
385 -203140.1000000000
395 -201300.1000000000
404 -201229.1000000000
422 -200240.1000000000
441 -196243.1000000000
506 -195772.1000000000
515 -194640.1000000000
522 -192934.1000000000
551 -192175.1000000000
584 -190035.1000000000
623 -189713.1000000000
644 -189425.1000000000
672 -188289.1000000000
706 -187584.1000000000
712 -185904.1000000000
734 -185163.1000000000
743 -183147.1000000000
810 -181845.1000000000
834 -179368.1000000000
867 -179187.1000000000
909 -177723.1000000000
947 -175941.1000000000
956 -175797.1000000000
1001 -175125.1000000000
1005 -174630.1000000000
1037 -173897.1000000000
1048 -172408.1000000000
1053 -172370.1000000000
1081 -171436.1000000000
1128 -171419.1000000000
1130 -171318.1000000000
1141 -170568.1000000000
1156 -170318.1000000000
1160 -169037.1000000000
1203 -168645.1000000000
1224 -166136.1000000000
1262 -164633.1000000000
1299 -164586.1000000000
1314 -164325.1000000000
1322 -164162.1000000000
1323 -162320.1000000000
1344 -161856.1000000000
1352 -161469.1000000000
1390 -161383.1000000000
1401 -161246.1000000000
1419 -160263.1000000000
1422 26921.0580967068
1464 26983.4249881784
1475 27053.9517634276
1483 27089.3269494180
1492 27277.7806784821
1509 27364.5987585699
1606 27369.4799540515
1609 27570.6133698575
1666 27720.4818456132
1710 27914.1440528496
1764 28198.3724656400
1858 28306.3625283584
1879 28500.7624390104
1918 28602.9998488098
2027 28892.4701467098
2146 29119.6778578411
2236 29291.8737061424
2253 29321.2199616783
2292 29403.5416634930
2310 29537.5335444440
2525 29647.3481935614
3089 29705.6911155240
3264 29858.9624794254
3501 29886.9403972478
3816 29979.1385753059
3841 30000.9547700414
3847 30079.4804352641
3857 30121.7588185153
3935 30183.0784900684
3950 30419.7860249937
4073 30438.8132374415
4219 30441.3838041894
4264 30897.7658853232
4346 31062.8932196079
4509 31178.3059400952
4831 31289.1362129830
5019 31489.7236877913
5527 31706.8062690842
6507 31843.3440116285
6632 31913.9963557021
6838 32048.5147942208
6853 32058.8630468976
6969 32189.1285465552
8057 32189.6163265149
8190 32337.7210330600
8582 32367.6843621774
8601 32380.3220762545
8769 32423.9397527580
8962 32748.2924757468
9928 32763.3259148562
10020 -160623.1000000000
evaluations raw_y
1 -282818.1000000000
2 -271284.1000000000
3 -266683.1000000000
8 -262141.1000000000
10 -261422.1000000000
17 -258089.1000000000
40 -248152.1000000000
68 -245916.1000000000
70 -240293.1000000000
87 -239712.1000000000
108 -233263.1000000000
118 -229823.1000000000
161 -226781.1000000000
169 -218264.1000000000
220 -217692.1000000000
222 -217421.1000000000
226 -216880.1000000000
228 -214871.1000000000
241 -213532.1000000000
262 -211684.1000000000
269 -210420.1000000000
303 -210162.1000000000
309 -209767.1000000000
311 -209519.1000000000
313 -207033.1000000000
323 -206633.1000000000
327 -204730.1000000000
341 -204110.1000000000
346 -204040.1000000000
347 -202960.1000000000
381 -202447.1000000000
394 -201696.1000000000
398 -200050.1000000000
422 -198918.1000000000
428 -198552.1000000000
462 -195945.1000000000
464 -194773.1000000000
528 -194646.1000000000
533 -189939.1000000000
579 -189217.1000000000
597 -185920.1000000000
635 -184940.1000000000
663 -184400.1000000000
676 -183607.1000000000
692 -183545.1000000000
705 -180661.1000000000
734 -179261.1000000000
762 -177889.1000000000
828 -177551.1000000000
834 -177414.1000000000
843 -176902.1000000000
850 -176753.1000000000
857 -176152.1000000000
870 -175472.1000000000
881 -175124.1000000000
884 -174936.1000000000
891 -174746.1000000000
905 -174600.1000000000
909 -173597.1000000000
914 -173524.1000000000
920 -172549.1000000000
941 -172051.1000000000
952 -171244.1000000000
981 -168273.1000000000
1055 -167939.1000000000
1077 -166278.1000000000
1081 -166073.1000000000
1083 -164255.1000000000
1105 -163925.1000000000
1148 -163898.1000000000
1154 -163825.1000000000
1157 -163586.1000000000
1164 -163565.1000000000
1168 -163115.1000000000
1174 -162389.1000000000
1187 -162028.1000000000
1195 -161851.1000000000
1218 -161812.1000000000
1221 -160977.1000000000
1238 -160539.1000000000
1246 26011.4248817178
1319 26098.6426817926
1417 26110.6915379231
1487 26430.9312673044
1489 26496.7240558529
1544 26579.7389170715
1561 26591.7268108071
1585 26703.1304187126
1597 26894.3000942599
1625 27046.0775773766
1635 27083.9076079689
1655 27329.4300097761
1693 27345.5859150726
1706 27628.6115754250
1721 27815.9677324497
1746 27890.9485793767
1836 28001.7893452453
1871 28103.2464731525
1913 28178.7927827588
1956 28225.5227127032
2058 28279.9282264325
2078 28303.2394508546
2152 28405.4245644055
2231 28526.9341646421
2241 28586.4556869967
2314 28638.0940388981
2315 28730.9227769319
2361 28751.5108032345
2369 28762.3238135710
2375 28845.0210678355
2401 28850.8866201432
2419 28939.0321042357
2431 29053.5070135543
2557 29083.2176074825
2754 29208.3754743321
2952 29251.0067847426
3062 29327.2278365348
3076 29538.4855280484
3127 29670.6675514025
3248 29813.1828876231
3342 29916.9463179530
3454 30167.6416124407
3557 30290.8642888428
3580 30301.2966766739
3642 30404.4662614687
3887 30414.6672107562
4346 30443.9882678597
4473 30549.9805964996
5287 30558.0628501529
5303 30675.7408703494
5384 30684.8155755858
6170 30951.2126609453
6580 30958.1199856630
7647 31173.8201207841
7822 31195.0286588886
8549 31195.2790344022
8720 31389.4816359599
9138 31476.7592853742
9174 31477.5359378288
9275 31757.9319423419
9325 31767.5707041823
9516 31769.3104057321
9729 31788.7143376734
9755 31936.6592392117
10020 31127.8847733832
evaluations raw_y
1 -275891.1000000000
2 -268850.1000000000
3 -259074.1000000000
8 -256227.1000000000
21 -252170.1000000000
30 -240637.1000000000
91 -239644.1000000000
95 -238313.1000000000
104 -223961.1000000000
160 -220411.1000000000
169 -218180.1000000000
189 -215137.1000000000
191 -213935.1000000000
227 -213283.1000000000
236 -212727.1000000000
254 -212469.1000000000
261 -207808.1000000000
292 -207704.1000000000
300 -205585.1000000000
311 -204893.1000000000
340 -204779.1000000000
341 -203908.1000000000
347 -203051.1000000000
363 -198782.1000000000
396 -198374.1000000000
399 -196754.1000000000
404 -194568.1000000000
466 -193882.1000000000
486 -193480.1000000000
501 -192657.1000000000
509 -192474.1000000000
512 -191127.1000000000
542 -188174.1000000000
606 -186461.1000000000
667 -186459.1000000000
676 -186094.1000000000
689 -185797.1000000000
693 -185346.1000000000
709 -183127.1000000000
782 -182756.1000000000
785 -181799.1000000000
796 -181173.1000000000
847 -180925.1000000000
859 -180202.1000000000
861 -180105.1000000000
864 -179230.1000000000
909 -178322.1000000000
925 -177884.1000000000
941 -177502.1000000000
943 -177444.1000000000
950 -176826.1000000000
974 -176803.1000000000
991 -176427.1000000000
998 -175255.1000000000
1024 -172078.1000000000
1078 -169909.1000000000
1108 -169610.1000000000
1154 -169434.1000000000
1169 -168311.1000000000
1183 -167929.1000000000
1188 -167424.1000000000
1204 -167343.1000000000
1224 -167068.1000000000
1247 -166903.1000000000
1249 -165741.1000000000
1263 -165700.1000000000
1280 -165209.1000000000
1308 -165094.1000000000
1324 -165086.1000000000
1347 -164789.1000000000
1352 -164356.1000000000
1369 -162550.1000000000
1389 -160626.1000000000
1421 26559.9772902428
1462 26908.1624274774
1525 27371.3508057100
1605 27595.8773068859
1653 27911.3335845626
1748 27917.2664653654
2430 28096.1867983777
2540 28136.4584595855
2611 28268.6693776362
2693 28378.5291648294
2801 28478.7882967817
2911 28591.6557876593
3097 28702.0273542769
3264 28837.7465668201
3522 28913.0502353094
3527 29094.5427647765
3659 29170.8603154365
3779 29275.7178015310
4735 29282.0127555551
4918 29376.8597501326
5098 29405.1248370699
5109 29528.9082216170
5122 29677.9574052054
5152 29678.0578691967
5210 29873.1295209343
5282 29895.9432410285
5391 30023.8969718960
5410 30170.8282598862
5911 30346.0760826484
7795 30374.1410124858
7964 30520.4824543688
8369 30593.8715834696
9081 30612.6206359659
9521 30699.4026111858
10020 30328.2942691744
evaluations raw_y
1 -246704.1000000000
46 -244133.1000000000
64 -238307.1000000000
76 -237749.1000000000
103 -237075.1000000000
106 -231113.1000000000
155 -230783.1000000000
164 -228170.1000000000
169 -227195.1000000000
172 -226887.1000000000
177 -220664.1000000000
182 -219184.1000000000
194 -218979.1000000000
196 -216890.1000000000
221 -216144.1000000000
225 -214685.1000000000
227 -209122.1000000000
239 -206781.1000000000
265 -200705.1000000000
305 -199491.1000000000
311 -196370.1000000000
338 -195092.1000000000
350 -194655.1000000000
355 -194062.1000000000
369 -193716.1000000000
376 -191885.1000000000
397 -190485.1000000000
402 -187854.1000000000
462 -185988.1000000000
505 -181950.1000000000
548 -180886.1000000000
551 -180389.1000000000
581 -179131.1000000000
630 -178874.1000000000
633 -177223.1000000000
644 -175712.1000000000
672 -175079.1000000000
710 -174410.1000000000
727 -173732.1000000000
744 -173125.1000000000
746 -171250.1000000000
836 -170619.1000000000
847 -170361.1000000000
858 -169955.1000000000
861 -167796.1000000000
927 -167380.1000000000
928 -167160.1000000000
957 -166330.1000000000
982 -165403.1000000000
1019 -164576.1000000000
1032 -164306.1000000000
1059 -164187.1000000000
1092 -164008.1000000000
1105 -163601.1000000000
1113 -163456.1000000000
1120 -162965.1000000000
1147 -161442.1000000000
1193 -160947.1000000000
1257 25813.7722233206
1301 26259.2760872510
1357 26272.6557786194
1393 26393.9048081752
1423 26606.2794507017
1427 26607.8568446796
1438 26674.7840861419
1509 26683.1709990028
1518 26689.7650934480
1529 26719.0297868784
1548 26877.6905382118
1605 26968.3977574775
1739 27128.8590007190
1834 27241.0889223817
1921 27341.8023684590
1934 27365.3912872082
1995 27438.7932112878
2030 27538.7263928184
2075 27638.1681946344
2119 27926.6460392700
2158 28030.3788450797
2198 28081.2488373839
2232 28324.1345978416
2451 28424.2145195073
2453 28488.5482770320
2468 28620.8915235170
2534 28638.9991245236
2581 28821.0777769763
2670 28839.1783653808
3229 28946.6062884272
3263 28964.3295502597
3314 29051.2768785406
3440 29131.7489884071
3528 29237.6349527439
3576 29300.1962025433
3696 29359.2706051833
3719 29452.4984351416
3782 29581.7821876125
3812 29667.4504762375
3902 29845.1617857267
4475 29848.9243756838
4537 29901.5478714055
4620 30290.6470521413
4680 30476.4522248437
4713 30479.8447839156
4931 30608.3387456959
5431 30715.5106742816
6874 30833.5804759405
7081 30879.2535973688
7166 30947.0429415833
7961 31044.9106268524
8746 31060.3232218963
10020 -162977.1000000000
evaluations raw_y
1 -285687.1000000000
2 -259667.1000000000
10 -258014.1000000000
33 -252763.1000000000
72 -249702.1000000000
81 -249210.1000000000
92 -242948.1000000000
102 -240066.1000000000
126 -239597.1000000000
132 -232479.1000000000
146 -229854.1000000000
164 -228742.1000000000
184 -223375.1000000000
210 -221794.1000000000
228 -219890.1000000000
232 -218412.1000000000
235 -217265.1000000000
240 -205826.1000000000
267 -203431.1000000000
341 -203007.1000000000
351 -202767.1000000000
353 -201568.1000000000
358 -199886.1000000000
382 -197686.1000000000
437 -197301.1000000000
458 -196487.1000000000
460 -193678.1000000000
474 -193223.1000000000
514 -192701.1000000000
520 -192439.1000000000
526 -191959.1000000000
529 -190711.1000000000
543 -186963.1000000000
598 -186477.1000000000
620 -185753.1000000000
622 -185027.1000000000
645 -184529.1000000000
649 -184071.1000000000
674 -183826.1000000000
676 -182663.1000000000
683 -180970.1000000000
704 -180461.1000000000
748 -179967.1000000000
750 -179636.1000000000
754 -179330.1000000000
766 -179126.1000000000
767 -179113.1000000000
790 -178048.1000000000
791 -177726.1000000000
799 -177674.1000000000
822 -176830.1000000000
862 -176800.1000000000
869 -175027.1000000000
905 -173024.1000000000
960 -172659.1000000000
972 -171504.1000000000
988 -171115.1000000000
1037 -170441.1000000000
1041 -170078.1000000000
1067 -169700.1000000000
1071 -167925.1000000000
1086 -167521.1000000000
1100 -167490.1000000000
1104 -167204.1000000000
1107 -166948.1000000000
1124 -166390.1000000000
1142 -166384.1000000000
1144 -166025.1000000000
1172 -165694.1000000000
1196 -165291.1000000000
1198 -165261.1000000000
1223 -161424.1000000000
1307 -161007.1000000000
1314 -160701.1000000000
1349 25576.7032333674
1358 27392.7931775355
1365 27497.5353305314
1383 27706.4234142254
1420 27752.9467530656
1627 27857.8175624161
1856 27943.4673219546
1933 28143.7941169776
1938 28231.1417269123
1991 28254.8948622526
2035 28431.4698675625
2072 28453.8042613586
2094 28554.5939495774
2113 28568.1949892035
2120 28571.4753806103
2125 28574.7449527812
2168 28656.3848509665
2201 28900.9716922669
2229 28907.2194124642
2384 28958.0960889976
2430 29018.8600350076
2489 29050.7251852989
2576 29145.5335594977
2628 29181.8368952541
2665 29377.9431856816
2668 29523.8150837548
2723 29713.1367328739
2843 29740.6730256128
2858 29982.8040485126
3216 30109.5197207458
3442 30250.2137598784
3581 30350.0394644531
3720 30459.0325545264
3750 30480.6123023463
3754 30591.3116673442
3805 30611.7095207602
4417 30627.1218663323
4664 30752.4903003253
4877 30769.0522615371
4916 30923.2525294556
4932 31027.5592471884
5163 31118.5887643290
5218 31137.4525872550
5246 31137.5015798259
6942 31274.5364367961
7251 31458.5053377381
7338 31492.8517839734
7468 31580.3320838871
7635 31683.1677056644
7655 31742.0578401995
7745 31768.5345688093
7822 31802.5985709751
7861 31880.5394204118
8232 32081.7675512162
8977 32176.9657596807
9824 32345.8507369402
10020 32345.8507369402
evaluations raw_y
1 -255070.1000000000
28 -243960.1000000000
86 -242100.1000000000
102 -238641.1000000000
111 -237560.1000000000
144 -232318.1000000000
171 -232247.1000000000
182 -225822.1000000000
187 -222470.1000000000
222 -218941.1000000000
250 -216342.1000000000
272 -215868.1000000000
273 -213779.1000000000
281 -213510.1000000000
296 -211804.1000000000
304 -211592.1000000000
306 -210307.1000000000
332 -210214.1000000000
341 -208209.1000000000
343 -207917.1000000000
346 -205708.1000000000
359 -205604.1000000000
382 -205137.1000000000
386 -203512.1000000000
396 -202296.1000000000
398 -199114.1000000000
436 -197450.1000000000
461 -192815.1000000000
484 -191603.1000000000
502 -189075.1000000000
549 -186562.1000000000
562 -184810.1000000000
592 -183103.1000000000
604 -180801.1000000000
648 -179883.1000000000
663 -179829.1000000000
683 -179232.1000000000
693 -176615.1000000000
727 -176404.1000000000
730 -174695.1000000000
773 -174082.1000000000
783 -172924.1000000000
786 -172716.1000000000
828 -172506.1000000000
866 -172343.1000000000
874 -171960.1000000000
882 -171734.1000000000
888 -170219.1000000000
899 -168171.1000000000
954 -167547.1000000000
965 -166671.1000000000
989 -166652.1000000000
991 -166209.1000000000
1023 -163177.1000000000
1093 -162333.1000000000
1125 -161320.1000000000
1145 -161175.1000000000
1160 -160696.1000000000
1181 28130.7165648917
1234 28416.3751433101
1272 28557.7983568690
1307 28850.6103541672
1412 29150.3092641704
1583 29250.7323643546
1747 29268.8629012510
1825 29330.7789760290
1909 29388.1534796661
1913 29426.3869177978
1924 29469.5651679811
1932 29511.0871703808
1958 29701.2000522119
2213 30102.8909400083
2304 30341.8318546200
2640 30405.8308570863
2978 30534.4391423508
3131 30648.0515716229
3165 30815.3126768453
4225 30864.9995885976
4428 30885.5531162006
5025 30907.1795605229
5247 30975.9965841870
5925 31073.9206632793
5970 31237.0786136902
6080 31388.0813276703
6353 31476.0379023929
6453 31571.6113027365
6502 31628.1526064677
8914 31720.5638113388
8979 31807.4130166246
9422 31961.5247101193
9702 32016.0953557168
9787 32094.9489336855
9896 32115.2145644663
10020 -161126.1000000000
evaluations raw_y
1 -294339.1000000000
2 -277277.1000000000
6 -271201.1000000000
7 -259680.1000000000
13 -249186.1000000000
61 -238935.1000000000
68 -234994.1000000000
73 -228624.1000000000
121 -223066.1000000000
169 -221539.1000000000
188 -218352.1000000000
194 -218124.1000000000
212 -217179.1000000000
218 -214676.1000000000
229 -211902.1000000000
231 -210022.1000000000
262 -209808.1000000000
264 -202246.1000000000
306 -201607.1000000000
313 -196008.1000000000
399 -191053.1000000000
411 -188580.1000000000
454 -188392.1000000000
467 -187875.1000000000
472 -186091.1000000000
509 -184302.1000000000
519 -183596.1000000000
550 -181885.1000000000
583 -180941.1000000000
597 -180685.1000000000
605 -180395.1000000000
607 -180154.1000000000
623 -178790.1000000000
625 -178375.1000000000
631 -177305.1000000000
633 -176201.1000000000
662 -175968.1000000000
673 -174100.1000000000
684 -174091.1000000000
702 -173316.1000000000
717 -172284.1000000000
755 -172053.1000000000
771 -170538.1000000000
787 -169405.1000000000
803 -167638.1000000000
862 -167131.1000000000
868 -166650.1000000000
878 -164579.1000000000
932 -164517.1000000000
933 -163235.1000000000
943 -162020.1000000000
996 -161786.1000000000
1031 -160963.1000000000
1093 -160188.1000000000
1149 -160142.1000000000
1152 25014.8659386699
1188 25170.3782278856
1197 25191.6384748879
1209 25239.8054039658
1237 25305.1236899131
1256 25493.2998968126
1263 25505.3073203726
1290 25542.5634338630
1301 25629.3604504171
1323 25822.6423828028
1362 25836.7347234031
1397 25946.2611581124
1413 26351.5685958535
1421 26895.2778369831
1557 26922.7935346327
1584 26948.2859879950
1587 27076.3015399976
1588 27208.9367421651
1604 27240.0807397286
1709 27288.0351140426
1805 27717.9611000607
1906 27777.5460844642
1976 27801.0721677009
2010 27964.2306967694
2058 28204.7446193961
2148 28453.7098548347
2175 28685.5437894248
2268 28826.0347693323
2391 28905.6049436972
2599 29207.0462270186
2838 29307.2830128755
2856 29358.3042311185
3048 29394.8427849430
3050 29614.8370589725
3088 29615.0178126658
3184 29629.2694519006
3237 29718.2641923491
3282 29815.4590285611
3310 29847.1164066406
3450 29947.3398873885
3510 30010.5755153738
3623 30411.0999635876
3782 30628.6588560558
4054 30829.1221382787
4483 30972.2867202355
4577 31029.3674321400
4592 31159.7898104242
4676 31194.0544525805
4685 31203.5561306266
4738 31298.6987078940
4776 31341.7241803342
6080 31371.3145500180
6367 31375.1324002119
6411 31422.6019775107
6652 31534.0372200173
6704 31584.9081556346
6725 31592.1299611678
6770 31687.0470029126
6804 31689.0298651448
6928 31724.3497329164
7523 31725.2936762273
7583 31912.4645868410
7669 32013.6492586812
7732 32073.1703659706
7789 32167.3692315469
7793 32247.9093590506
7823 32249.9521537161
7965 32336.4373294914
8782 32568.3716785293
10020 32568.3716785293
evaluations raw_y
1 -260753.1000000000
2 -258425.1000000000
10 -254312.1000000000
12 -252850.1000000000
22 -251663.1000000000
51 -248416.1000000000
62 -241313.1000000000
64 -239267.1000000000
104 -235103.1000000000
127 -234478.1000000000
144 -232788.1000000000
148 -231853.1000000000
158 -228621.1000000000
182 -222674.1000000000
240 -220288.1000000000
252 -219118.1000000000
255 -217761.1000000000
270 -217468.1000000000
279 -215990.1000000000
294 -213964.1000000000
317 -210250.1000000000
333 -206780.1000000000
346 -205683.1000000000
347 -204543.1000000000
367 -201714.1000000000
389 -199237.1000000000
419 -197208.1000000000
447 -196123.1000000000
476 -195523.1000000000
477 -194271.1000000000
501 -194200.1000000000
515 -191836.1000000000
528 -191636.1000000000
545 -191005.1000000000
552 -190392.1000000000
556 -188948.1000000000
586 -186673.1000000000
628 -186526.1000000000
629 -186095.1000000000
643 -185031.1000000000
648 -184987.1000000000
663 -184495.1000000000
676 -183468.1000000000
691 -182880.1000000000
702 -182672.1000000000
719 -182351.1000000000
738 -181979.1000000000
740 -181734.1000000000
754 -180471.1000000000
770 -180396.1000000000
784 -180067.1000000000
788 -179357.1000000000
792 -178074.1000000000
825 -175813.1000000000
836 -175535.1000000000
862 -175443.1000000000
874 -174797.1000000000
888 -174712.1000000000
903 -173933.1000000000
917 -173581.1000000000
927 -173536.1000000000
935 -171881.1000000000
965 -170852.1000000000
1022 -170588.1000000000
1029 -170259.1000000000
1036 -168327.1000000000
1069 -167230.1000000000
1107 -166787.1000000000
1114 -165791.1000000000
1142 -165212.1000000000
1143 -163791.1000000000
1182 -163133.1000000000
1237 -163043.1000000000
1248 -162699.1000000000
1271 -162495.1000000000
1275 -162265.1000000000
1283 -161054.1000000000
1285 -161044.1000000000
1301 -160897.1000000000
1312 -160393.1000000000
1341 -160315.1000000000
1344 -160118.1000000000
1345 27326.6428103531
1458 27467.7777410851
1460 27531.6726511954
1494 28050.3883487891
1510 28096.3670299778
1512 28525.1842694608
1589 28825.7938295647
1885 28892.5501633525
1926 29156.8284115450
2074 29342.6281088770
2162 29616.5661323815
2255 29733.1893634213
2372 29745.0519830664
2399 29900.6135103761
2418 29928.1323211940
2645 29932.2425885352
2745 29984.7063559148
2795 30018.3504216440
2924 30172.6633437638
3253 30213.4834078293
3288 30432.0355985696
3341 30444.7407604690
3388 30534.6654837349
3390 30559.8649980421
3409 30950.9917030164
3475 30994.5168221714
3666 31076.8626684292
3713 31115.5209178012
3828 31196.9430146657
3950 31236.1435115766
3962 31321.0443742234
3996 31531.7804213668
4067 31808.2359633580
5190 31822.7651999931
5363 31828.2167589564
5403 31967.8927422221
5478 32082.0033455214
5616 32195.9625063434
8448 32521.6510295879
9282 32665.5910767529
9959 32782.9752395698
10020 -160662.1000000000
evaluations raw_y
1 -264881.1000000000
5 -260444.1000000000
13 -257285.1000000000
38 -246156.1000000000
62 -244652.1000000000
64 -242441.1000000000
104 -240176.1000000000
107 -237092.1000000000
128 -235926.1000000000
146 -226921.1000000000
183 -224681.1000000000
221 -222730.1000000000
226 -221205.1000000000
255 -217913.1000000000
271 -217558.1000000000
275 -212593.1000000000
331 -210399.1000000000
343 -205624.1000000000
417 -203939.1000000000
430 -203860.1000000000
433 -200252.1000000000
490 -198823.1000000000
504 -197507.1000000000
527 -197383.1000000000
545 -196620.1000000000
547 -194067.1000000000
601 -192819.1000000000
624 -192109.1000000000
630 -191451.1000000000
679 -191030.1000000000
685 -186740.1000000000
701 -186496.1000000000
741 -186317.1000000000
748 -186195.1000000000
769 -186072.1000000000
778 -185903.1000000000
781 -185349.1000000000
797 -184041.1000000000
814 -183916.1000000000
821 -183106.1000000000
832 -180735.1000000000
861 -178999.1000000000
903 -178841.1000000000
905 -177436.1000000000
946 -177217.1000000000
950 -176886.1000000000
951 -174306.1000000000
1033 -172829.1000000000
1038 -172068.1000000000
1069 -170494.1000000000
1102 -169578.1000000000
1155 -169577.1000000000
1167 -168749.1000000000
1174 -167974.1000000000
1183 -167037.1000000000
1235 -166402.1000000000
1237 -166163.1000000000
1250 -165698.1000000000
1293 -164252.1000000000
1352 -164190.1000000000
1367 -163766.1000000000
1391 -163518.1000000000
1398 -163361.1000000000
1399 -163181.1000000000
1447 -162920.1000000000
1470 -162293.1000000000
1504 -162228.1000000000
1511 -161937.1000000000
1526 -161830.1000000000
1527 -161800.1000000000
1542 -161399.1000000000
1557 -160734.1000000000
1587 -160348.1000000000
1600 27402.1909315893
1699 27584.5304219010
1743 27615.0213628793
1749 27621.4354282495
1774 27742.2372089139
1785 27843.8600586063
1799 28055.3281878652
1833 28160.3856472376
2124 28360.5884688120
2168 28382.9278644683
2212 28583.1883113604
2258 28624.0283179786
2321 28700.0217181806
2484 28819.9639086708
2521 29000.4764557067
2584 29071.9955804946
2691 29215.5063915560
2707 29232.5946721797
2731 29517.5492168224
2789 29773.3705372954
2893 29797.2804789442
2908 29905.1929475856
3532 29969.0945100304
3594 29984.6080964058
3623 30117.4133641318
3871 30131.1704676989
3959 30223.6358201493
4388 30382.2215542744
5191 30406.5336642601
5364 30613.1338482600
5498 30716.8356614566
5507 30800.1439911774
5720 31140.0565302911
5908 31144.8532701237
6630 31172.7287219571
6763 31488.3671680056
7294 31638.7781283695
7415 31798.7627935175
7711 31950.3718383876
7832 31961.6715815000
7957 32168.0404450384
8230 32188.0022061187
8479 32392.8704484760
10020 -160880.1000000000
evaluations raw_y
1 -271180.1000000000
2 -264868.1000000000
21 -259229.1000000000
33 -254714.1000000000
69 -252630.1000000000
71 -243757.1000000000
107 -242313.1000000000
120 -238874.1000000000
151 -229244.1000000000
187 -228589.1000000000
205 -228256.1000000000
210 -227469.1000000000
212 -224127.1000000000
221 -219825.1000000000
268 -218536.1000000000
281 -214180.1000000000
301 -212296.1000000000
320 -210546.1000000000
321 -209647.1000000000
325 -209248.1000000000
354 -209154.1000000000
362 -204734.1000000000
394 -204664.1000000000
415 -202681.1000000000
419 -201499.1000000000
421 -196522.1000000000
479 -194751.1000000000
484 -193695.1000000000
490 -193436.1000000000
502 -191571.1000000000
510 -191468.1000000000
517 -190028.1000000000
561 -189159.1000000000
567 -188819.1000000000
586 -187514.1000000000
588 -187005.1000000000
628 -185602.1000000000
659 -184838.1000000000
676 -184744.1000000000
684 -184208.1000000000
695 -183496.1000000000
701 -183335.1000000000
708 -183271.1000000000
714 -183169.1000000000
717 -182774.1000000000
724 -181993.1000000000
746 -181581.1000000000
747 -181051.1000000000
765 -180326.1000000000
782 -179696.1000000000
789 -179393.1000000000
810 -178732.1000000000
823 -177975.1000000000
830 -177587.1000000000
861 -177536.1000000000
889 -175566.1000000000
925 -175560.1000000000
934 -174411.1000000000
939 -173812.1000000000
950 -173745.1000000000
955 -173200.1000000000
958 -173085.1000000000
959 -172708.1000000000
986 -171854.1000000000
987 -170566.1000000000
1024 -170200.1000000000
1033 -169450.1000000000
1039 -168350.1000000000
1090 -168005.1000000000
1106 -167722.1000000000
1126 -167376.1000000000
1128 -165873.1000000000
1162 -165718.1000000000
1165 -164498.1000000000
1197 -164086.1000000000
1203 -164054.1000000000
1211 -163935.1000000000
1215 -163245.1000000000
1238 -161786.1000000000
1266 -161495.1000000000
1275 -161022.1000000000
1278 -160333.1000000000
1291 25023.0018331349
1308 25283.4609432425
1320 26033.7672022210
1382 26419.1691855205
1480 26568.7824543476
1493 26601.8489117255
1529 26642.5656291833
1563 26747.9780103781
1571 26757.2920475257
1573 27214.7779060999
1636 27756.1533453060
1665 27971.6631238876
1702 28000.6801228023
1781 28084.1047912670
1798 28126.1848834237
1806 28206.2559147850
1877 28434.3756229676
1986 28514.5338769523
2080 28742.2292261289
2153 28969.7490521632
2623 29070.1255124634
2719 29156.5853189818
2802 29168.3187743456
2991 29293.9494862712
3075 29375.4827943447
3250 29392.9477434023
3356 29552.7653769772
3389 29559.1078522941
3442 29716.6964699556
3723 29820.1504461450
4866 29864.2411609766
4922 29891.8317728539
5001 30011.4493860729
5065 30037.7381093422
5458 30179.6270689416
5578 30268.4127907127
5728 30411.6879411890
5802 30474.9811292348
5942 30800.2706450339
6518 30816.5427491804
7461 31069.3916480851
7821 31075.1912983124
8037 31274.4637959225
8094 31295.8127106465
10020 -162220.1000000000
evaluations raw_y
1 -285443.1000000000
2 -256261.1000000000
27 -250235.1000000000
62 -248023.1000000000
80 -246308.1000000000
102 -245806.1000000000
106 -245559.1000000000
109 -243483.1000000000
111 -242535.1000000000
114 -240985.1000000000
143 -236375.1000000000
149 -232523.1000000000
181 -228851.1000000000
197 -227151.1000000000
222 -226108.1000000000
234 -222625.1000000000
266 -221164.1000000000
269 -217802.1000000000
283 -215931.1000000000
303 -215799.1000000000
328 -214988.1000000000
331 -211393.1000000000
354 -208985.1000000000
365 -208647.1000000000
391 -208187.1000000000
393 -203721.1000000000
437 -201923.1000000000
467 -201685.1000000000
471 -199126.1000000000
495 -198974.1000000000
507 -198791.1000000000
538 -197614.1000000000
539 -196758.1000000000
541 -196438.1000000000
546 -195906.1000000000
573 -195235.1000000000
582 -193911.1000000000
592 -192923.1000000000
595 -192135.1000000000
634 -191502.1000000000
637 -190720.1000000000
653 -189811.1000000000
667 -189071.1000000000
685 -188760.1000000000
697 -188425.1000000000
719 -188367.1000000000
722 -186350.1000000000
780 -186185.1000000000
786 -185904.1000000000
788 -182723.1000000000
826 -181985.1000000000
859 -181571.1000000000
866 -181481.1000000000
871 -181380.1000000000
902 -178912.1000000000
960 -178315.1000000000
978 -178301.1000000000
982 -178161.1000000000
984 -177121.1000000000
1040 -177091.1000000000
1044 -175142.1000000000
1082 -173748.1000000000
1130 -172894.1000000000
1146 -172301.1000000000
1147 -170968.1000000000
1161 -170945.1000000000
1179 -170329.1000000000
1187 -170180.1000000000
1224 -168510.1000000000
1239 -167371.1000000000
1288 -167139.1000000000
1306 -165726.1000000000
1337 -164875.1000000000
1383 -163999.1000000000
1401 -163026.1000000000
1448 -161392.1000000000
1531 -161070.1000000000
1548 -160160.1000000000
1581 25631.1634239086
1601 25789.7412366264
1623 25977.9274564436
1704 26276.7300086965
1765 26357.7879272627
1792 26517.2658247998
1828 26798.0553997473
1911 26888.6736668866
1973 27047.3311791950
1988 27199.0605333148
2020 27391.7145229708
2024 27417.8328677734
2026 27731.9286436443
2111 27942.9187602620
2120 28074.9402524649
2155 28186.3977824134
2199 28308.9674595797
2208 28369.4041623741
2239 28428.3910063634
2244 28446.4907074101
2291 28507.9841618172
2356 28668.4638928270
2427 29045.7902111288
2506 29165.0295936190
2599 29170.0737627483
2635 29269.4274506788
2712 29317.4896159259
2857 29434.0117861580
2976 29535.1860180433
3083 29586.1111637448
3130 29630.4785681547
4496 29902.3724425297
4507 29985.9822502946
4717 30088.0065493421
5577 30273.3186715426
5919 30275.4486159320
5998 30382.4259147362
6066 30711.6355439758
6185 30849.5369094459
6195 30893.2318337041
6205 30909.5342992152
6265 31033.2076243425
6315 31091.6169186581
6453 31202.0970559609
6953 31239.3743166608
7178 31254.9578792218
7541 31371.2957741647
7679 31474.2954899214
7700 31604.7334014301
7733 31707.6074635905
8086 31852.3014371606
8236 31896.2626341442
8367 32141.2609663058
8387 32258.9374575150
8589 32334.8756509220
8853 32667.3729632164
9026 32700.4203219660
9281 32712.2614039394
10020 -160848.1000000000
evaluations raw_y
1 -285141.1000000000
2 -275392.1000000000
3 -247753.1000000000
21 -244956.1000000000
36 -243582.1000000000
61 -242248.1000000000
64 -225221.1000000000
156 -224893.1000000000
178 -214578.1000000000
184 -210641.1000000000
225 -210030.1000000000
249 -207902.1000000000
265 -205254.1000000000
277 -202633.1000000000
288 -199780.1000000000
303 -199284.1000000000
328 -199130.1000000000
342 -198431.1000000000
359 -197569.1000000000
377 -197320.1000000000
383 -195432.1000000000
388 -195030.1000000000
391 -194707.1000000000
401 -194402.1000000000
405 -193779.1000000000
421 -193282.1000000000
426 -192215.1000000000
428 -186043.1000000000
468 -185850.1000000000
501 -185225.1000000000
514 -184503.1000000000
519 -184324.1000000000
521 -184201.1000000000
545 -184157.1000000000
554 -182830.1000000000
604 -181136.1000000000
654 -180269.1000000000
675 -179762.1000000000
702 -178662.1000000000
740 -178382.1000000000
741 -177565.1000000000
760 -177377.1000000000
781 -176003.1000000000
795 -174768.1000000000
825 -174738.1000000000
833 -173924.1000000000
836 -173652.1000000000
877 -172204.1000000000
887 -172125.1000000000
901 -171751.1000000000
910 -170091.1000000000
918 -169771.1000000000
942 -169154.1000000000
944 -167966.1000000000
947 -167944.1000000000
953 -167419.1000000000
985 -166884.1000000000
990 -166580.1000000000
1000 -165026.1000000000
1021 -163482.1000000000
1023 -163082.1000000000
1043 -162029.1000000000
1061 -160489.1000000000
1101 26341.1534896944
1126 27506.8359085816
1357 27633.4486487554
1406 27761.9692092340
1426 27919.3214401783
1440 28010.4291717025
1882 28220.9251515525
1998 28432.0414757654
2083 28506.9474630768
2119 28607.0791447320
2145 28647.6123654163
2151 28709.1390818013
2201 28747.7799999778
2237 28796.0171132687
2246 28856.6830403537
2294 29056.9607079675
2654 29238.8270070278
2665 29540.2961958621
2705 29584.5237964655
2863 29687.5735263107
3003 29821.3802614089
3069 30237.1961404634
3388 30255.1256390440
3699 30371.5136021536
3708 30389.0328470672
4343 30674.1421427992
4560 30676.9260090843
4774 30793.5361394666
4877 30905.1618073923
8809 30945.5420356096
9277 31026.0900844435
9440 31065.1080718786
10020 -162070.1000000000
evaluations raw_y
1 -280915.1000000000
2 -262495.1000000000
4 -252701.1000000000
20 -251517.1000000000
29 -243744.1000000000
61 -227218.1000000000
142 -226424.1000000000
143 -224561.1000000000
146 -220730.1000000000
153 -220457.1000000000
186 -218595.1000000000
217 -215350.1000000000
238 -210049.1000000000
276 -208687.1000000000
296 -205985.1000000000
306 -205472.1000000000
338 -204114.1000000000
341 -203835.1000000000
343 -202147.1000000000
347 -201334.1000000000
364 -201089.1000000000
381 -197738.1000000000
388 -195619.1000000000
429 -192020.1000000000
464 -189112.1000000000
500 -188561.1000000000
505 -187371.1000000000
511 -184359.1000000000
515 -183549.1000000000
541 -182623.1000000000
581 -182499.1000000000
584 -181925.1000000000
610 -180757.1000000000
612 -180445.1000000000
621 -180055.1000000000
627 -180037.1000000000
646 -178853.1000000000
657 -178491.1000000000
668 -177460.1000000000
683 -177152.1000000000
701 -176064.1000000000
731 -175248.1000000000
743 -174093.1000000000
791 -173925.1000000000
800 -173121.1000000000
803 -172336.1000000000
830 -172109.1000000000
860 -171912.1000000000
862 -169622.1000000000
921 -169310.1000000000
958 -169082.1000000000
967 -169065.1000000000
969 -167530.1000000000
1004 -166593.1000000000
1023 -166098.1000000000
1038 -165907.1000000000
1074 -164780.1000000000
1109 -164071.1000000000
1160 -163175.1000000000
1192 -162927.1000000000
1194 -162878.1000000000
1236 -162680.1000000000
1243 -161862.1000000000
1266 -161808.1000000000
1271 -161477.1000000000
1302 -161376.1000000000
1310 -161249.1000000000
1320 -161227.1000000000
1325 -160858.1000000000
1327 -160683.1000000000
1350 24686.3641467632
1384 24956.6955126272
1425 25147.1700916485
1526 25243.3590512004
1547 25298.0445982624
1566 25315.3193158496
1590 25349.2760062302
1610 25372.2752709820
1620 25553.8401480965
1637 25788.4743907953
1681 26092.8292531346
1752 26274.2577068782
1786 26463.6247337102
1822 26838.2789493511
1869 27021.2000359633
1957 27109.5981592769
2016 27133.9865426945
2041 27211.3105695214
2061 27217.1831941169
2067 27297.2849909236
2133 27328.1107471982
2268 27803.4913457338
2393 27913.5865279384
2429 28030.6767090183
2602 28201.6029538746
2646 28230.1781248283
2679 28303.0771134040
2723 28514.8280144407
2933 28589.7080631791
2967 28616.3776901481
3098 28997.0551732122
3198 29098.6505536475
3289 29100.7708863289
3397 29152.2458890397
3792 29262.6371230868
4233 29273.0504634438
4258 29394.7715343565
4319 29446.7801284975
4378 29665.9516515219
4502 29672.5795136839
4527 29804.7394202850
4963 29897.2809560607
5140 30247.7180344213
5246 30483.3355761899
5280 30492.6284851253
5370 30536.1443307765
5437 30669.4057587305
5467 30785.8959167031
6644 30902.5648487942
7093 31003.1898345731
7920 31165.4619919518
8020 31300.9456492465
8093 31422.9795918508
8272 31519.8740841106
8394 31716.9941648801
8492 31845.8811147046
9962 32116.5358872558
10020 -160958.1000000000
evaluations raw_y
1 -275337.1000000000
5 -268487.1000000000
17 -266721.1000000000
18 -256592.1000000000
33 -253198.1000000000
53 -250385.1000000000
72 -247396.1000000000
99 -241004.1000000000
103 -236814.1000000000
126 -235733.1000000000
149 -234842.1000000000
181 -229422.1000000000
184 -228353.1000000000
189 -228182.1000000000
204 -226612.1000000000
234 -224196.1000000000
237 -223212.1000000000
245 -220435.1000000000
270 -218802.1000000000
276 -216759.1000000000
284 -213626.1000000000
309 -213504.1000000000
319 -212047.1000000000
347 -211645.1000000000
349 -211418.1000000000
359 -210560.1000000000
363 -210553.1000000000
374 -206691.1000000000
423 -205060.1000000000
443 -204674.1000000000
446 -201339.1000000000
491 -200907.1000000000
502 -199571.1000000000
541 -199269.1000000000
544 -199026.1000000000
545 -198178.1000000000
560 -197687.1000000000
586 -197596.1000000000
587 -197514.1000000000
592 -197513.1000000000
603 -197080.1000000000
608 -196670.1000000000
609 -195394.1000000000
625 -194160.1000000000
662 -193870.1000000000
666 -193255.1000000000
680 -192886.1000000000
686 -192478.1000000000
696 -190983.1000000000
701 -188863.1000000000
741 -187357.1000000000
781 -186465.1000000000
826 -185172.1000000000
837 -184995.1000000000
845 -184473.1000000000
865 -183323.1000000000
868 -182275.1000000000
887 -181725.1000000000
908 -181573.1000000000
930 -180515.1000000000
949 -180439.1000000000
951 -180125.1000000000
954 -179775.1000000000
988 -179285.1000000000
990 -179022.1000000000
1022 -178366.1000000000
1029 -177030.1000000000
1086 -176862.1000000000
1094 -176313.1000000000
1102 -175105.1000000000
1130 -172838.1000000000
1182 -172281.1000000000
1195 -171540.1000000000
1231 -171290.1000000000
1235 -171028.1000000000
1261 -169770.1000000000
1303 -169666.1000000000
1322 -169143.1000000000
1351 -168738.1000000000
1383 -168683.1000000000
1386 -168644.1000000000
1390 -168314.1000000000
1395 -168180.1000000000
1405 -167394.1000000000
1414 -167208.1000000000
1423 -166243.1000000000
1464 -165722.1000000000
1496 -165574.1000000000
1518 -165046.1000000000
1532 -164813.1000000000
1543 -164732.1000000000
1549 -163115.1000000000
1574 -162858.1000000000
1596 -162397.1000000000
1607 -161884.1000000000
1624 -161457.1000000000
1632 25698.1548360689
1665 25740.9630566347
1682 26113.0036506347
1746 26364.2347732534
1814 26417.6668777725
1817 26683.5158164033
1854 26693.4877408705
1874 27091.7905373562
1968 27245.7857111720
2010 27331.6210017082
2021 27480.6388877567
2056 27754.3249165041
2079 27958.0436214218
2217 28323.6519828600
2229 28342.9439412511
2243 28374.8144706868
2419 28985.7944968884
2508 29041.6080684385
2541 29053.7030920969
2580 29055.9695206323
2661 29224.3331577810
2699 29225.6121044494
2703 29234.1226621467
2729 29256.4372867912
2826 29446.2978781438
3029 29549.1195349430
3062 29698.0336073466
3330 29698.7557347878
3542 29748.9204925846
3630 30166.2377889877
3664 30363.4544986678
3888 30473.0460411151
4341 30567.7970585531
4655 30707.8552361309
4914 30767.8182653957
5156 30787.2293468303
6059 30816.4899293845
6091 31058.8224962912
6410 31191.9540074689
6840 31286.3817501275
6935 31288.4675383577
6942 31448.7609451117
6974 31466.6812281103
7089 31535.7644446027
7150 31717.7836065051
9201 31807.3208301425
10020 31807.3208301425
evaluations raw_y
1 -255149.1000000000
34 -253536.1000000000
44 -251692.1000000000
67 -248578.1000000000
69 -246444.1000000000
73 -245183.1000000000
76 -244734.1000000000
102 -238173.1000000000
122 -232342.1000000000
153 -230659.1000000000
175 -229989.1000000000
181 -228812.1000000000
199 -225452.1000000000
209 -223603.1000000000
222 -222642.1000000000
223 -220643.1000000000
243 -219295.1000000000
265 -218782.1000000000
276 -218765.1000000000
279 -217770.1000000000
281 -212806.1000000000
328 -211080.1000000000
347 -209100.1000000000
369 -207815.1000000000
385 -204952.1000000000
391 -204581.1000000000
399 -200694.1000000000
422 -200540.1000000000
438 -199866.1000000000
467 -195950.1000000000
506 -195748.1000000000
508 -189708.1000000000
556 -189100.1000000000
563 -188394.1000000000
583 -186960.1000000000
587 -186591.1000000000
590 -184751.1000000000
621 -184697.1000000000
627 -183150.1000000000
642 -182761.1000000000
643 -182588.1000000000
667 -181760.1000000000
685 -179472.1000000000
730 -179272.1000000000
741 -178340.1000000000
743 -178195.1000000000
770 -177898.1000000000
782 -177256.1000000000
803 -176610.1000000000
817 -174677.1000000000
856 -173424.1000000000
863 -173071.1000000000
867 -172698.1000000000
893 -172482.1000000000
905 -169684.1000000000
947 -168670.1000000000
982 -167391.1000000000
995 -167339.1000000000
1024 -166707.1000000000
1035 -165163.1000000000
1075 -162325.1000000000
1124 -161702.1000000000
1151 -161055.1000000000
1175 -160998.1000000000
1185 -160964.1000000000
1192 25331.2477833363
1260 25431.2972410944
1339 25553.7232808261
1345 25755.7843163221
1362 26140.5365552007
1403 26242.9997821112
1431 26739.6215031063
1534 26847.2650438594
1542 27161.1015240138
1633 27263.5671900395
1659 27278.9797524760
1738 27338.2162394958
1768 27341.7215565461
1807 27409.0621443288
1874 27593.9819806646
2066 27596.8492198035
2187 27664.4807489935
2237 27699.0461390724
2451 28099.3665832210
2549 28203.1662368494
2635 28303.2331161265
2816 28522.9815965904
2890 28594.3828382129
2891 28661.9891552764
2907 28934.9433613590
2994 29204.7294117801
3029 29311.3488524884
3125 29372.0835484885
3375 29427.5368744243
3778 29552.7034771705
4742 29589.6718509847
4901 29602.2449068112
4941 29724.9729549998
5037 29758.3703288428
5107 29874.1671150087
5125 30005.1852656380
5184 30010.9715695659
5306 30036.6697669058
5308 30384.4707464893
5389 30402.6850616946
5456 30409.2154865619
5545 30465.0282286680
5580 30515.9854305157
5595 30652.1290892300
5681 30753.2847604799
5826 30848.3868697331
5903 30856.9611620797
6420 30967.3643508286
6531 31105.6023598954
6583 31172.5041153186
6675 31370.7243135942
6720 31531.9650554454
6826 31686.5226954346
7040 31844.9044304701
7187 31921.8471762930
7241 32170.9293791589
7855 32188.1445820065
7918 32215.3645023563
8046 32279.4256621000
8279 32388.4791013972
8595 32467.8529321489
8656 32636.6681860854
8889 32688.1817094926
8988 32723.0061355770
10020 32723.0061355770
evaluations raw_y
1 -264093.1000000000
2 -259450.1000000000
24 -252768.1000000000
32 -250541.1000000000
34 -249330.1000000000
48 -248135.1000000000
76 -245135.1000000000
82 -244788.1000000000
94 -239102.1000000000
115 -239083.1000000000
119 -234649.1000000000
135 -232708.1000000000
141 -231110.1000000000
145 -230577.1000000000
182 -230248.1000000000
187 -229934.1000000000
198 -229816.1000000000
206 -228934.1000000000
207 -228494.1000000000
212 -228044.1000000000
217 -224454.1000000000
238 -223818.1000000000
244 -223597.1000000000
260 -222709.1000000000
263 -220165.1000000000
267 -219819.1000000000
271 -219297.1000000000
301 -212846.1000000000
338 -212020.1000000000
363 -211421.1000000000
372 -210654.1000000000
378 -207809.1000000000
408 -204618.1000000000
422 -202179.1000000000
428 -202012.1000000000
461 -201797.1000000000
476 -200463.1000000000
477 -198595.1000000000
482 -198009.1000000000
506 -196233.1000000000
507 -195840.1000000000
548 -195488.1000000000
556 -195189.1000000000
577 -195013.1000000000
581 -194932.1000000000
587 -191851.1000000000
622 -191575.1000000000
623 -191300.1000000000
635 -191119.1000000000
648 -190134.1000000000
650 -189919.1000000000
661 -189648.1000000000
670 -188689.1000000000
688 -188424.1000000000
704 -188334.1000000000
706 -188294.1000000000
714 -188194.1000000000
718 -186308.1000000000
776 -186035.1000000000
777 -185000.1000000000
786 -183502.1000000000
842 -183291.1000000000
845 -183125.1000000000
852 -183041.1000000000
861 -181773.1000000000
863 -180708.1000000000
872 -178537.1000000000
943 -178367.1000000000
964 -178081.1000000000
974 -176944.1000000000
978 -176772.1000000000
989 -175247.1000000000
1022 -174378.1000000000
1076 -174281.1000000000
1091 -173616.1000000000
1112 -173256.1000000000
1119 -172776.1000000000
1149 -172574.1000000000
1162 -171917.1000000000
1192 -171630.1000000000
1223 -170944.1000000000
1246 -170481.1000000000
1255 -170145.1000000000
1264 -169649.1000000000
1266 -169507.1000000000
1267 -166536.1000000000
1326 -166130.1000000000
1327 -165659.1000000000
1362 -163702.1000000000
1421 -163306.1000000000
1433 -163125.1000000000
1437 -163065.1000000000
1457 -162660.1000000000
1464 -162433.1000000000
1468 -161981.1000000000
1471 -161143.1000000000
1498 -161057.1000000000
1530 -160717.1000000000
1531 26434.4704315016
1548 26533.5377089778
1568 26633.3570096416
1595 26715.5800325569
1600 26874.0655486997
1638 27159.5555258989
1796 27181.0083509621
1819 27268.9840474606
1826 27369.2277634884
1858 27482.0505760376
1883 27707.9682102873
1962 27866.4284204833
1997 27966.7536883130
2105 28218.0332504593
2299 28281.1258287054
3045 28384.7427019703
3129 28393.2052168366
3189 28901.9125094816
3425 29014.8703612566
3456 29043.5263732302
3458 29150.9816705486
3542 29244.2274848432
3584 29494.8052915229
3850 29541.5131743667
4031 29690.6091081215
4269 29819.2740119514
4448 30153.0390157778
4530 30210.2704496614
4555 30265.5496964668
4572 30327.0321744209
4677 30382.4415064929
4892 31028.0179691194
5065 31054.5933273132
5594 31170.0961106217
6872 31285.2303843869
7169 31304.0034547247
7177 31433.7698059415
7274 31508.9113471862
7442 32011.7394431796
7513 32324.6829345733
7672 32403.7043588629
7713 32477.2569389111
10020 32477.2569389111
evaluations raw_y
1 -282036.1000000000
2 -260021.1000000000
9 -249028.1000000000
65 -248547.1000000000
72 -247152.1000000000
73 -242759.1000000000
93 -241348.1000000000
99 -235400.1000000000
102 -231696.1000000000
143 -226101.1000000000
151 -218374.1000000000
185 -215937.1000000000
224 -213648.1000000000
250 -210639.1000000000
260 -209694.1000000000
263 -207527.1000000000
270 -205863.1000000000
275 -203199.1000000000
288 -202026.1000000000
302 -199899.1000000000
312 -199526.1000000000
315 -198064.1000000000
343 -197658.1000000000
350 -191366.1000000000
415 -190296.1000000000
431 -189181.1000000000
435 -184523.1000000000
462 -183193.1000000000
472 -182776.1000000000
478 -181754.1000000000
517 -181262.1000000000
532 -180691.1000000000
533 -180178.1000000000
541 -180053.1000000000
543 -179183.1000000000
576 -179157.1000000000
586 -178136.1000000000
602 -178013.1000000000
604 -177154.1000000000
637 -176125.1000000000
640 -175832.1000000000
651 -175368.1000000000
666 -175158.1000000000
668 -174635.1000000000
671 -174350.1000000000
675 -174279.1000000000
691 -172777.1000000000
704 -172227.1000000000
707 -171652.1000000000
744 -171106.1000000000
760 -170565.1000000000
765 -170145.1000000000
784 -169631.1000000000
789 -169092.1000000000
839 -169085.1000000000
841 -168661.1000000000
860 -168437.1000000000
862 -167918.1000000000
863 -167499.1000000000
865 -167037.1000000000
901 -166800.1000000000
910 -166164.1000000000
933 -164584.1000000000
973 -164506.1000000000
988 -163416.1000000000
994 -163373.1000000000
1023 -161984.1000000000
1037 -161868.1000000000
1042 -161306.1000000000
1065 -160422.1000000000
1086 -160281.1000000000
1096 -160125.1000000000
1107 28186.2445660424
1211 28309.5279355887
1235 28728.7270102621
1334 29496.4181245473
1429 29607.0577575545
1462 29724.1348495194
1529 29770.2559692259
1565 29782.7677803067
1796 29885.8498980073
2055 30086.3700663738
2365 30245.3971162945
2449 30262.6102026181
2650 30397.0473740300
3449 30685.6274466869
3889 30713.0486452650
7036 31361.9010595499
7188 31513.8329868407
8745 31650.9593629589
9503 31864.5146495089
9632 31983.4608843163
9637 32031.7431265187
9638 32106.7314248780
9660 32144.5334457396
9736 32144.9822369636
9855 32324.0372719154
9917 32338.0607881019
9942 32518.9804426628
10020 -162298.1000000000
evaluations raw_y
1 -259374.1000000000
6 -255610.1000000000
22 -255415.1000000000
26 -247729.1000000000
61 -243482.1000000000
73 -237343.1000000000
118 -236631.1000000000
124 -229308.1000000000
137 -226965.1000000000
149 -226834.1000000000
152 -225702.1000000000
163 -218382.1000000000
173 -215881.1000000000
188 -215448.1000000000
209 -206446.1000000000
226 -204904.1000000000
246 -203218.1000000000
278 -199076.1000000000
307 -194997.1000000000
359 -191841.1000000000
417 -191383.1000000000
422 -191300.1000000000
431 -188963.1000000000
440 -187392.1000000000
472 -187208.1000000000
474 -184503.1000000000
475 -182562.1000000000
513 -180873.1000000000
550 -180185.1000000000
552 -179794.1000000000
582 -179167.1000000000
600 -176570.1000000000
658 -175266.1000000000
682 -175204.1000000000
699 -175172.1000000000
708 -175036.1000000000
710 -174585.1000000000
713 -174389.1000000000
716 -174069.1000000000
726 -173673.1000000000
741 -173480.1000000000
747 -173346.1000000000
760 -173169.1000000000
765 -172192.1000000000
782 -171685.1000000000
817 -171521.1000000000
826 -171304.1000000000
829 -169372.1000000000
862 -168091.1000000000
867 -167599.1000000000
910 -167061.1000000000
914 -166900.1000000000
923 -166839.1000000000
929 -166093.1000000000
941 -165995.1000000000
954 -165612.1000000000
975 -165317.1000000000
982 -164779.1000000000
1002 -164736.1000000000
1010 -163869.1000000000
1024 -163616.1000000000
1027 -163430.1000000000
1061 -163148.1000000000
1066 -162186.1000000000
1089 -161957.1000000000
1111 -161039.1000000000
1122 -160318.1000000000
1142 26657.0470599153
1216 26660.8906080603
1234 26766.9607365362
1317 26783.3849902994
1382 27145.1459523537
1458 27198.6381085821
1464 27251.4158720474
1488 27472.4226117546
1515 27672.6533111230
1588 28366.4184348341
1735 28525.2837267119
1742 28600.9751140266
1792 28604.9880170105
1798 28615.9274133561
1842 28713.7543645584
1982 28734.0763608247
1992 28778.9360501576
2029 28953.3977987736
2060 29232.2631241097
2345 29346.6315242156
3035 29446.8587481462
3153 29449.9734900350
3546 29499.9669054855
3625 29632.1422705737
3680 29633.2584024757
3741 29672.3812015744
3751 29762.7986635118
3855 29853.2048779260
3877 29981.0358830253
4211 30089.7564311265
4344 30216.7653921299
4421 30231.9574902508
4486 30320.2889335247
4558 30604.1240243381
4578 30891.2266057923
4810 31091.9192107447
5018 31225.8293361207
6036 31407.9860004158
6162 31579.9768304725
6177 31623.3809715160
6987 31723.5565679313
7175 31735.3105670364
7602 31871.0826737860
7892 31879.6922259363
8406 32097.4595295155
8479 32101.6267281472
8572 32248.2383423478
9501 32272.3434837487
10020 32272.3434837487
evaluations raw_y
1 -270722.1000000000
3 -264622.1000000000
12 -261800.1000000000
18 -258183.1000000000
24 -256739.1000000000
25 -256294.1000000000
34 -248316.1000000000
60 -243370.1000000000
69 -242970.1000000000
74 -234073.1000000000
147 -230579.1000000000
163 -229150.1000000000
181 -227590.1000000000
192 -225663.1000000000
222 -224981.1000000000
225 -221722.1000000000
255 -221480.1000000000
262 -220292.1000000000
284 -218322.1000000000
308 -218106.1000000000
311 -217375.1000000000
320 -216988.1000000000
341 -216239.1000000000
345 -216133.1000000000
348 -214657.1000000000
353 -214563.1000000000
370 -214167.1000000000
383 -212429.1000000000
408 -211738.1000000000
415 -211512.1000000000
421 -211275.1000000000
428 -210128.1000000000
457 -209988.1000000000
462 -209256.1000000000
463 -207979.1000000000
476 -207521.1000000000
492 -207013.1000000000
504 -206363.1000000000
510 -206147.1000000000
513 -205794.1000000000
532 -204169.1000000000
538 -203855.1000000000
546 -203844.1000000000
548 -203754.1000000000
562 -203438.1000000000
571 -203375.1000000000
582 -202094.1000000000
584 -201827.1000000000
600 -200603.1000000000
606 -198774.1000000000
622 -198161.1000000000
665 -196113.1000000000
683 -195600.1000000000
714 -195486.1000000000
718 -193139.1000000000
745 -192731.1000000000
752 -192241.1000000000
762 -192122.1000000000
782 -190740.1000000000
785 -189930.1000000000
823 -188803.1000000000
861 -188489.1000000000
869 -188230.1000000000
879 -187638.1000000000
894 -187354.1000000000
901 -184012.1000000000
960 -182749.1000000000
982 -182502.1000000000
997 -182341.1000000000
999 -180990.1000000000
1082 -179268.1000000000
1108 -179190.1000000000
1129 -177919.1000000000
1146 -177510.1000000000
1191 -177299.1000000000
1194 -175488.1000000000
1207 -175471.1000000000
1244 -174293.1000000000
1249 -173980.1000000000
1276 -173237.1000000000
1301 -173120.1000000000
1307 -172995.1000000000
1316 -172179.1000000000
1342 -171819.1000000000
1364 -170449.1000000000
1415 -169982.1000000000
1432 -169647.1000000000
1440 -168542.1000000000
1444 -168377.1000000000
1463 -167297.1000000000
1499 -167125.1000000000
1512 -166262.1000000000
1548 -165980.1000000000
1553 -165531.1000000000
1555 -165488.1000000000
1560 -164896.1000000000
1585 -164258.1000000000
1613 -164208.1000000000
1624 -162547.1000000000
1662 -162399.1000000000
1673 -162062.1000000000
1704 -160474.1000000000
1789 -160351.1000000000
1795 25591.7217468156
1827 25711.6569299012
1853 26052.3810099672
1913 26783.3836893724
2043 27541.6854353840
2264 27611.4405751142
2308 27719.3922308050
2426 27742.7319553752
2438 27853.4059662478
2673 28124.1706880797
2784 28274.8439368708
2812 28690.6621442757
3107 28793.7915803505
3166 29108.3601176393
3188 29195.0116160165
3270 29300.4720046813
3272 29412.6851096607
3397 29609.6727671198
3405 29618.4992302616
3471 29720.8266845452
3567 29774.2752974690
3598 29786.7343059808
3604 29934.1488596787
3605 30011.9616426276
3626 30238.3086864880
3664 30240.0917877844
3769 30473.9327531182
3844 30605.5827569416
3878 30621.4694635028
3936 30886.8645917866
4111 30890.5835432692
4121 30948.2654082217
4153 31048.1731025513
4639 31148.6119258156
5253 31149.8027089671
5269 31188.1541785462
5450 31198.2884618561
5517 31202.7072444123
5544 31396.3923434313
5555 31419.8853965546
5610 31494.6091532993
7335 31510.1048120037
7795 31552.6613093027
9702 31554.8152153190
9800 31669.3035180355
10020 31669.3035180355
evaluations raw_y
1 -277282.1000000000
2 -268104.1000000000
4 -259976.1000000000
8 -253242.1000000000
29 -250780.1000000000
43 -244270.1000000000
62 -236740.1000000000
91 -235508.1000000000
107 -234841.1000000000
126 -230142.1000000000
143 -225197.1000000000
146 -223556.1000000000
153 -220892.1000000000
194 -209414.1000000000
256 -206412.1000000000
261 -205154.1000000000
302 -203001.1000000000
310 -202285.1000000000
314 -201146.1000000000
348 -199750.1000000000
349 -198880.1000000000
369 -198722.1000000000
386 -196006.1000000000
423 -194352.1000000000
435 -193933.1000000000
470 -193373.1000000000
473 -191760.1000000000
483 -189693.1000000000
512 -189182.1000000000
545 -187966.1000000000
580 -186761.1000000000
609 -185493.1000000000
627 -185344.1000000000
633 -185057.1000000000
636 -184969.1000000000
639 -184304.1000000000
662 -183987.1000000000
663 -183802.1000000000
668 -183756.1000000000
671 -183610.1000000000
677 -182330.1000000000
682 -182305.1000000000
703 -182297.1000000000
708 -180923.1000000000
737 -180550.1000000000
758 -179758.1000000000
782 -177324.1000000000
801 -175690.1000000000
835 -174866.1000000000
844 -174446.1000000000
861 -174009.1000000000
876 -170625.1000000000
909 -170576.1000000000
954 -169728.1000000000
996 -168166.1000000000
1021 -166898.1000000000
1068 -166147.1000000000
1069 -165674.1000000000
1106 -165141.1000000000
1130 -164894.1000000000
1144 -164763.1000000000
1152 -163590.1000000000
1167 -163320.1000000000
1187 -162746.1000000000
1206 -161967.1000000000
1239 -160880.1000000000
1263 24431.2115535984
1358 24499.6832735455
1378 24521.2126061998
1408 24828.8831558847
1431 24941.1242069938
1474 25199.5052747145
1512 25611.1692851419
1533 25669.5564282728
1597 25842.3533858540
1605 25906.1030330481
1613 26364.3556846667
1734 26471.8213961794
1791 26564.1518765844
2187 26750.9408654082
2253 26763.9440319964
2263 26903.5939507470
2306 27009.0722337246
2357 27117.9079187750
2407 27156.0789269881
2441 27196.6066626659
2450 27321.5595174927
2460 27328.7941565471
2478 27421.3995665606
2515 27443.6009375390
2594 27660.9154393837
2693 27778.3836746954
2721 27789.0257986093
2773 27907.4418564155
2843 27928.4758765507
2910 28017.2602666156
2957 28023.8494198290
2964 28034.9259590202
2982 28044.5572002388
2987 28243.2595281185
3016 28314.3967496933
3120 28593.0522948003
3148 28742.4733947363
3219 28848.4553054619
3261 28855.6491253532
3314 28958.4881230071
3321 28979.1611686415
3349 29112.9705835323
3398 29131.6441213663
3489 29215.5154860595
3736 29249.4348870986
4040 29346.8397008970
4078 29361.6947531038
4093 29376.5020046440
4123 29461.0427159990
4135 29478.0643168325
4174 29487.4344543809
4189 29591.0723985071
4519 29759.3946991420
5240 29905.8691368229
5287 30126.6637348409
5383 30295.3836349181
5465 30536.5434223828
5614 30639.7218062490
5774 30964.9987627688
5829 31037.8736416051
5902 31081.6640891135
5925 31373.1796073231
6112 31384.5642990159
6253 31483.1393737660
6311 31561.3257724289
10020 31561.3257724289
evaluations raw_y
1 -257777.1000000000
23 -255647.1000000000
25 -247217.1000000000
40 -245697.1000000000
82 -245596.1000000000
93 -237812.1000000000
104 -237090.1000000000
116 -233181.1000000000
121 -224857.1000000000
138 -224587.1000000000
145 -224511.1000000000
157 -223535.1000000000
184 -220111.1000000000
189 -216160.1000000000
222 -215816.1000000000
238 -205636.1000000000
265 -204557.1000000000
322 -203632.1000000000
324 -200999.1000000000
342 -198524.1000000000
352 -197044.1000000000
384 -195525.1000000000
388 -195414.1000000000
424 -195164.1000000000
441 -193979.1000000000
448 -192610.1000000000
450 -191067.1000000000
463 -190063.1000000000
471 -186648.1000000000
537 -186198.1000000000
539 -184820.1000000000
579 -184463.1000000000
581 -183949.1000000000
596 -183464.1000000000
615 -182695.1000000000
631 -180372.1000000000
663 -180358.1000000000
682 -179364.1000000000
697 -178016.1000000000
710 -177709.1000000000
711 -177135.1000000000
746 -176724.1000000000
750 -176099.1000000000
761 -175280.1000000000
782 -174580.1000000000
826 -172192.1000000000
890 -171255.1000000000
903 -170842.1000000000
905 -170267.1000000000
953 -169913.1000000000
981 -169530.1000000000
992 -168824.1000000000
999 -166422.1000000000
1034 -165628.1000000000
1071 -164239.1000000000
1105 -164160.1000000000
1115 -164021.1000000000
1142 -163073.1000000000
1165 -161977.1000000000
1181 -161116.1000000000
1253 -160336.1000000000
1270 26051.8541540774
1345 26220.7191124329
1354 26305.1355167527
1391 26313.8652011896
1412 26643.0376359099
1422 26671.1804641470
1424 26763.6421619874
1439 27533.4405759728
1518 27766.1186239091
1633 27941.4458246584
1663 27995.4942126531
1675 28217.7497148262
1744 28372.9840775321
1835 28415.1712903414
1862 28515.0679199002
1996 28655.4273140096
2151 28754.4421456264
2181 28754.9445599479
2208 28855.4132831052
2240 28949.6809449982
2255 28954.8402245555
2279 28971.1088915619
2305 28973.5310909610
2313 29065.5054194920
2359 29066.4689354730
2381 29082.0088792846
2426 29180.0353471667
2476 29295.9258788075
2632 29385.5551406600
2708 29495.8053192628
2799 29585.3110200129
2807 29590.0626785345
2894 29688.2184214781
3202 29899.4205556974
3361 30082.4045232290
3581 30184.0399599899
3742 30269.5544617304
3745 30289.3382818201
4063 30446.5788591375
4114 31001.8555633615
4934 31103.7661137305
6060 31111.5220218555
6289 31133.3480874155
6912 31133.4627720311
7048 31376.6194264889
7434 31441.0833345249
7513 31588.6576461349
9109 31590.2717535865
9584 31642.0774323952
9729 31801.8779633871
9732 31863.4350166508
9736 31865.5929851394
9975 31902.7780076217
10020 -160270.1000000000
evaluations raw_y
1 -261606.1000000000
30 -256008.1000000000
33 -255967.1000000000
45 -254427.1000000000
60 -243681.1000000000
61 -241640.1000000000
103 -237742.1000000000
115 -237126.1000000000
133 -236738.1000000000
142 -230526.1000000000
157 -224987.1000000000
191 -220769.1000000000
223 -217962.1000000000
227 -215514.1000000000
242 -213656.1000000000
257 -213451.1000000000
261 -209541.1000000000
269 -207023.1000000000
310 -203968.1000000000
315 -202101.1000000000
342 -199447.1000000000
345 -196947.1000000000
423 -196314.1000000000
429 -194856.1000000000
433 -193754.1000000000
464 -193388.1000000000
466 -185348.1000000000
506 -184748.1000000000
508 -182894.1000000000
558 -182075.1000000000
567 -179597.1000000000
587 -178631.1000000000
590 -178037.1000000000
627 -177721.1000000000
632 -177473.1000000000
636 -176423.1000000000
644 -175889.1000000000
666 -175248.1000000000
668 -172413.1000000000
713 -172185.1000000000
736 -171391.1000000000
754 -170316.1000000000
763 -169690.1000000000
777 -169667.1000000000
783 -168954.1000000000
798 -168136.1000000000
822 -167835.1000000000
833 -167822.1000000000
838 -165729.1000000000
904 -165489.1000000000
914 -164658.1000000000
920 -164610.1000000000
949 -163375.1000000000
975 -162874.1000000000
987 -162229.1000000000
1005 -161645.1000000000
1027 -161154.1000000000
1056 -161136.1000000000
1062 -160991.1000000000
1071 -160716.1000000000
1098 -160406.1000000000
1101 25705.5017185301
1160 25776.4048598894
1163 25903.0875456018
1210 26117.6794184330
1222 26300.4021173542
1224 26330.4979479598
1308 26624.5342379477
1430 26913.7010444083
1474 26933.0616034055
1511 27021.3558971848
1545 27075.4942919306
1567 27096.8551976832
1593 27289.3429390688
1695 27311.6647167515
1700 27414.8924961889
1717 27620.9478242953
1784 27632.9050957158
1788 27737.1830715845
1794 27885.6948219038
1909 28023.0288419191
1920 28051.5176333195
1936 28349.6938669414
1999 29040.5888267276
2043 29212.8519257924
2111 29255.3917862255
2182 29371.0078705003
2229 29565.6538451690
2284 29714.5308232202
2383 29814.6660132442
2578 29819.2904472231
3865 29914.5179070312
4042 30045.0153435404
4090 30084.5798762416
4161 30187.1288467399
4797 30283.4991793980
5198 30442.0288407208
5568 30443.4526022746
5727 30574.2296614584
5729 30603.6219007104
5738 30648.5304664049
5857 30752.8543567890
5868 30753.1862454934
5885 30804.8498286704
6019 30938.4105398758
7014 30944.1939882428
7120 31060.0226407584
7576 31261.2860150560
7728 31513.7414566465
7816 31648.3093631018
7837 31735.9671953042
9051 31739.4683898835
10020 -161770.1000000000
evaluations raw_y
1 -275793.1000000000
2 -266913.1000000000
8 -260595.1000000000
28 -257641.1000000000
31 -257096.1000000000
49 -254357.1000000000
70 -251363.1000000000
80 -243343.1000000000
104 -238975.1000000000
134 -238600.1000000000
138 -238541.1000000000
145 -237957.1000000000
148 -236701.1000000000
157 -233605.1000000000
182 -233183.1000000000
183 -231124.1000000000
187 -224135.1000000000
226 -218443.1000000000
279 -215829.1000000000
292 -215765.1000000000
334 -215478.1000000000
337 -215171.1000000000
345 -213589.1000000000
347 -210894.1000000000
366 -205731.1000000000
402 -203334.1000000000
432 -200081.1000000000
464 -198418.1000000000
465 -198282.1000000000
470 -197462.1000000000
501 -196078.1000000000
514 -196037.1000000000
520 -194270.1000000000
532 -193225.1000000000
543 -192140.1000000000
574 -191975.1000000000
581 -186158.1000000000
626 -181597.1000000000
678 -181357.1000000000
701 -181254.1000000000
703 -179689.1000000000
749 -179334.1000000000
757 -175923.1000000000
789 -175515.1000000000
808 -175022.1000000000
821 -174180.1000000000
867 -173932.1000000000
872 -173708.1000000000
875 -173206.1000000000
883 -173157.1000000000
904 -173123.1000000000
908 -171993.1000000000
938 -171030.1000000000
942 -170080.1000000000
966 -169719.1000000000
998 -169672.1000000000
999 -169550.1000000000
1004 -169157.1000000000
1040 -168921.1000000000
1062 -168530.1000000000
1078 -167923.1000000000
1098 -167724.1000000000
1108 -167385.1000000000
1111 -166547.1000000000
1143 -166138.1000000000
1187 -165920.1000000000
1208 -165660.1000000000
1237 -165544.1000000000
1241 -165511.1000000000
1251 -165221.1000000000
1262 -165039.1000000000
1266 -164995.1000000000
1273 -164340.1000000000
1304 -164114.1000000000
1311 -164100.1000000000
1318 -163360.1000000000
1349 -162897.1000000000
1361 -162202.1000000000
1385 -162138.1000000000
1422 -161991.1000000000
1428 -161779.1000000000
1449 -161614.1000000000
1452 -161308.1000000000
1464 27379.0252486824
1586 27500.1224941811
1628 27518.7052548517
1678 27553.9399758798
1689 27848.6305551544
1767 27924.2066590565
1801 27936.6650411733
1877 28066.2101441807
1907 28170.7814023972
2095 28270.8689205378
2204 28375.3965097801
2240 28624.3875092904
2312 28991.3467644842
2571 29093.7740849310
2692 29201.8099410018
2782 29259.3140486698
2948 29512.5784071936
3836 29540.7841275265
3967 29581.1207717360
4098 29800.2459251264
4145 29854.0938644761
4634 30038.2738756540
4672 30060.6570079722
4813 30169.8274260583
4826 30483.1781445186
4829 30505.3471194500
4977 30823.3384741810
5678 30842.7964168022
5683 30922.2310871451
5795 30940.4837508052
5873 31076.4541309169
6041 31084.9060313261
6473 31103.2210296844
6946 31113.8330193287
7112 31254.0222882836
7159 31268.0874758134
8447 31362.7096817180
8542 31507.6256347341
8646 31633.7328135397
9707 31878.0893511580
9869 31878.9922384327
9904 31909.7242926588
9993 32019.1583275096
10020 -160509.1000000000
evaluations raw_y
1 -264504.1000000000
10 -250413.1000000000
37 -242756.1000000000
44 -240208.1000000000
71 -237679.1000000000
74 -237676.1000000000
89 -228102.1000000000
114 -227627.1000000000
128 -223338.1000000000
153 -220869.1000000000
178 -217617.1000000000
189 -215855.1000000000
193 -215684.1000000000
223 -215661.1000000000
225 -213895.1000000000
249 -209530.1000000000
301 -208564.1000000000
322 -207920.1000000000
330 -205687.1000000000
348 -202550.1000000000
380 -201774.1000000000
394 -200862.1000000000
406 -200181.1000000000
426 -199382.1000000000
434 -194620.1000000000
467 -194589.1000000000
483 -192022.1000000000
501 -190203.1000000000
506 -187556.1000000000
582 -186298.1000000000
608 -182570.1000000000
639 -179854.1000000000
661 -179378.1000000000
699 -176377.1000000000
712 -176243.1000000000
748 -176210.1000000000
755 -174604.1000000000
790 -173306.1000000000
822 -173227.1000000000
855 -171174.1000000000
862 -169424.1000000000
916 -169393.1000000000
930 -168046.1000000000
959 -167840.1000000000
994 -167016.1000000000
1014 -166925.1000000000
1031 -166621.1000000000
1061 -166279.1000000000
1066 -165677.1000000000
1103 -165648.1000000000
1122 -164482.1000000000
1157 -164442.1000000000
1162 -164170.1000000000
1179 -164125.1000000000
1181 -163234.1000000000
1209 -162534.1000000000
1226 -161795.1000000000
1227 -160883.1000000000
1242 -160338.1000000000
1268 25509.0705918838
1294 26367.7660825615
1336 26423.8423964700
1354 26793.7669611713
1463 27171.5818845678
1516 27203.9552585215
1518 27211.6317919427
1570 27367.7810141780
1575 27394.9271329843
1609 27488.5018851912
1638 27646.1763333652
1860 27783.6841623900
1873 28047.1939626832
3299 28073.6538877448
3393 28222.1817124416
3436 28260.4372484743
3438 28527.0032605446
3768 28642.1139048136
4740 28786.6814740420
5072 28906.8959518386
5125 28997.4704851594
5149 29020.5509734794
5198 29031.5204826726
5203 29048.0339902883
5276 29108.8319735993
5284 29159.9072006250
5285 29444.7952830618
5397 29736.9825829676
5456 29790.2073271181
5841 29823.8536537104
5986 29946.1425941399
6014 29966.0354609483
6038 30054.3057524835
6160 30205.3069953004
6366 30221.1825995045
6525 30418.6834735943
6531 30519.7175196562
7650 30536.8861848741
7901 30568.8234332104
8049 30710.2403907435
8122 30725.0144932278
8200 30864.5938299033
8234 30870.9339620340
8292 30941.2638286705
10020 30066.5775981764
evaluations raw_y
1 -285660.1000000000
2 -277999.1000000000
3 -277011.1000000000
6 -263379.1000000000
8 -246426.1000000000
22 -241517.1000000000
66 -238922.1000000000
68 -237993.1000000000
98 -236890.1000000000
101 -234905.1000000000
127 -234134.1000000000
129 -233533.1000000000
134 -231241.1000000000
139 -219469.1000000000
206 -210389.1000000000
234 -209552.1000000000
258 -209369.1000000000
271 -202934.1000000000
275 -198774.1000000000
304 -194587.1000000000
347 -191358.1000000000
390 -188477.1000000000
396 -187951.1000000000
426 -187288.1000000000
427 -185374.1000000000
467 -182496.1000000000
508 -181486.1000000000
527 -180175.1000000000
551 -179682.1000000000
593 -179203.1000000000
606 -178490.1000000000
658 -178433.1000000000
673 -177722.1000000000
684 -177221.1000000000
736 -176628.1000000000
745 -176604.1000000000
749 -175554.1000000000
780 -175205.1000000000
789 -175024.1000000000
799 -174820.1000000000
804 -174454.1000000000
848 -174106.1000000000
849 -173403.1000000000
865 -173342.1000000000
875 -170896.1000000000
927 -169428.1000000000
948 -168232.1000000000
992 -167544.1000000000
1001 -167318.1000000000
1023 -166023.1000000000
1031 -165064.1000000000
1106 -164237.1000000000
1125 -163988.1000000000
1144 -163243.1000000000
1145 -163182.1000000000
1150 -162789.1000000000
1154 -161814.1000000000
1209 -161000.1000000000
1228 -160999.1000000000
1231 -160420.1000000000
1262 -160323.1000000000
1268 -160272.1000000000
1278 26103.1974236073
1281 26421.7042167274
1311 26670.9350241688
1354 26973.2834617039
1427 27330.7511848696
1516 27404.9707180806
1556 27689.9933889407
1614 27699.6324763182
1675 27938.6544389906
1699 28023.8827047089
1768 28405.8602981198
1788 28462.2884531357
1890 28737.6120526095
1993 28865.4647756452
2080 28956.0160310006
2127 28997.2972649851
2176 29066.0389356628
2214 29075.8797938623
2230 29197.8932131525
2277 29202.9087712517
2393 29342.6157715172
2469 29379.0265929055
2496 29447.1210691177
2592 29588.6447757054
2746 29636.3477300361
2793 29716.6686871444
2837 29760.8132005489
2841 29852.7585383932
2864 29863.4461490122
2938 29960.9968043875
3311 30063.6399362732
4837 30163.7779246489
4935 30406.6670741671
5154 30514.7632186522
5379 30795.6910541165
5410 30980.8683688687
5659 31035.2207199151
5803 31187.2589874345
5862 31323.1904654897
8414 31561.6311449970
8958 31678.9051932070
9472 31812.9251530773
10020 -162355.1000000000
evaluations raw_y
1 -273476.1000000000
5 -265382.1000000000
10 -258798.1000000000
16 -253428.1000000000
23 -253326.1000000000
24 -252866.1000000000
33 -251940.1000000000
66 -251327.1000000000
77 -250813.1000000000
82 -249009.1000000000
107 -247525.1000000000
116 -240871.1000000000
147 -234586.1000000000
193 -233218.1000000000
197 -232860.1000000000
229 -232723.1000000000
231 -231710.1000000000
246 -229450.1000000000
266 -228985.1000000000
274 -227212.1000000000
295 -225726.1000000000
305 -225687.1000000000
317 -225562.1000000000
323 -224429.1000000000
328 -220201.1000000000
346 -217439.1000000000
401 -215744.1000000000
415 -215638.1000000000
420 -215273.1000000000
423 -215117.1000000000
428 -214781.1000000000
430 -212607.1000000000
461 -211712.1000000000
469 -211471.1000000000
475 -210991.1000000000
492 -210816.1000000000
502 -209462.1000000000
506 -209151.1000000000
520 -208581.1000000000
550 -206560.1000000000
582 -206108.1000000000
583 -205493.1000000000
625 -204918.1000000000
657 -204543.1000000000
663 -203225.1000000000
697 -202992.1000000000
702 -202185.1000000000
716 -201077.1000000000
717 -200014.1000000000
725 -198856.1000000000
767 -198682.1000000000
783 -198314.1000000000
785 -197945.1000000000
796 -197571.1000000000
797 -197434.1000000000
799 -197266.1000000000
807 -197240.1000000000
824 -196803.1000000000
834 -196179.1000000000
840 -195869.1000000000
845 -195503.1000000000
869 -195337.1000000000
872 -193872.1000000000
899 -193703.1000000000
901 -192982.1000000000
906 -192840.1000000000
916 -192479.1000000000
922 -192357.1000000000
947 -192005.1000000000
954 -191911.1000000000
965 -191801.1000000000
967 -189791.1000000000
993 -189281.1000000000
995 -188879.1000000000
1021 -187631.1000000000
1064 -187069.1000000000
1078 -186576.1000000000
1088 -185832.1000000000
1107 -184602.1000000000
1111 -183821.1000000000
1154 -182387.1000000000
1194 -181562.1000000000
1198 -179435.1000000000
1261 -177796.1000000000
1312 -177686.1000000000
1318 -177433.1000000000
1343 -177230.1000000000
1369 -176129.1000000000
1381 -176112.1000000000
1402 -175800.1000000000
1406 -174995.1000000000
1410 -174925.1000000000
1421 -174010.1000000000
1449 -173589.1000000000
1463 -173543.1000000000
1476 -173468.1000000000
1502 -172033.1000000000
1526 -171922.1000000000
1544 -171062.1000000000
1551 -170389.1000000000
1568 -169377.1000000000
1593 -168542.1000000000
1603 -168169.1000000000
1623 -168035.1000000000
1664 -167228.1000000000
1690 -166304.1000000000
1705 -165697.1000000000
1734 -165618.1000000000
1735 -165238.1000000000
1737 -164898.1000000000
1755 -163179.1000000000
1792 -162615.1000000000
1872 -161085.1000000000
1877 -160924.1000000000
1903 -160091.1000000000
1926 -160085.1000000000
1933 -159963.1000000000
1951 25644.4412549927
1979 25941.3152389984
2005 26169.0503010633
2106 26474.6722145259
2185 26566.2240137069
2189 26743.7550296790
2227 26854.8674978313
2262 26945.7917824118
2298 27075.0481914565
2346 27277.3558591031
2385 27597.9990810501
2428 27685.6140830681
2438 28112.8210236792
2503 28150.0703927704
2544 28226.6113700356
2579 28572.6994129074
2581 28588.1646472712
2647 28759.5531250215
2682 28882.3092216170
2741 28895.4402310989
2775 29093.6742311706
2863 29137.5060704564
2925 29138.9655172194
2938 29339.1295940140
3025 29465.7274616595
3043 29474.9081961120
3384 29580.0864096223
3728 29680.2037563129
3762 29782.1317463882
5814 29977.3607796024
5892 29993.9716751076
5919 30151.7942071928
7544 30159.5717859266
8055 30258.3811833393
8098 30552.0553050335
8265 30581.5874275100
8300 30660.1308427466
8471 30779.9375736568
8486 30885.1926176335
8611 31026.8339739458
8662 31155.8480114599
8737 31160.4485773170
9281 31182.1823129707
10020 31182.1823129707
evaluations raw_y
1 -279549.1000000000
2 -271634.1000000000
6 -267370.1000000000
8 -266832.1000000000
12 -263903.1000000000
21 -263646.1000000000
35 -260370.1000000000
55 -258059.1000000000
65 -257204.1000000000
72 -252268.1000000000
102 -238959.1000000000
141 -230738.1000000000
164 -229794.1000000000
169 -224520.1000000000
195 -224174.1000000000
205 -217192.1000000000
265 -212101.1000000000
271 -208625.1000000000
302 -206626.1000000000
308 -204768.1000000000
342 -202546.1000000000
348 -201626.1000000000
360 -201170.1000000000
378 -199181.1000000000
388 -197794.1000000000
402 -194041.1000000000
443 -192549.1000000000
467 -188856.1000000000
501 -188401.1000000000
520 -187951.1000000000
543 -182296.1000000000
607 -182249.1000000000
615 -181605.1000000000
624 -181342.1000000000
631 -181005.1000000000
667 -180767.1000000000
670 -179802.1000000000
687 -178366.1000000000
718 -177861.1000000000
744 -176417.1000000000
781 -175978.1000000000
806 -174886.1000000000
852 -174800.1000000000
863 -174326.1000000000
882 -173496.1000000000
924 -173271.1000000000
931 -173248.1000000000
936 -173206.1000000000
946 -173105.1000000000
958 -171989.1000000000
981 -171338.1000000000
1023 -170363.1000000000
1074 -169777.1000000000
1098 -168848.1000000000
1102 -167976.1000000000
1157 -167716.1000000000
1199 -167364.1000000000
1204 -166704.1000000000
1222 -163007.1000000000
1262 -162306.1000000000
1273 -161879.1000000000
1315 -161277.1000000000
1317 -161234.1000000000
1369 -161177.1000000000
1370 -161049.1000000000
1372 -161007.1000000000
1373 -160965.1000000000
1387 -160303.1000000000
1407 -160253.1000000000
1426 25377.0590409427
1434 25463.2192697654
1467 25567.8548582908
1495 25591.1184271996
1498 25665.1197736626
1506 25790.9181988597
1519 25806.8058048338
1576 25901.2188048443
1580 26042.0609829646
1581 26083.3124295800
1667 26369.0423596827
1669 26446.8106451577
1742 26520.4991207611
1783 26749.9145063757
1793 26767.5975480061
1835 26834.2623393136
1876 26951.2891819786
1891 26967.8314899561
1910 27199.2144308621
1997 27424.0983814353
2093 27604.1107133664
2159 27849.5756598907
2236 28086.3286085621
2567 28139.2361018234
2591 28332.0221476960
2647 28483.5376566271
2818 28583.8038859895
3177 28984.8711333729
3187 29087.6658953146
3323 29190.4390680080
3630 29214.4361200343
3694 29271.9812593762
3865 29381.5859847983
6328 29396.1368793403
6375 29435.1795675859
6437 29449.8532648072
6442 29531.7722856535
6467 29561.6482633031
6564 29563.6703368857
6724 29564.5042818343
7465 29719.4636106512
7758 29817.8498149461
7795 29877.6027041710
7857 29929.0707233449
7938 30205.8730914956
8074 30364.2309670220
8140 30377.0584894604
8499 30395.7181922277
9494 30547.0952888478
9551 30696.0451154444
9901 30771.2349547015
10020 -161103.1000000000
evaluations raw_y
1 -265447.1000000000
4 -261411.1000000000
23 -260210.1000000000
29 -254529.1000000000
62 -249721.1000000000
70 -237485.1000000000
119 -228744.1000000000
135 -228429.1000000000
143 -221502.1000000000
183 -217170.1000000000
186 -216873.1000000000
227 -213609.1000000000
239 -209790.1000000000
267 -209694.1000000000
274 -208004.1000000000
278 -207702.1000000000
286 -207297.1000000000
297 -205057.1000000000
303 -203669.1000000000
306 -201472.1000000000
319 -200083.1000000000
329 -199698.1000000000
349 -198543.1000000000
351 -198002.1000000000
353 -195701.1000000000
362 -188636.1000000000
423 -187652.1000000000
438 -187063.1000000000
439 -185947.1000000000
463 -182268.1000000000
467 -181678.1000000000
542 -181201.1000000000
543 -179145.1000000000
560 -178897.1000000000
577 -178784.1000000000
582 -177181.1000000000
625 -177057.1000000000
632 -176833.1000000000
646 -175576.1000000000
663 -174646.1000000000
665 -173495.1000000000
667 -173215.1000000000
702 -172470.1000000000
711 -171436.1000000000
743 -170673.1000000000
748 -170001.1000000000
767 -169631.1000000000
783 -168643.1000000000
822 -167613.1000000000
864 -166887.1000000000
884 -166480.1000000000
915 -165876.1000000000
929 -165313.1000000000
931 -165271.1000000000
942 -165003.1000000000
966 -164648.1000000000
979 -164258.1000000000
992 -163068.1000000000
994 -162507.1000000000
1022 -161474.1000000000
1066 -160288.1000000000
1098 26458.3815247614
1141 26715.9141790116
1226 26769.5560056876
1251 26790.8154565586
1304 26817.4575124441
1308 27092.1409234237
1327 27236.0349973842
1358 27491.7906977971
1475 27600.5573098157
1597 27884.7002116368
1691 28091.9768198303
1918 28285.0428014842
2084 28402.6031627218
2116 28407.0692144919
2129 28441.2605434636
2133 28446.9816682254
2162 28554.0094705359
2486 28654.0538377077
2708 28741.9287279660
2843 28824.9115548418
2902 28851.7638626882
3004 28986.5066821093
3074 29679.9781513707
3155 29999.1551083660
3507 30102.4639229945
3533 30224.3142943563
3636 30327.6764529917
3734 30383.9761074197
3805 30464.9650670385
4344 30592.4885958561
4515 30759.4982312503
5149 31155.2718182286
6269 31238.1165418060
6354 31280.7392965737
6638 31376.7912999747
6774 31499.8151330149
7059 31654.2245850566
7250 31681.6331404559
8305 31789.8028797770
8776 31902.2366008938
9575 32013.1618132531
9906 32124.3860732837
9974 32216.6617747602
10020 -159960.1000000000
evaluations raw_y
1 -272043.1000000000
2 -268123.1000000000
4 -264480.1000000000
9 -256712.1000000000
27 -253080.1000000000
51 -245308.1000000000
61 -243927.1000000000
101 -242654.1000000000
110 -239589.1000000000
120 -235170.1000000000
144 -232211.1000000000
151 -231481.1000000000
160 -230875.1000000000
186 -230161.1000000000
187 -226265.1000000000
191 -222394.1000000000
227 -221189.1000000000
239 -220991.1000000000
259 -220619.1000000000
261 -218686.1000000000
266 -216528.1000000000
280 -216210.1000000000
301 -213541.1000000000
307 -211677.1000000000
313 -211237.1000000000
323 -210706.1000000000
343 -210003.1000000000
346 -208470.1000000000
349 -207241.1000000000
378 -206172.1000000000
379 -205467.1000000000
390 -204928.1000000000
425 -203503.1000000000
431 -202724.1000000000
433 -202680.1000000000
441 -200482.1000000000
468 -200472.1000000000
475 -199578.1000000000
484 -199010.1000000000
497 -197856.1000000000
502 -196860.1000000000
530 -196288.1000000000
548 -195367.1000000000
550 -193225.1000000000
600 -192579.1000000000
604 -192505.1000000000
609 -190034.1000000000
661 -188868.1000000000
665 -188744.1000000000
686 -186843.1000000000
716 -186336.1000000000
744 -183461.1000000000
792 -182193.1000000000
824 -182039.1000000000
840 -181737.1000000000
865 -181423.1000000000
874 -181102.1000000000
887 -181022.1000000000
906 -179308.1000000000
942 -178312.1000000000
989 -177816.1000000000
1022 -176471.1000000000
1030 -174986.1000000000
1077 -174722.1000000000
1103 -173760.1000000000
1141 -171944.1000000000
1187 -171692.1000000000
1194 -170969.1000000000
1197 -170397.1000000000
1231 -169514.1000000000
1276 -169165.1000000000
1277 -169102.1000000000
1292 -168839.1000000000
1296 -166842.1000000000
1303 -166079.1000000000
1317 -165293.1000000000
1358 -164317.1000000000
1385 -163595.1000000000
1400 -163232.1000000000
1415 -161217.1000000000
1447 26480.3531740573
1517 26616.6009523102
1542 26692.1601746163
1564 26888.2870180634
1614 26928.7730096606
1625 27384.8150122602
1712 27557.2843734660
1830 27880.5880311782
2137 27979.6542511187
2301 28179.4634449946
2493 28279.3655050694
2785 28669.4015359125
2969 28794.4173505153
2991 28875.9746413735
3131 28977.1379441198
3136 29004.7057171242
3173 29137.0126811236
3197 29171.2322315769
3204 29281.8410673619
3276 29354.8677451929
3286 29406.8998568367
3308 29692.3497265824
3375 29845.9384604466
3406 30092.3050433291
3442 30229.6690920877
3510 30238.7704099945
4144 30463.7884211306
4323 30631.0367941216
4357 30633.2824137447
4422 30691.8913551968
4471 30795.4457538352
4584 30948.6468108869
4599 30956.0495515775
5392 30986.5513461294
5717 31187.3833369411
5884 31210.8090189506
6004 31367.0706252056
6067 31415.5680390660
9397 31416.2103284009
9522 31484.3171174858
9547 31539.0080605520
9783 31694.7964448241
9819 31696.7004971150
10020 -160321.1000000000
