evaluations raw_y
1 -0.4957464279
11 -0.4893742481
12 -0.4641779190
30 -0.4630693426
47 -0.4491177966
72 -0.4419023931
88 -0.4364208765
196 -0.4351229364
200 -0.4328686871
210 -0.4319409563
223 -0.4313546636
240 -0.4197479616
279 -0.4164129931
294 -0.4102315994
312 -0.4054700088
353 -0.4029171943
354 -0.3963026855
361 -0.3869768807
420 -0.3856137284
457 -0.3770755272
475 -0.3763053248
535 -0.3744200179
550 -0.3692441298
580 -0.3688736507
591 -0.3678936655
616 -0.3569088574
659 -0.3540767474
706 -0.3540525299
753 -0.3477427118
801 -0.3421926620
860 -0.3414516446
915 -0.3366401131
986 -0.3325870321
1023 -0.3299985482
1094 -0.3280731445
1123 -0.3258264897
1143 -0.3254846606
1180 -0.3251304389
1218 -0.3221949514
1241 -0.3205306720
1247 -0.3201764503
1281 -0.3198346212
1420 -0.3125521387
1519 -0.3119355565
1661 -0.3092814264
1712 -0.3089498524
1815 -0.3070929753
1830 -0.3060015953
1947 -0.3006819595
1989 -0.3006735743
2848 -0.3001934543
8008 -0.2967157260
16199 -0.2920664943
100000 -0.2958305872
evaluations raw_y
1 -0.4633439315
19 -0.4540559302
59 -0.4420992692
124 -0.4395218340
137 -0.4324336266
164 -0.4308343242
175 -0.4185447722
197 -0.4138781745
229 -0.4057308296
241 -0.3969797279
273 -0.3968519541
293 -0.3917297818
313 -0.3870471999
383 -0.3846771625
391 -0.3792399237
398 -0.3773982413
440 -0.3749626840
470 -0.3722064990
477 -0.3685322589
526 -0.3673797166
538 -0.3619378257
586 -0.3616263499
594 -0.3614870103
600 -0.3596196195
655 -0.3594998650
668 -0.3578775618
699 -0.3578167381
742 -0.3577717716
747 -0.3536504863
756 -0.3498045153
772 -0.3447839994
780 -0.3431477318
851 -0.3414987986
900 -0.3365102372
967 -0.3349083326
998 -0.3300338969
1039 -0.3266258066
1155 -0.3261603867
1191 -0.3249439003
1226 -0.3244438481
1251 -0.3200952978
1372 -0.3196806524
1451 -0.3184882222
1528 -0.3166172030
1569 -0.3162931647
1853 -0.3158130447
2170 -0.3151964624
2209 -0.3145827545
2280 -0.3139661723
2332 -0.3138204568
2342 -0.3132038745
3107 -0.3117456770
3175 -0.3116886142
4839 -0.3070393824
7875 -0.3061224465
7953 -0.3059155370
8578 -0.3020308564
29300 -0.3019130489
29481 -0.3000166118
29495 -0.2965538531
100000 -0.2965538531
evaluations raw_y
1 -0.4975868444
4 -0.4922655547
5 -0.4866594756
7 -0.4506228741
31 -0.4484280670
60 -0.4019041439
143 -0.3979614742
168 -0.3884319390
207 -0.3876443427
226 -0.3737040806
283 -0.3688086070
289 -0.3670548434
313 -0.3665588918
317 -0.3656825626
322 -0.3647138991
368 -0.3580781809
401 -0.3545306291
489 -0.3499779612
492 -0.3449755805
532 -0.3449637654
587 -0.3447094406
593 -0.3389275214
622 -0.3366315861
634 -0.3334838138
671 -0.3331802051
712 -0.3301063158
769 -0.3293963807
807 -0.3268471943
848 -0.3264830757
890 -0.3256547641
954 -0.3249882877
956 -0.3243605432
999 -0.3242120377
1016 -0.3237983715
1020 -0.3235322316
1086 -0.3233837261
1122 -0.3231175862
1127 -0.3218503253
1139 -0.3195932941
1197 -0.3183260332
1389 -0.3170018294
1451 -0.3167949199
1453 -0.3163353530
1548 -0.3149155362
1576 -0.3092174972
1629 -0.3076959588
1689 -0.3066869469
1798 -0.3066785618
1814 -0.3062068269
1902 -0.3061984418
1951 -0.3049765367
1996 -0.3049681516
2248 -0.3047612420
2359 -0.3040127464
2387 -0.2990587579
18958 -0.2989409503
20056 -0.2935817546
20711 -0.2920664943
100000 -0.2920664943
evaluations raw_y
1 -0.4937988341
4 -0.4806225322
24 -0.4582185995
39 -0.4362166536
111 -0.4352535676
138 -0.4346955833
155 -0.3885419900
295 -0.3866982849
315 -0.3857569518
316 -0.3832858295
351 -0.3811839075
361 -0.3727458110
433 -0.3696451750
446 -0.3609008168
473 -0.3536183343
517 -0.3518153819
520 -0.3506543353
614 -0.3496279904
646 -0.3481488960
661 -0.3471340513
670 -0.3453123948
701 -0.3417985469
752 -0.3416043176
770 -0.3403169646
787 -0.3396817712
818 -0.3392100630
943 -0.3366608766
998 -0.3361532682
1008 -0.3355437654
1010 -0.3343340525
1032 -0.3340067466
1042 -0.3335647843
1043 -0.3331813221
1055 -0.3317461263
1080 -0.3303202825
1122 -0.3234825736
1165 -0.3226884428
1223 -0.3224815332
1360 -0.3222110653
1381 -0.3212100249
1434 -0.3206401410
1456 -0.3171701058
1489 -0.3167554604
1552 -0.3164740550
1580 -0.3160594096
1706 -0.3160510245
1863 -0.3154344422
2049 -0.3149543222
6354 -0.3148365147
7211 -0.3094773189
11723 -0.3059995906
17866 -0.3044109892
18311 -0.3042845838
18492 -0.2989649479
19146 -0.2976389500
32630 -0.2958002651
100000 -0.2958002651
evaluations raw_y
1 -0.5097003338
4 -0.4693303981
5 -0.4591194721
74 -0.4479726482
107 -0.4365960562
117 -0.4318072825
135 -0.4314633024
161 -0.4215397340
203 -0.4131355858
252 -0.4000890325
279 -0.3992647168
281 -0.3916810059
321 -0.3885668511
331 -0.3787386193
362 -0.3735183139
406 -0.3646821989
465 -0.3614849164
492 -0.3540495204
522 -0.3528156013
541 -0.3506959544
562 -0.3434162357
578 -0.3379848645
671 -0.3376608262
700 -0.3370768970
705 -0.3369758526
718 -0.3310159061
737 -0.3293818194
767 -0.3283728076
807 -0.3243536327
890 -0.3236288579
897 -0.3218044463
985 -0.3203304517
1064 -0.3193214398
1134 -0.3179848889
1167 -0.3155018824
1247 -0.3136989300
1423 -0.3130028792
1493 -0.3126978897
1532 -0.3126895045
1533 -0.3120018388
1594 -0.3106710776
1618 -0.3103395036
1640 -0.3093384632
1716 -0.3091092134
1797 -0.3081081731
1987 -0.3073063321
2024 -0.3069822938
2259 -0.3069739087
2569 -0.3062116109
6670 -0.3015623791
14677 -0.3006454433
14834 -0.3004385337
15114 -0.3003179461
15124 -0.2965538531
100000 -0.2971237371
evaluations raw_y
1 -0.5086818334
10 -0.4937787031
11 -0.4888217224
18 -0.4774620730
19 -0.4606899321
29 -0.4548682839
61 -0.4341006011
119 -0.4264747932
143 -0.4263455523
156 -0.4210609341
166 -0.4201671660
196 -0.4159959658
215 -0.4097070038
223 -0.4092278631
235 -0.3954406525
256 -0.3810773121
303 -0.3787898406
310 -0.3707829890
342 -0.3696202094
361 -0.3625712203
368 -0.3617272033
379 -0.3599984859
411 -0.3591826308
413 -0.3556885149
415 -0.3548375055
433 -0.3534251699
458 -0.3520552611
465 -0.3425879870
518 -0.3410933361
551 -0.3396764628
555 -0.3368899479
584 -0.3312269950
614 -0.3309637866
653 -0.3303276060
705 -0.3298474860
721 -0.3258098112
750 -0.3255778541
772 -0.3250977341
777 -0.3250079702
851 -0.3245278502
912 -0.3237948730
935 -0.3235339756
939 -0.3220234940
990 -0.3205864258
1160 -0.3171461366
1326 -0.3149410222
1419 -0.3147488407
1508 -0.3120544967
5032 -0.3112685743
9469 -0.3094298894
15273 -0.3064816323
19237 -0.3029573402
23930 -0.2994796119
33562 -0.2988507221
50682 -0.2987412997
50726 -0.2987329146
85064 -0.2974069167
100000 -0.2974069167
evaluations raw_y
1 -0.4856443418
4 -0.4847291323
9 -0.4678090514
31 -0.4343280866
93 -0.4286164085
121 -0.4243099119
126 -0.4181101786
148 -0.4166105777
152 -0.3949288922
220 -0.3887552435
269 -0.3848402493
298 -0.3746296002
318 -0.3738709169
379 -0.3677326764
381 -0.3655146962
456 -0.3606940984
473 -0.3523203833
507 -0.3465756201
542 -0.3459335956
581 -0.3446841027
598 -0.3390471706
631 -0.3388753491
654 -0.3384452167
658 -0.3304346728
737 -0.3295170756
782 -0.3292422427
788 -0.3257180313
810 -0.3254518107
940 -0.3240147425
947 -0.3224763115
958 -0.3217352941
977 -0.3204405868
1017 -0.3197445360
1041 -0.3190909710
1071 -0.3190460044
1072 -0.3174201211
1115 -0.3160134424
1195 -0.3142104900
1345 -0.3132094496
1630 -0.3132010645
1753 -0.3125345881
1942 -0.3115826390
1987 -0.3115255762
2198 -0.3102952860
2774 -0.3098806406
3342 -0.3097628331
3789 -0.3051446547
3805 -0.3044036374
9113 -0.3028883770
9373 -0.3015623791
16080 -0.2995021103
55027 -0.2965538531
100000 -0.3045763997
evaluations raw_y
1 -0.4995639026
2 -0.4959876088
5 -0.4504198108
87 -0.4435128432
137 -0.4404507395
147 -0.4188316791
196 -0.4176586397
243 -0.4169724470
251 -0.4078804241
285 -0.4060644240
303 -0.3903349137
357 -0.3801694908
397 -0.3768264602
406 -0.3739570208
487 -0.3641602041
525 -0.3638183750
558 -0.3580573832
578 -0.3519788915
635 -0.3504069497
665 -0.3460264578
688 -0.3458037897
709 -0.3430049320
716 -0.3408004663
738 -0.3394392061
752 -0.3367347561
805 -0.3361081593
806 -0.3351627829
818 -0.3334766289
821 -0.3323639252
847 -0.3321358704
865 -0.3317994281
888 -0.3317940413
895 -0.3317387005
903 -0.3287165346
945 -0.3279793233
992 -0.3279326250
1017 -0.3274056332
1043 -0.3272383059
1101 -0.3259141022
1263 -0.3254339822
1336 -0.3236961157
1359 -0.3231262317
1491 -0.3231178466
1503 -0.3219878478
1536 -0.3145096214
1757 -0.3135690009
1952 -0.3119783915
2119 -0.3092696163
2162 -0.3086530341
2538 -0.3082383887
2637 -0.3067074123
6438 -0.3053472147
7981 -0.3018694864
17933 -0.3017516788
17979 -0.2963924831
32388 -0.2950664852
100000 -0.2977070111
evaluations raw_y
1 -0.5083249616
5 -0.4793166288
6 -0.4582795974
25 -0.4533417913
41 -0.4443046529
53 -0.4245338962
87 -0.4177800180
136 -0.4127851183
155 -0.4111776209
158 -0.4045812702
168 -0.4006084653
203 -0.3974801506
219 -0.3932570452
244 -0.3739991475
299 -0.3705960982
301 -0.3659052675
326 -0.3590100436
349 -0.3445618419
451 -0.3428648758
473 -0.3428037777
495 -0.3420527773
508 -0.3413770933
511 -0.3404721338
542 -0.3404628468
543 -0.3391505817
559 -0.3359588532
571 -0.3356272791
576 -0.3298139977
653 -0.3295558714
676 -0.3288420927
677 -0.3282242011
685 -0.3237722407
771 -0.3214927923
785 -0.3214697402
816 -0.3195987209
824 -0.3194612541
850 -0.3173192725
858 -0.3169445909
895 -0.3166130169
930 -0.3160431329
953 -0.3154669835
979 -0.3146651425
989 -0.3134246089
1007 -0.3122321788
1045 -0.3116764201
1064 -0.3114911614
1092 -0.3108745791
1125 -0.3081697039
1153 -0.3069772738
1154 -0.3067701349
1191 -0.3063606915
1327 -0.3057908076
1717 -0.3053106876
2260 -0.3049791135
2977 -0.3048613060
3220 -0.2995021103
27491 -0.2965538531
100000 -0.3102722596
evaluations raw_y
1 -0.4985963201
2 -0.4976266939
6 -0.4628744152
32 -0.4526033800
59 -0.4441640071
65 -0.4300510530
70 -0.4293054298
135 -0.3989776790
149 -0.3912175737
280 -0.3882253288
342 -0.3784568557
360 -0.3742284888
404 -0.3735733933
431 -0.3723761998
461 -0.3709816245
474 -0.3688264991
476 -0.3666908849
511 -0.3639311514
544 -0.3619020031
557 -0.3613230950
562 -0.3608553068
587 -0.3591664601
596 -0.3591578006
602 -0.3574754439
604 -0.3563118712
618 -0.3555100302
648 -0.3529227132
679 -0.3498940439
750 -0.3481226649
762 -0.3446500281
808 -0.3436485117
832 -0.3418378668
850 -0.3412970734
899 -0.3401046432
947 -0.3381353021
961 -0.3370569783
977 -0.3351506547
1007 -0.3321029897
1050 -0.3275618069
1076 -0.3263157212
1089 -0.3195826706
1164 -0.3168012505
1203 -0.3157922386
1229 -0.3153121186
1392 -0.3140818285
1431 -0.3140247657
1560 -0.3116644355
1736 -0.3106633951
1946 -0.3083556447
2605 -0.3083472596
2652 -0.3076146273
2667 -0.3076062422
6069 -0.3057675573
10197 -0.3044415594
20054 -0.3028529580
20560 -0.3027265525
20688 -0.2974069167
100000 -0.2997672468
