evaluations raw_y
1 -280452.1000000000
2 -272295.1000000000
4 -262954.1000000000
14 -254712.1000000000
29 -241965.1000000000
64 -237058.1000000000
101 -229588.1000000000
140 -229357.1000000000
143 -224264.1000000000
154 -223077.1000000000
183 -222756.1000000000
191 -222455.1000000000
196 -221540.1000000000
199 -220317.1000000000
206 -213947.1000000000
231 -213137.1000000000
233 -213074.1000000000
268 -213016.1000000000
277 -207040.1000000000
302 -205936.1000000000
336 -203475.1000000000
357 -201536.1000000000
382 -200794.1000000000
386 -197785.1000000000
436 -197590.1000000000
454 -197055.1000000000
455 -195619.1000000000
460 -195415.1000000000
485 -194316.1000000000
508 -192147.1000000000
512 -191998.1000000000
535 -190277.1000000000
542 -189052.1000000000
556 -188319.1000000000
584 -186574.1000000000
592 -184655.1000000000
627 -183161.1000000000
659 -182979.1000000000
661 -181690.1000000000
665 -179005.1000000000
741 -178762.1000000000
746 -177386.1000000000
749 -175296.1000000000
785 -174372.1000000000
825 -174322.1000000000
830 -171098.1000000000
898 -170422.1000000000
902 -169216.1000000000
921 -168339.1000000000
974 -168239.1000000000
986 -166860.1000000000
995 -166721.1000000000
1052 -166110.1000000000
1065 -165481.1000000000
1100 -164615.1000000000
1184 -164038.1000000000
1229 -163839.1000000000
1232 -163524.1000000000
1247 -162242.1000000000
1288 -162209.1000000000
1297 -161413.1000000000
1301 -161343.1000000000
1302 -161248.1000000000
1310 -160570.1000000000
1345 -160204.1000000000
1361 28340.1936580747
1527 28471.3473771856
1655 28537.9114282097
1661 28592.6973587857
1692 28732.9893857424
1840 28762.6742773664
2003 28810.9491266009
2066 28894.8292608222
2078 29271.2273906625
2212 29374.3132685833
2327 29498.6963080875
2336 29507.3561466076
2399 29597.1544079232
2476 29619.7249872650
2710 29756.2720088911
3252 29956.9258081551
3546 30057.2505572181
4133 30223.7928614168
4185 30249.7400782249
4234 30545.3227916931
4321 30682.9305942548
5441 30755.2807857083
5466 31065.9840688400
5590 31203.8325315842
5784 31261.1897367782
5859 31375.4018935423
7554 31389.8618594837
8213 31539.0203418367
8323 31589.1622550809
8355 31750.3765713036
8366 31830.8501820350
8474 31915.3006446874
8514 31975.3838326662
9058 32089.8694999584
10020 32089.8694999584
evaluations raw_y
1 -277131.1000000000
2 -267282.1000000000
3 -262831.1000000000
17 -259881.1000000000
23 -256805.1000000000
26 -254329.1000000000
43 -251151.1000000000
62 -247208.1000000000
83 -243450.1000000000
102 -242438.1000000000
103 -242007.1000000000
105 -241940.1000000000
108 -241770.1000000000
110 -232540.1000000000
131 -230244.1000000000
137 -230182.1000000000
141 -224002.1000000000
186 -223755.1000000000
191 -221573.1000000000
205 -221318.1000000000
220 -220843.1000000000
231 -218594.1000000000
254 -217503.1000000000
270 -209076.1000000000
272 -208346.1000000000
302 -206095.1000000000
328 -204665.1000000000
334 -203848.1000000000
349 -197668.1000000000
385 -194018.1000000000
461 -193523.1000000000
467 -191647.1000000000
478 -189013.1000000000
501 -187165.1000000000
548 -186186.1000000000
550 -185665.1000000000
572 -185355.1000000000
583 -183792.1000000000
629 -182766.1000000000
642 -182620.1000000000
663 -182466.1000000000
666 -182046.1000000000
670 -181449.1000000000
676 -180722.1000000000
702 -180599.1000000000
709 -180162.1000000000
718 -179249.1000000000
753 -179169.1000000000
764 -178193.1000000000
770 -177736.1000000000
783 -177657.1000000000
793 -176924.1000000000
800 -175282.1000000000
833 -175151.1000000000
879 -174781.1000000000
883 -174130.1000000000
892 -173459.1000000000
908 -173434.1000000000
920 -172602.1000000000
928 -172078.1000000000
940 -169023.1000000000
972 -168245.1000000000
987 -167495.1000000000
1000 -167405.1000000000
1059 -166068.1000000000
1064 -165960.1000000000
1080 -165783.1000000000
1102 -164376.1000000000
1177 -163215.1000000000
1190 -163127.1000000000
1197 -162659.1000000000
1222 -162167.1000000000
1236 -161926.1000000000
1251 -161823.1000000000
1265 -161398.1000000000
1266 -161169.1000000000
1281 -160277.1000000000
1321 26107.1739917166
1329 27527.7215635857
1355 27781.8882388783
1605 27825.0031355988
1616 28182.7792457198
1747 28226.0861907642
1843 28566.5979084368
2329 28569.9732862663
2395 28602.1877142455
2467 28788.7090858034
2552 28877.3578217714
2728 28977.5916071918
3137 29213.2108649120
3242 29322.7228048085
3661 29369.0607901873
3735 29512.0937554688
3796 29642.5657632300
3899 29674.0515281239
3955 29739.7595604226
3999 29771.3544260278
4389 29879.6043357331
4447 30100.7954093624
4526 30184.8865724466
4640 30291.4341973518
4677 30327.8776621884
4688 30449.6693381559
4841 30649.3145354557
4892 30659.9245742569
5031 30883.7113731647
5473 30938.4859241505
5804 31088.9536304732
5815 31235.9100693706
6077 31401.3298469960
6082 31472.4767621719
7134 31635.5778965739
7344 31736.0811630847
7435 31832.3451726385
7480 31872.4359928175
7509 31944.5700227058
7541 31984.6769735511
10020 31984.6769735511
evaluations raw_y
1 -285142.1000000000
2 -271304.1000000000
3 -267276.1000000000
7 -250692.1000000000
10 -245103.1000000000
29 -240409.1000000000
95 -239810.1000000000
97 -238565.1000000000
104 -235368.1000000000
109 -234581.1000000000
111 -233022.1000000000
138 -229127.1000000000
148 -228266.1000000000
154 -225359.1000000000
174 -225120.1000000000
181 -218736.1000000000
232 -218440.1000000000
245 -216472.1000000000
252 -215616.1000000000
258 -211956.1000000000
272 -210990.1000000000
302 -209513.1000000000
304 -205781.1000000000
306 -203622.1000000000
348 -203060.1000000000
370 -202912.1000000000
385 -201002.1000000000
391 -200510.1000000000
423 -199865.1000000000
427 -199679.1000000000
440 -199537.1000000000
443 -199343.1000000000
449 -199007.1000000000
469 -194981.1000000000
531 -194745.1000000000
541 -194164.1000000000
546 -192243.1000000000
556 -192227.1000000000
581 -192085.1000000000
584 -189612.1000000000
616 -189259.1000000000
633 -189120.1000000000
662 -187827.1000000000
676 -186894.1000000000
685 -186607.1000000000
707 -184357.1000000000
749 -184311.1000000000
752 -184113.1000000000
772 -183622.1000000000
786 -183615.1000000000
790 -183076.1000000000
798 -182836.1000000000
805 -182405.1000000000
827 -182203.1000000000
830 -181427.1000000000
836 -181284.1000000000
846 -180758.1000000000
863 -180479.1000000000
867 -178672.1000000000
916 -177627.1000000000
949 -176911.1000000000
972 -176468.1000000000
988 -175357.1000000000
1024 -175083.1000000000
1032 -174177.1000000000
1038 -173880.1000000000
1061 -171907.1000000000
1103 -171334.1000000000
1133 -170086.1000000000
1146 -168935.1000000000
1158 -168415.1000000000
1189 -167653.1000000000
1222 -166832.1000000000
1223 -165455.1000000000
1228 -165122.1000000000
1261 -164925.1000000000
1267 -163800.1000000000
1284 -163770.1000000000
1303 -162198.1000000000
1308 -162166.1000000000
1353 -161936.1000000000
1382 -161762.1000000000
1391 -161494.1000000000
1399 -160366.1000000000
1457 -160298.1000000000
1468 28467.4622681126
1550 28625.4555880725
1578 28634.5525090241
1604 28720.7006274437
1626 28801.6824140888
1698 29201.0202036385
1744 29432.2297041934
1873 29517.2322523908
2035 29615.8944159795
2058 29637.4823198560
2098 29660.5605684979
2148 29816.6639479400
2169 29838.2423025884
3423 29894.2217199871
3640 30056.1414307091
3659 30070.3782795424
3709 30226.7960695288
3731 30228.2876238779
4192 30247.6938783972
4557 30295.6773136003
4617 30296.1845445169
4684 30560.0440576408
4775 30874.9752475905
5058 30975.4118315310
5301 31090.3094818155
5846 31112.6330445617
5971 31274.3220730689
6414 31391.2485250299
6516 31428.3085596499
6565 31612.4536091209
6580 31765.5234231272
8022 32023.0603887421
8140 32217.4025448394
8797 32429.8948348962
8850 32579.9266920092
10020 -161161.1000000000
evaluations raw_y
1 -277320.1000000000
4 -271399.1000000000
5 -262871.1000000000
23 -261314.1000000000
25 -254291.1000000000
64 -251514.1000000000
66 -235805.1000000000
143 -227934.1000000000
166 -227837.1000000000
179 -221290.1000000000
186 -218917.1000000000
224 -216481.1000000000
274 -215104.1000000000
306 -208559.1000000000
362 -208430.1000000000
384 -205279.1000000000
393 -205053.1000000000
424 -204915.1000000000
428 -202894.1000000000
465 -202590.1000000000
468 -202514.1000000000
473 -201850.1000000000
484 -201720.1000000000
490 -200589.1000000000
501 -199122.1000000000
505 -196817.1000000000
559 -196584.1000000000
582 -191422.1000000000
649 -190616.1000000000
662 -190164.1000000000
668 -187014.1000000000
702 -186897.1000000000
712 -185856.1000000000
724 -185411.1000000000
744 -184412.1000000000
749 -184115.1000000000
777 -183259.1000000000
792 -182336.1000000000
812 -181779.1000000000
821 -181456.1000000000
830 -180434.1000000000
840 -180182.1000000000
856 -179720.1000000000
872 -177915.1000000000
901 -176446.1000000000
964 -174829.1000000000
1006 -174648.1000000000
1013 -174095.1000000000
1023 -173884.1000000000
1030 -172834.1000000000
1070 -172357.1000000000
1079 -170729.1000000000
1118 -169650.1000000000
1164 -169168.1000000000
1185 -169005.1000000000
1191 -168265.1000000000
1233 -168194.1000000000
1251 -167903.1000000000
1254 -165783.1000000000
1279 -165543.1000000000
1330 -164209.1000000000
1335 -161973.1000000000
1385 -161036.1000000000
1387 -160683.1000000000
1429 -160316.1000000000
1444 26039.4470734771
1463 26246.1868499598
1471 26276.8968107686
1493 26288.2669501349
1522 26308.1149645238
1523 26533.3861182999
1594 26686.7007210205
1851 26823.6934681452
2233 26949.8675593374
2290 27254.1813440988
2310 27283.8452135249
2387 27504.8520964151
2411 27748.6452723957
2460 28294.3687796380
2577 28404.8201095914
2611 28460.6690471366
2724 28599.9017872721
2805 28711.5186644042
2872 28820.9687560125
2969 29017.2620557228
3073 29041.1641559000
3406 29116.7061517395
3462 29124.7535760071
3619 29138.7921402297
3626 29313.7514254699
3690 29427.6802835581
3737 29664.8650332568
3752 29777.8739628241
3908 29894.9300204247
4682 29998.3627711346
5113 30118.5909265176
5551 30230.9406518043
5880 30499.0433308850
6096 30638.9433708193
6217 30727.0278973206
6222 30844.6180119987
6344 31129.9505821750
6395 31208.2484150020
6931 31282.4955570437
7114 31349.5261589530
7115 31375.6871804504
7123 31439.8996293133
7195 31503.3576313887
7267 31656.3869658339
9310 31696.0250969464
9456 31711.2624752061
9606 31775.7156037443
9756 31915.4607040636
10020 31915.4607040636
evaluations raw_y
1 -274623.1000000000
4 -268017.1000000000
5 -263649.1000000000
17 -257694.1000000000
58 -257214.1000000000
61 -256216.1000000000
63 -251837.1000000000
91 -247969.1000000000
95 -241709.1000000000
102 -237683.1000000000
141 -236397.1000000000
146 -234160.1000000000
148 -233697.1000000000
164 -233261.1000000000
168 -232288.1000000000
187 -227447.1000000000
194 -227334.1000000000
196 -226498.1000000000
198 -225991.1000000000
202 -225026.1000000000
222 -222329.1000000000
225 -222263.1000000000
240 -220598.1000000000
266 -214816.1000000000
296 -213515.1000000000
318 -207225.1000000000
352 -205854.1000000000
383 -205535.1000000000
388 -200822.1000000000
391 -200459.1000000000
426 -199271.1000000000
442 -199004.1000000000
470 -198254.1000000000
476 -195849.1000000000
503 -195393.1000000000
541 -195095.1000000000
550 -194323.1000000000
560 -193967.1000000000
578 -193059.1000000000
581 -193053.1000000000
583 -191073.1000000000
623 -190146.1000000000
635 -188301.1000000000
673 -187601.1000000000
701 -185855.1000000000
748 -185463.1000000000
756 -184545.1000000000
788 -182892.1000000000
805 -182468.1000000000
831 -182465.1000000000
868 -180524.1000000000
920 -178902.1000000000
956 -177222.1000000000
992 -175869.1000000000
1036 -175460.1000000000
1038 -175288.1000000000
1039 -175202.1000000000
1062 -174230.1000000000
1087 -173751.1000000000
1112 -173170.1000000000
1126 -172906.1000000000
1127 -172553.1000000000
1141 -171707.1000000000
1143 -169670.1000000000
1187 -169485.1000000000
1189 -169332.1000000000
1225 -168944.1000000000
1230 -167779.1000000000
1235 -167155.1000000000
1265 -166628.1000000000
1300 -166008.1000000000
1316 -165815.1000000000
1317 -164003.1000000000
1391 -163822.1000000000
1427 -163517.1000000000
1434 -163239.1000000000
1453 -162714.1000000000
1461 -162621.1000000000
1502 -162420.1000000000
1512 -162402.1000000000
1518 -161816.1000000000
1524 -161801.1000000000
1542 -161222.1000000000
1545 -161038.1000000000
1561 -160951.1000000000
1593 -160809.1000000000
1594 -160780.1000000000
1595 -160679.1000000000
1598 27763.0781069824
1602 28529.6443428058
1640 28872.5095940325
1658 29008.0891183085
1669 29011.0751074610
1685 29198.7961586388
1845 29303.3812961241
1867 29449.7905112422
1995 29594.5440869729
2081 29679.8030201872
2171 29695.7395696951
2304 29717.3912771118
2389 29763.1425297609
2479 29784.2959402594
2569 29806.1614731224
2668 29813.8800802591
2819 29998.1604512548
2880 30003.1138121134
2911 30006.7281398667
3030 30180.0691594092
3146 30419.2592491886
3285 30671.3086640793
3379 30673.7645613104
3913 30924.2587889409
4095 30967.6639104078
4519 31039.2850635815
4612 31080.5734747011
4671 31225.1898580899
4810 31232.0894237176
4874 31309.7329773194
4908 31387.7236921815
4932 31448.4250239719
5185 31548.4412694182
5408 31662.5392267783
7174 31822.1929155607
8691 31898.7195351886
8774 32046.7030662252
9464 32119.8892657688
10020 32119.8892657688
evaluations raw_y
1 -267031.1000000000
7 -258103.1000000000
9 -254033.1000000000
14 -249696.1000000000
34 -248482.1000000000
62 -244516.1000000000
81 -241239.1000000000
88 -233916.1000000000
105 -233705.1000000000
106 -233141.1000000000
109 -228028.1000000000
137 -223508.1000000000
143 -223152.1000000000
149 -221375.1000000000
186 -219782.1000000000
192 -214676.1000000000
197 -211038.1000000000
223 -210725.1000000000
226 -210428.1000000000
240 -209736.1000000000
254 -209357.1000000000
258 -208972.1000000000
263 -202452.1000000000
302 -202318.1000000000
308 -197621.1000000000
375 -195535.1000000000
387 -194741.1000000000
392 -194206.1000000000
428 -193371.1000000000
431 -193131.1000000000
437 -192879.1000000000
452 -192540.1000000000
461 -189999.1000000000
520 -188799.1000000000
522 -187374.1000000000
545 -187197.1000000000
554 -186786.1000000000
582 -185788.1000000000
600 -185386.1000000000
613 -184673.1000000000
632 -183946.1000000000
637 -183899.1000000000
664 -182957.1000000000
669 -182598.1000000000
674 -182050.1000000000
698 -182029.1000000000
706 -181011.1000000000
722 -179291.1000000000
740 -178691.1000000000
753 -174677.1000000000
839 -173857.1000000000
862 -173638.1000000000
866 -173517.1000000000
868 -171979.1000000000
921 -171784.1000000000
941 -169468.1000000000
992 -169435.1000000000
1002 -168327.1000000000
1047 -168022.1000000000
1054 -167717.1000000000
1064 -167145.1000000000
1077 -167030.1000000000
1103 -166646.1000000000
1105 -166340.1000000000
1120 -164842.1000000000
1145 -164750.1000000000
1179 -164507.1000000000
1183 -164220.1000000000
1189 -163989.1000000000
1194 -162956.1000000000
1225 -162350.1000000000
1264 -161400.1000000000
1312 -160211.1000000000
1348 27901.3574106559
1369 28079.3178631772
1384 28122.0214181526
1412 28224.7193886195
1425 28692.7164445548
1449 28740.1615145569
1489 28763.2506512549
1502 29180.8421798931
1649 29266.0457845275
1659 29381.3713326432
1764 29483.9599691689
1918 29504.1027218706
1979 29628.8447347051
2629 29919.7897867685
2919 30020.0122006441
3263 30220.4573494789
3530 30503.9497545991
4867 30597.5042981658
5085 30621.8363870878
5096 30739.1667392567
5572 30755.8764521465
5935 30867.1264334718
6216 30884.3300093180
6853 31280.6546416523
6916 31383.5834526665
7101 31432.3916089235
7547 31572.6993790987
7591 31659.2880311562
8971 31910.9583823876
9529 31948.1177665978
9756 32155.1194330605
9894 32157.2026881278
10020 -161029.1000000000
evaluations raw_y
1 -280738.1000000000
2 -280586.1000000000
4 -270808.1000000000
7 -259631.1000000000
28 -251471.1000000000
62 -250280.1000000000
98 -249505.1000000000
101 -243670.1000000000
109 -243445.1000000000
116 -238896.1000000000
148 -234735.1000000000
156 -231364.1000000000
189 -226191.1000000000
223 -222760.1000000000
270 -222101.1000000000
274 -220431.1000000000
291 -218574.1000000000
301 -218488.1000000000
306 -214239.1000000000
319 -213360.1000000000
344 -213333.1000000000
350 -212719.1000000000
364 -211686.1000000000
366 -210985.1000000000
369 -209370.1000000000
385 -206220.1000000000
428 -204969.1000000000
436 -200858.1000000000
464 -198618.1000000000
492 -196940.1000000000
501 -196921.1000000000
524 -195598.1000000000
571 -194187.1000000000
584 -192972.1000000000
592 -189333.1000000000
643 -187723.1000000000
662 -187348.1000000000
666 -185025.1000000000
707 -184143.1000000000
711 -182222.1000000000
722 -181942.1000000000
748 -179883.1000000000
757 -178580.1000000000
773 -178002.1000000000
782 -177422.1000000000
788 -177402.1000000000
814 -177216.1000000000
824 -177202.1000000000
845 -175348.1000000000
853 -175190.1000000000
856 -173982.1000000000
862 -173951.1000000000
869 -173688.1000000000
875 -171433.1000000000
905 -170146.1000000000
924 -169965.1000000000
927 -169805.1000000000
941 -169451.1000000000
969 -169166.1000000000
983 -168670.1000000000
985 -168518.1000000000
991 -167899.1000000000
999 -167050.1000000000
1001 -165964.1000000000
1021 -165490.1000000000
1027 -165358.1000000000
1063 -163751.1000000000
1085 -163116.1000000000
1104 -163090.1000000000
1113 -161970.1000000000
1144 -161878.1000000000
1154 -161827.1000000000
1157 -161783.1000000000
1165 -160063.1000000000
1185 -160052.1000000000
1190 26662.2744703603
1226 26824.5771008480
1286 26862.0130217482
1292 27028.9232196779
1408 27164.2304684711
1420 27211.7268994442
1441 27238.9553530443
1514 27715.7721859552
1760 27817.4068912250
2454 27935.3751918112
2665 28037.1002848477
3164 28166.2180348522
3319 28188.0981376628
3401 28284.1875001960
3494 28294.5931256739
3535 28423.9828900781
3572 28482.5431772175
3632 28680.4836641081
3674 28761.2429896802
3743 28869.0347442904
3768 28872.7332891458
3849 28973.0858038056
3932 28987.2634570220
3991 29219.7056535594
4187 29238.7810495932
4218 29342.0676937267
4278 29408.7218250865
4334 29454.6701771828
4355 29626.2574872481
4467 29755.5742709441
4563 29844.4686942423
4572 29867.8184011568
4587 30119.9186422520
4679 30124.9943741570
4756 30242.1906081568
4823 30320.7669231034
4830 30357.6261569881
4853 30554.2518336077
4901 30663.5853089541
4966 30860.5862424274
5001 30932.3107182384
5022 31032.6416019051
5070 31368.4170376198
5105 31468.7501484196
6295 31473.2280190265
6438 31619.1643533428
6964 31633.3718386015
7117 31841.9198526385
9613 32005.0741468797
9849 32117.4227228271
9993 32123.1146761834
10020 31513.4120006328
evaluations raw_y
1 -275991.1000000000
2 -264679.1000000000
15 -259767.1000000000
22 -257750.1000000000
34 -251468.1000000000
42 -242804.1000000000
70 -239348.1000000000
104 -237627.1000000000
118 -236688.1000000000
128 -236391.1000000000
133 -219720.1000000000
165 -219620.1000000000
166 -218910.1000000000
187 -216941.1000000000
200 -214446.1000000000
221 -214172.1000000000
229 -213188.1000000000
231 -210780.1000000000
264 -210614.1000000000
265 -209821.1000000000
269 -208073.1000000000
273 -207160.1000000000
302 -206475.1000000000
304 -204966.1000000000
314 -200986.1000000000
363 -199762.1000000000
367 -198659.1000000000
397 -197164.1000000000
402 -195055.1000000000
425 -193341.1000000000
469 -191858.1000000000
505 -191503.1000000000
510 -191323.1000000000
518 -190726.1000000000
519 -190385.1000000000
524 -188526.1000000000
547 -188000.1000000000
549 -186764.1000000000
579 -186426.1000000000
589 -184361.1000000000
625 -183741.1000000000
628 -183079.1000000000
663 -181847.1000000000
681 -180846.1000000000
702 -180082.1000000000
721 -179471.1000000000
764 -178420.1000000000
781 -177943.1000000000
785 -176755.1000000000
802 -176720.1000000000
826 -176347.1000000000
831 -176063.1000000000
836 -175317.1000000000
858 -175213.1000000000
862 -174139.1000000000
866 -172767.1000000000
905 -171149.1000000000
949 -170273.1000000000
982 -169168.1000000000
993 -168638.1000000000
999 -168228.1000000000
1016 -168108.1000000000
1023 -167689.1000000000
1025 -166243.1000000000
1043 -166112.1000000000
1074 -165825.1000000000
1091 -165449.1000000000
1104 -165375.1000000000
1110 -164996.1000000000
1111 -164591.1000000000
1127 -164277.1000000000
1150 -163281.1000000000
1159 -162682.1000000000
1193 -162365.1000000000
1206 -161824.1000000000
1227 -160691.1000000000
1266 -160568.1000000000
1272 27601.8520918076
1322 27604.6637728186
1415 27702.3926605385
1427 27830.0209038557
1472 27950.0541830405
1548 28333.2542589847
1568 28491.1583305901
1649 28514.2011115925
1678 29092.8109369454
1769 29136.7553639160
1793 29294.4150068350
1829 29587.5307667036
1950 29591.1198004301
1952 29619.9076372542
2028 29923.3410489069
2255 30023.5909844557
2316 30045.9253366303
2431 30146.1726459042
2626 30154.4814792919
2706 30165.7782057967
2710 30313.3751666476
2812 30345.3556345588
2860 30447.2464410469
3799 30447.4967812567
3845 30493.1298132616
3930 30610.3913610799
3982 30630.7189145211
4065 30695.1604839839
4153 30710.9802744978
4162 30715.6143627406
4189 30809.4820723271
4197 30839.7579756966
4272 30953.4304884476
6122 31480.8528497068
6860 31598.9967985994
6905 31701.9748425156
7634 31843.6487232364
8057 31968.3671476865
8812 32022.9974496673
9038 32255.0858653711
9339 32361.7527837890
9610 32645.2791228110
9640 32699.3557406058
9798 32719.3584421669
9821 32922.2514684560
10020 -160613.1000000000
evaluations raw_y
1 -275682.1000000000
6 -263016.1000000000
8 -262148.1000000000
22 -261327.1000000000
30 -259919.1000000000
31 -255936.1000000000
39 -251352.1000000000
61 -245772.1000000000
69 -243373.1000000000
86 -242773.1000000000
102 -242017.1000000000
105 -234017.1000000000
145 -233123.1000000000
153 -226668.1000000000
207 -218877.1000000000
225 -214967.1000000000
227 -212173.1000000000
265 -208490.1000000000
270 -208346.1000000000
314 -207655.1000000000
321 -206818.1000000000
344 -205925.1000000000
345 -204706.1000000000
347 -201986.1000000000
377 -201907.1000000000
382 -201255.1000000000
384 -197299.1000000000
411 -197290.1000000000
426 -195491.1000000000
436 -195279.1000000000
461 -193040.1000000000
479 -191837.1000000000
510 -191747.1000000000
512 -190607.1000000000
566 -190513.1000000000
582 -189263.1000000000
599 -188163.1000000000
630 -187089.1000000000
682 -186593.1000000000
696 -185203.1000000000
722 -185124.1000000000
741 -184266.1000000000
766 -183375.1000000000
779 -181937.1000000000
784 -181251.1000000000
820 -181080.1000000000
831 -180811.1000000000
846 -180773.1000000000
856 -180715.1000000000
862 -180011.1000000000
864 -178618.1000000000
871 -177849.1000000000
902 -177156.1000000000
905 -175182.1000000000
945 -175088.1000000000
958 -174155.1000000000
967 -173357.1000000000
981 -173309.1000000000
986 -172396.1000000000
993 -172364.1000000000
1021 -169095.1000000000
1089 -168349.1000000000
1133 -166624.1000000000
1169 -164236.1000000000
1199 -162011.1000000000
1233 -161823.1000000000
1302 -161817.1000000000
1307 -160633.1000000000
1356 -160296.1000000000
1358 25663.8119579205
1406 25711.0663591300
1427 25893.9121266425
1577 26157.9905832439
1584 26305.6096023893
1675 26521.8317062962
1696 26703.8956988195
1753 26818.5448616616
1765 26903.9827294861
1839 27009.2957146336
1847 27102.6281831675
1850 27109.0071384978
1860 27109.0407306922
1875 27221.7745585528
1904 27308.9783168283
1911 27480.3761921450
1976 27523.4152459183
1985 27594.5572181761
2012 27766.3666013807
2060 27837.6911843784
2072 27946.1122961303
2131 28195.4456373216
2204 28218.7859640971
2218 28246.9294703347
2276 28327.2285148173
2300 28378.8798564285
2315 28528.6817620645
2320 28649.1629045607
2333 28681.4369167085
2383 28778.4000830189
2387 28796.6885091926
2420 28911.3692908625
2464 29013.6795634469
2675 29115.6547764696
2957 29203.4858097549
3039 29384.5163870914
3199 29507.4780283592
3398 29801.3424610653
3477 29908.1635677134
3574 29987.8897142749
3662 30010.3584192958
3728 30090.1303457854
3849 30096.4997341236
3871 30327.6105867534
4020 30337.8038277085
4093 30410.9179066214
4218 30544.9745727499
4441 30612.9481891876
4534 30673.2074724825
4550 30844.0860446772
4554 30953.0279458065
4576 31009.3317977806
4582 31180.7900817256
4660 31285.2174281866
4666 31302.6143511090
5423 31324.9170354121
5530 31515.9441120911
5991 31646.3825619435
6697 31706.1474468341
6790 31891.4228124364
6863 31904.3281759253
7007 32139.6481309042
9132 32143.7811846385
10020 32143.7811846385
evaluations raw_y
1 -279566.1000000000
4 -260826.1000000000
7 -252975.1000000000
34 -252969.1000000000
46 -248453.1000000000
55 -240002.1000000000
101 -237312.1000000000
110 -234976.1000000000
144 -232927.1000000000
150 -232148.1000000000
161 -231468.1000000000
174 -226564.1000000000
197 -224672.1000000000
226 -222276.1000000000
242 -222172.1000000000
262 -219886.1000000000
265 -219763.1000000000
281 -213928.1000000000
314 -213603.1000000000
318 -211636.1000000000
344 -211419.1000000000
350 -204064.1000000000
384 -201965.1000000000
430 -196134.1000000000
464 -194181.1000000000
512 -193793.1000000000
540 -193511.1000000000
541 -192813.1000000000
545 -192718.1000000000
550 -192380.1000000000
553 -192263.1000000000
574 -192250.1000000000
581 -191967.1000000000
586 -191604.1000000000
605 -190864.1000000000
618 -189421.1000000000
637 -188835.1000000000
684 -188741.1000000000
702 -187703.1000000000
705 -186441.1000000000
709 -186294.1000000000
751 -185842.1000000000
782 -184311.1000000000
800 -184272.1000000000
813 -182705.1000000000
821 -181930.1000000000
865 -181473.1000000000
874 -179121.1000000000
917 -178818.1000000000
941 -178179.1000000000
945 -176925.1000000000
983 -174914.1000000000
986 -173831.1000000000
1025 -173625.1000000000
1035 -172430.1000000000
1062 -172368.1000000000
1079 -171640.1000000000
1092 -171355.1000000000
1106 -170866.1000000000
1110 -170811.1000000000
1117 -170324.1000000000
1134 -169718.1000000000
1143 -169613.1000000000
1151 -169424.1000000000
1155 -168798.1000000000
1177 -166206.1000000000
1208 -165586.1000000000
1224 -165196.1000000000
1262 -165123.1000000000
1272 -161614.1000000000
1306 26383.1152765100
1342 26542.3728818967
1344 26583.4886757282
1404 26784.3617978388
1477 26884.3020831102
1478 26994.2310229841
1529 27079.9893768769
1582 27081.3420926852
1628 27085.2266365242
1644 27179.9011382920
1669 27181.4371090011
1716 27281.3467949465
1808 27285.3821835084
1861 27385.3071575434
1873 27403.9959848214
1906 27658.5001159128
1964 27893.7232606757
2130 27943.5624964310
2137 27994.9981691505
2152 28093.6996005633
2209 28194.8987719141
2311 28199.2624177367
2346 28266.9333036051
2469 28288.8001699602
2471 28513.1287151969
2549 28655.2336886447
2639 28908.4271714573
2708 28938.2095955200
2775 28963.1908029396
2783 29102.4047795070
2790 29130.7038133468
2876 29227.6379995135
2900 29232.7078448135
2933 29303.3151982625
2958 29319.3956496000
2985 29520.3885354919
3053 29838.5434654810
3268 29845.6360843129
3284 29851.9515076641
3341 30033.8070962913
3390 30160.4270390152
3420 30163.5662049533
3432 30205.9599931585
3489 30323.3171833828
3503 30416.6868300911
3550 30423.5563494418
3593 30532.7158410183
3661 30588.4626072457
4101 30595.6181043943
6043 30989.2714946236
6101 31014.9782419011
6746 31131.8718405159
8159 31273.7590985405
8207 31391.0619194895
8239 31437.1434383811
8486 31468.0058303477
8509 31476.6159583896
8594 31486.1468350873
8769 31767.3729130277
10020 31767.3729130277
evaluations raw_y
1 -271737.1000000000
5 -270623.1000000000
6 -268810.1000000000
15 -267828.1000000000
18 -255099.1000000000
42 -250423.1000000000
43 -248893.1000000000
45 -244702.1000000000
83 -244375.1000000000
95 -243739.1000000000
100 -241729.1000000000
101 -237659.1000000000
103 -236451.1000000000
124 -233913.1000000000
146 -233136.1000000000
152 -233086.1000000000
160 -232682.1000000000
169 -230795.1000000000
171 -230226.1000000000
184 -230065.1000000000
185 -229241.1000000000
187 -227500.1000000000
196 -227067.1000000000
221 -225930.1000000000
223 -224013.1000000000
246 -222722.1000000000
250 -218090.1000000000
264 -216542.1000000000
310 -214727.1000000000
334 -214179.1000000000
350 -209580.1000000000
382 -209134.1000000000
386 -207128.1000000000
422 -206482.1000000000
428 -205459.1000000000
462 -202784.1000000000
502 -202367.1000000000
510 -201759.1000000000
539 -200250.1000000000
542 -200048.1000000000
553 -199176.1000000000
554 -199024.1000000000
581 -198299.1000000000
588 -198151.1000000000
618 -197908.1000000000
627 -197234.1000000000
630 -193839.1000000000
662 -193371.1000000000
671 -192096.1000000000
703 -191954.1000000000
730 -190562.1000000000
736 -188685.1000000000
758 -184390.1000000000
825 -182816.1000000000
849 -182733.1000000000
881 -181813.1000000000
885 -180963.1000000000
886 -180859.1000000000
904 -180223.1000000000
930 -179097.1000000000
950 -179089.1000000000
954 -178865.1000000000
963 -178025.1000000000
981 -176887.1000000000
1028 -175787.1000000000
1066 -173757.1000000000
1110 -172658.1000000000
1194 -171558.1000000000
1223 -170706.1000000000
1267 -170549.1000000000
1284 -169901.1000000000
1335 -169799.1000000000
1339 -168996.1000000000
1341 -168775.1000000000
1386 -168768.1000000000
1393 -167276.1000000000
1440 -167203.1000000000
1443 -166112.1000000000
1478 -165648.1000000000
1506 -165531.1000000000
1512 -164614.1000000000
1526 -163125.1000000000
1585 -162155.1000000000
1626 -162148.1000000000
1628 -161022.1000000000
1662 -160000.1000000000
1708 25481.7405016453
1711 25570.7324769658
1718 26375.2664630436
1810 26953.0920098697
1907 27609.7119174550
1969 27753.1100330334
1984 27808.5008419063
2001 27861.8783277226
2046 28170.0887400490
2148 28270.4497528948
2238 28407.4228674834
2268 28419.2295450872
2270 28612.0993857317
2307 28712.0613552064
2424 28748.0008522915
2502 28807.6992502671
2591 28845.6034874052
2621 29330.3204138552
2673 29484.3050644492
2854 29484.4953230799
2962 29622.8577834607
3042 29786.5757377665
3125 29835.3247819831
3266 29889.0197581733
3364 29938.6457075771
3661 29985.9911219292
3762 29994.8786426867
3894 30032.7025009121
4185 30036.4979484872
4214 30117.6684936787
4236 30233.3204291586
4636 30389.9870160153
4681 30418.6961429791
4774 30435.1142891498
4813 30584.9694869809
6361 30602.6564667435
6467 30732.3466724026
6670 30746.9560502728
6983 30858.2451891953
8061 31250.2220634638
8178 31464.5871159541
8836 31518.5727336455
8876 31658.3415587997
9389 31664.9914191677
9487 31791.8746567440
9596 31921.9400798237
10020 31422.1249648200
evaluations raw_y
1 -257440.1000000000
7 -252172.1000000000
30 -249292.1000000000
55 -245281.1000000000
68 -236710.1000000000
136 -233692.1000000000
141 -228608.1000000000
167 -227678.1000000000
182 -226405.1000000000
184 -224872.1000000000
191 -223470.1000000000
221 -222022.1000000000
230 -221798.1000000000
242 -220992.1000000000
261 -220057.1000000000
268 -211754.1000000000
316 -209798.1000000000
345 -208767.1000000000
349 -205337.1000000000
355 -205104.1000000000
385 -202599.1000000000
423 -201362.1000000000
429 -200255.1000000000
449 -199131.1000000000
465 -198583.1000000000
471 -196509.1000000000
485 -196039.1000000000
491 -195186.1000000000
501 -194212.1000000000
519 -190776.1000000000
542 -189588.1000000000
585 -188949.1000000000
587 -188402.1000000000
599 -188377.1000000000
621 -187270.1000000000
630 -187219.1000000000
637 -187189.1000000000
664 -186241.1000000000
667 -184377.1000000000
724 -183693.1000000000
750 -182220.1000000000
766 -181270.1000000000
782 -181244.1000000000
804 -180487.1000000000
815 -180311.1000000000
825 -179641.1000000000
835 -177904.1000000000
865 -175469.1000000000
914 -173039.1000000000
951 -171713.1000000000
1008 -170087.1000000000
1061 -170004.1000000000
1088 -169190.1000000000
1114 -168657.1000000000
1115 -167114.1000000000
1164 -166528.1000000000
1186 -165476.1000000000
1222 -164443.1000000000
1240 -164297.1000000000
1263 -164185.1000000000
1265 -163373.1000000000
1279 -162888.1000000000
1314 -162200.1000000000
1354 -161417.1000000000
1383 27017.8360000068
1505 27031.4248270509
1535 27512.6235645757
1551 27612.4898556680
1679 27668.8471267603
1691 27736.2061121344
1707 27951.5720314829
1797 28554.4695138718
1908 28583.0960178851
2012 28838.7242695186
2112 28996.6992179438
2262 29149.7476713581
2493 29275.5601310930
2634 29304.8056561189
2644 29579.3261849242
2791 29761.4026224793
2815 29961.4101536561
2818 30039.0138065285
2841 30084.0057725966
2891 30098.4065852202
2938 30158.6617720280
2970 30351.3960825617
3035 30358.7594878638
3057 30358.7617787430
3062 30502.2710685119
3070 30558.8579327994
3183 30827.1794895718
3280 31091.0169507197
3543 31213.1306130912
3565 31222.4834502368
4182 31419.2316956678
4337 31520.9433327174
4573 31623.2065556765
4590 31628.8122326840
4668 31731.0220291427
5103 31864.0858354512
5491 31929.4589843251
5542 32095.0084337632
6430 32113.4261407934
6570 32288.2375139898
7734 32464.1431860036
7981 32479.0089974711
8411 32557.5517615241
8920 32642.6476869174
9268 32822.6756792414
9567 32851.0412904548
10020 32851.0412904548
evaluations raw_y
1 -266752.1000000000
5 -263358.1000000000
10 -262485.1000000000
13 -256677.1000000000
53 -255755.1000000000
61 -252359.1000000000
67 -246925.1000000000
100 -243663.1000000000
112 -242774.1000000000
133 -234480.1000000000
155 -234000.1000000000
181 -227728.1000000000
226 -223521.1000000000
259 -223160.1000000000
262 -220025.1000000000
263 -218214.1000000000
270 -217311.1000000000
303 -215777.1000000000
309 -211786.1000000000
346 -207564.1000000000
363 -203686.1000000000
421 -198176.1000000000
470 -198035.1000000000
488 -197503.1000000000
491 -197123.1000000000
501 -196113.1000000000
514 -195457.1000000000
523 -193371.1000000000
555 -193004.1000000000
560 -191115.1000000000
593 -190634.1000000000
623 -190370.1000000000
626 -189275.1000000000
654 -188280.1000000000
661 -185629.1000000000
694 -185480.1000000000
703 -185386.1000000000
713 -184917.1000000000
715 -183998.1000000000
741 -183580.1000000000
745 -183542.1000000000
748 -182501.1000000000
791 -182482.1000000000
803 -182217.1000000000
805 -181539.1000000000
815 -180603.1000000000
823 -180127.1000000000
863 -179831.1000000000
867 -178964.1000000000
903 -178872.1000000000
919 -178161.1000000000
937 -177129.1000000000
949 -175172.1000000000
990 -173946.1000000000
1033 -173464.1000000000
1036 -173450.1000000000
1038 -171766.1000000000
1065 -171489.1000000000
1076 -171303.1000000000
1110 -170524.1000000000
1122 -169816.1000000000
1129 -167757.1000000000
1177 -167687.1000000000
1187 -166216.1000000000
1194 -165995.1000000000
1232 -165708.1000000000
1236 -164617.1000000000
1261 -164338.1000000000
1269 -164075.1000000000
1307 -163459.1000000000
1321 -162100.1000000000
1354 -161695.1000000000
1370 -160418.1000000000
1385 26903.9273582190
1388 27371.6949007375
1462 27388.5969964021
1502 27425.8231924661
1504 27437.2446567139
1507 27533.6637383259
1559 27859.6849650202
1581 27985.5160292670
1601 28015.5377288549
1698 28105.8936412002
1699 28423.4917810310
1703 28525.1821830752
1798 28532.3860725761
1802 28589.8965349858
1865 28633.8004368282
1902 28692.0645220272
1975 28708.0839415313
1983 28833.4437137011
1986 28873.9129862702
2123 28980.7205649788
2203 28997.4629914839
2417 29108.5783132848
2521 29263.7316007955
2574 29322.4329665307
2609 29365.8567799316
2733 29374.8735525124
2933 29479.7137013008
2985 29580.9979941994
3194 29680.9965756710
3353 29840.9620729165
3476 29920.9543618764
3541 30176.8435310463
3604 30270.3849996494
3630 30277.4714626421
3712 30288.4092876213
3840 30406.1200317115
4012 30535.6113950513
4209 30639.3149409844
4366 30643.1525849590
4460 30807.2726556517
4552 30820.5011612753
4657 30820.9753717297
4685 30925.2056708933
5250 31075.1572844024
5620 31107.1462681371
5676 31186.6305088507
5701 31200.8983795480
5778 31222.1842558053
5790 31421.0860331780
5895 31422.6899208222
6916 31457.7722443771
6997 31516.2738510981
7007 31590.4537480507
7131 31601.8868960205
7178 31624.4157072058
7180 31731.0716878231
7201 31751.3007107838
7206 31807.3829438749
7237 31969.6888065049
8327 31977.5518689056
8475 32039.2784678033
8958 32100.9386463803
9115 32241.9914720093
9521 32289.9627634650
9694 32327.9875991719
9892 32466.7798312488
10020 -160625.1000000000
evaluations raw_y
1 -268420.1000000000
6 -268299.1000000000
13 -263065.1000000000
14 -257596.1000000000
43 -255427.1000000000
54 -248236.1000000000
70 -246911.1000000000
85 -244886.1000000000
103 -242383.1000000000
105 -233680.1000000000
142 -231864.1000000000
180 -231214.1000000000
182 -230356.1000000000
184 -224066.1000000000
222 -219099.1000000000
237 -218775.1000000000
248 -217844.1000000000
255 -216375.1000000000
261 -213890.1000000000
272 -212584.1000000000
279 -212511.1000000000
304 -211003.1000000000
305 -208845.1000000000
315 -207097.1000000000
330 -203516.1000000000
374 -203241.1000000000
383 -202539.1000000000
387 -201692.1000000000
391 -200356.1000000000
411 -200205.1000000000
420 -199475.1000000000
421 -197164.1000000000
443 -196897.1000000000
453 -196462.1000000000
462 -195343.1000000000
475 -193595.1000000000
504 -191313.1000000000
542 -190161.1000000000
545 -187627.1000000000
549 -186091.1000000000
587 -181927.1000000000
604 -181179.1000000000
632 -179892.1000000000
661 -177696.1000000000
710 -176872.1000000000
740 -176672.1000000000
741 -175944.1000000000
743 -175751.1000000000
774 -175580.1000000000
785 -174485.1000000000
788 -172683.1000000000
878 -171852.1000000000
903 -170452.1000000000
941 -170104.1000000000
943 -168723.1000000000
991 -167927.1000000000
1015 -164871.1000000000
1074 -164498.1000000000
1102 -164300.1000000000
1143 -164085.1000000000
1146 -163764.1000000000
1152 -163662.1000000000
1153 -163284.1000000000
1160 -163264.1000000000
1182 -162583.1000000000
1183 -162530.1000000000
1201 -162187.1000000000
1224 -161987.1000000000
1255 -161677.1000000000
1262 -161543.1000000000
1293 -161242.1000000000
1296 -161128.1000000000
1311 -160981.1000000000
1314 -160780.1000000000
1315 -160679.1000000000
1330 -160648.1000000000
1350 -160199.1000000000
1356 25438.1982218386
1388 25666.4008696783
1413 25783.9877810475
1439 25795.9188950547
1477 25880.5915995732
1491 25886.8982353385
1516 26057.9616024701
1551 26129.7352146515
1559 26185.1391372861
1585 26267.2760856432
1593 26275.6632356405
1629 26803.9896383228
1699 27094.7756032056
1715 27148.6199713211
1786 27359.5019499466
1843 27571.2771779819
1871 27648.4273066592
1891 27855.4096591845
1901 28191.3628181625
1955 28442.2121013037
2021 28460.9108061539
2037 29112.7664595537
2249 29219.3927480737
2290 29424.8316837150
2415 29546.4309527172
2474 29563.5600368912
2490 29729.4560827614
2565 29869.7747234055
2634 29970.5557085849
2699 30311.5848753345
2765 30350.7763957915
2928 30402.5867104204
2934 30503.6525801181
3230 30609.6533523895
3340 30692.1905622735
3384 30792.3497941893
3733 30818.9045419553
4090 31090.7404801241
4224 31371.6908201999
6084 31840.0890367932
6261 31930.8664660561
7104 32132.3923016672
7517 32145.2499548281
7595 32203.3384172791
7620 32548.5594351163
10020 -160332.1000000000
evaluations raw_y
1 -244322.1000000000
39 -241327.1000000000
55 -238220.1000000000
87 -236190.1000000000
101 -231799.1000000000
141 -231580.1000000000
154 -231035.1000000000
157 -227352.1000000000
176 -220339.1000000000
181 -219969.1000000000
221 -212970.1000000000
267 -208996.1000000000
313 -208774.1000000000
342 -207007.1000000000
350 -203081.1000000000
385 -202192.1000000000
408 -200795.1000000000
426 -200667.1000000000
431 -196503.1000000000
485 -196318.1000000000
501 -195292.1000000000
508 -194707.1000000000
515 -193157.1000000000
552 -192093.1000000000
575 -191242.1000000000
595 -190486.1000000000
632 -188735.1000000000
679 -188265.1000000000
710 -188094.1000000000
716 -187316.1000000000
729 -186781.1000000000
737 -186455.1000000000
750 -186376.1000000000
754 -185178.1000000000
787 -184837.1000000000
816 -184765.1000000000
819 -184313.1000000000
826 -183667.1000000000
831 -182733.1000000000
836 -180456.1000000000
902 -178883.1000000000
909 -177139.1000000000
944 -177067.1000000000
948 -176260.1000000000
984 -176218.1000000000
991 -175773.1000000000
993 -174438.1000000000
1024 -174045.1000000000
1040 -173784.1000000000
1048 -172482.1000000000
1062 -172010.1000000000
1074 -171793.1000000000
1076 -171105.1000000000
1111 -168824.1000000000
1155 -167471.1000000000
1189 -167238.1000000000
1214 -166096.1000000000
1250 -165817.1000000000
1263 -165705.1000000000
1292 -164939.1000000000
1311 -164535.1000000000
1321 -164508.1000000000
1324 -164078.1000000000
1366 -162465.1000000000
1381 -161755.1000000000
1433 -161550.1000000000
1436 -161288.1000000000
1440 -161261.1000000000
1453 -161026.1000000000
1464 27407.6291869640
1497 27488.4191797197
1581 27567.4961524829
1617 27724.4395487663
1675 27808.3629381643
1681 27850.8039296406
1706 27909.4774700806
1751 27964.5546542427
1782 28039.1100377989
1804 28139.3506136240
1805 28151.2615483443
1822 28472.1132491863
1912 28610.0193921966
2102 28785.3149951617
2124 28810.1972981311
2197 29210.5462853183
2306 29229.6506086258
2628 29330.9060049570
2695 29444.4581267153
2786 29538.0617268234
2985 29639.9716178558
3170 29646.5801514594
3429 29775.6166525993
3589 29899.6927235094
3699 29911.2678157617
3731 29987.1866168116
3742 30009.5768709686
3790 30025.3215242057
3887 30086.8878863932
3933 30112.7241241783
4232 30118.6860962723
4429 30121.7008792226
4580 30125.4235767051
4727 30244.8111142523
4762 30371.3035714966
5028 30471.6263759504
5140 30523.4637364745
5210 30623.7584064299
5423 30642.7233836073
5562 30955.0884184217
5710 31199.0778294677
6777 31264.1764669536
7231 31271.1913535765
7394 31382.3623331750
7412 31481.3408004764
7498 31505.1957772100
7527 31505.6753069773
7615 31509.4060599127
9023 31517.4962681171
9106 31532.4532760036
9163 31630.9329136587
9324 31649.2643243705
9341 31783.9904359772
9906 31856.8070405799
10020 31783.9904359772
evaluations raw_y
1 -259308.1000000000
37 -255685.1000000000
66 -254233.1000000000
88 -250439.1000000000
102 -244138.1000000000
133 -241496.1000000000
141 -239890.1000000000
184 -236644.1000000000
188 -236325.1000000000
191 -231309.1000000000
210 -230628.1000000000
229 -226242.1000000000
248 -221907.1000000000
277 -216421.1000000000
308 -215328.1000000000
311 -212429.1000000000
314 -211164.1000000000
342 -210426.1000000000
358 -210224.1000000000
366 -207105.1000000000
392 -204196.1000000000
410 -201695.1000000000
444 -197300.1000000000
462 -196513.1000000000
468 -195659.1000000000
473 -194099.1000000000
492 -192719.1000000000
503 -192062.1000000000
529 -191013.1000000000
538 -188407.1000000000
546 -187852.1000000000
581 -186682.1000000000
588 -186121.1000000000
602 -184876.1000000000
635 -184565.1000000000
653 -184257.1000000000
677 -183778.1000000000
687 -183511.1000000000
692 -182594.1000000000
703 -182431.1000000000
721 -182160.1000000000
732 -180734.1000000000
751 -180450.1000000000
761 -179297.1000000000
797 -178409.1000000000
801 -177219.1000000000
844 -175934.1000000000
889 -174946.1000000000
916 -174724.1000000000
917 -174338.1000000000
928 -173188.1000000000
957 -173038.1000000000
977 -171502.1000000000
981 -169138.1000000000
1030 -169074.1000000000
1036 -168208.1000000000
1056 -168136.1000000000
1064 -167692.1000000000
1087 -166709.1000000000
1142 -166456.1000000000
1143 -165290.1000000000
1148 -165099.1000000000
1194 -165076.1000000000
1201 -164936.1000000000
1206 -164875.1000000000
1221 -164687.1000000000
1229 -163528.1000000000
1285 -163069.1000000000
1289 -162213.1000000000
1347 -161437.1000000000
1390 -161069.1000000000
1397 27539.1529924438
1443 27816.2151201244
1490 27930.8846889324
1583 27960.8432074617
1617 28056.6388312900
1630 28123.2676415085
1703 28666.5501399738
1805 28794.8979371101
1821 28804.1521738102
1831 28881.6061431277
1933 29230.2815630741
1998 29380.2290999803
2233 29544.6581844646
2317 29647.7314528172
2784 29783.8870469700
2979 29859.1776116958
3056 29984.4860462613
3088 29991.3978202557
3100 30066.5432010821
3160 30208.1921875075
3348 30294.2193710954
3387 30432.4246662805
3468 30693.6473275609
3904 30954.1644363110
4161 31225.9979350544
4231 31231.7161622014
4321 31373.4523699618
4397 31498.0405995040
4572 31566.4103814085
4589 31642.3185438181
5104 31756.2758449980
7019 31930.0835329177
7557 32087.4184006403
7909 32146.9582524212
7981 32177.4354430640
8835 32180.2319973469
8925 32211.1065767122
9021 32213.9268928289
9023 32233.1016021954
9170 32264.8035738719
10020 -160757.1000000000
evaluations raw_y
1 -291929.1000000000
2 -291120.1000000000
4 -262083.1000000000
28 -252652.1000000000
65 -249603.1000000000
86 -248352.1000000000
98 -242637.1000000000
114 -242593.1000000000
132 -239994.1000000000
142 -234233.1000000000
158 -233299.1000000000
166 -232420.1000000000
185 -232154.1000000000
188 -230948.1000000000
191 -228975.1000000000
203 -228817.1000000000
220 -228525.1000000000
223 -225553.1000000000
228 -223651.1000000000
263 -222153.1000000000
266 -221457.1000000000
273 -216610.1000000000
298 -215127.1000000000
302 -214163.1000000000
313 -207727.1000000000
365 -207132.1000000000
375 -207000.1000000000
381 -201486.1000000000
425 -200762.1000000000
436 -200668.1000000000
466 -199627.1000000000
472 -198842.1000000000
488 -195459.1000000000
501 -195246.1000000000
518 -193212.1000000000
571 -192564.1000000000
586 -192331.1000000000
597 -192043.1000000000
606 -191898.1000000000
610 -191524.1000000000
623 -191464.1000000000
640 -190833.1000000000
644 -188689.1000000000
663 -188311.1000000000
672 -187647.1000000000
680 -185748.1000000000
708 -185701.1000000000
713 -184284.1000000000
716 -182738.1000000000
771 -182234.1000000000
781 -180545.1000000000
785 -179863.1000000000
820 -179641.1000000000
824 -178747.1000000000
825 -177889.1000000000
869 -177180.1000000000
883 -176199.1000000000
898 -174856.1000000000
904 -174339.1000000000
961 -174041.1000000000
968 -173738.1000000000
972 -173653.1000000000
979 -173512.1000000000
988 -172121.1000000000
1011 -171873.1000000000
1024 -171220.1000000000
1051 -169877.1000000000
1081 -168273.1000000000
1106 -167937.1000000000
1136 -167463.1000000000
1143 -166370.1000000000
1176 -166144.1000000000
1187 -165939.1000000000
1190 -165812.1000000000
1195 -164646.1000000000
1229 -163652.1000000000
1243 -162903.1000000000
1245 -162608.1000000000
1262 -161156.1000000000
1301 -161007.1000000000
1314 -160756.1000000000
1348 26049.2050252628
1375 27028.1395999766
1412 27529.8546734371
1565 27629.9762684331
1639 27655.9725862237
1661 27810.7168134038
1764 27837.0330717214
1814 28117.5278073943
1925 28336.3117741160
2103 28474.8090193170
2118 28627.1564691127
2146 28730.2874570338
2253 28730.5118201300
2282 28866.9459075895
2368 28871.4127808066
2476 29007.0728339904
3138 29047.8927412731
3146 29160.9801751557
3157 29288.9220815308
3275 29402.8952702597
3277 29478.9171250297
3344 29552.5807913926
3613 29679.6161930901
3746 29753.3270726829
3899 29836.1506854575
4140 29866.2317768730
4204 29949.2899352372
5751 29950.5711368000
6121 30052.2617538007
6162 30336.4260168976
6378 30625.4249840545
6720 30768.0538812293
7282 30788.6171975633
7376 31016.4595321250
7496 31353.0414416433
8206 31655.2054072465
8340 31675.0895295302
8439 31744.1541609107
8583 31764.3137844626
8697 31883.5757694838
8850 31982.0257408239
8921 32079.9726492743
9081 32274.2749018639
9160 32296.3730139908
9161 32343.1325158310
9215 32422.5318915192
9585 32424.4190217455
9753 32563.5934208234
10020 -161256.1000000000
evaluations raw_y
1 -272871.1000000000
6 -269696.1000000000
10 -266185.1000000000
12 -264838.1000000000
29 -255403.1000000000
61 -253379.1000000000
75 -246656.1000000000
117 -244446.1000000000
131 -243395.1000000000
142 -240194.1000000000
145 -237923.1000000000
157 -236143.1000000000
186 -230198.1000000000
236 -225151.1000000000
259 -223464.1000000000
261 -222874.1000000000
277 -217762.1000000000
330 -217512.1000000000
342 -214499.1000000000
347 -212413.1000000000
353 -212107.1000000000
381 -207999.1000000000
389 -204020.1000000000
426 -202545.1000000000
467 -201445.1000000000
469 -198363.1000000000
503 -196249.1000000000
544 -193819.1000000000
569 -192410.1000000000
588 -191736.1000000000
591 -191102.1000000000
618 -190972.1000000000
639 -187412.1000000000
682 -185056.1000000000
704 -185047.1000000000
722 -184416.1000000000
728 -184329.1000000000
731 -184224.1000000000
754 -183515.1000000000
778 -182095.1000000000
785 -181943.1000000000
797 -181870.1000000000
805 -181003.1000000000
822 -180637.1000000000
829 -180614.1000000000
834 -178985.1000000000
885 -178011.1000000000
909 -177954.1000000000
918 -177856.1000000000
943 -177414.1000000000
1007 -176467.1000000000
1033 -176368.1000000000
1037 -176236.1000000000
1039 -175735.1000000000
1065 -175284.1000000000
1079 -174520.1000000000
1102 -173876.1000000000
1114 -173605.1000000000
1129 -173359.1000000000
1147 -171820.1000000000
1181 -169921.1000000000
1239 -167866.1000000000
1266 -165692.1000000000
1344 -164745.1000000000
1381 -164279.1000000000
1398 -163590.1000000000
1422 -162171.1000000000
1470 -161469.1000000000
1502 -161414.1000000000
1505 -161136.1000000000
1507 -160342.1000000000
1517 27312.0545835801
1548 27526.0529963969
1608 27553.6916622709
1612 27754.4260671187
1638 27804.6922520441
1691 27992.8446878680
1725 28136.9332359155
1728 28461.3191894741
1839 28566.5185430593
1914 28589.3775191876
1956 28606.0089574359
2020 28668.5949156470
2039 28675.6922265432
2180 28777.8279292271
2441 29178.3011622636
2522 29454.7931591446
2586 29476.2714202150
2658 29579.1041222759
2748 29744.1598831654
2828 29831.0533336760
2938 29942.7636195345
3068 30075.6326991802
3319 30212.6097949487
3542 30365.4589719736
3729 30582.3978245736
4177 30682.9129997157
4229 30692.5661513702
4397 30889.1615227391
4835 30901.2167426935
4956 31061.1803575233
5526 31092.5369192611
5836 31127.4921527198
5847 31207.2068212485
6642 31475.2879602709
6895 31647.9300961563
10020 -160922.1000000000
evaluations raw_y
1 -305749.1000000000
2 -266724.1000000000
5 -255883.1000000000
40 -248557.1000000000
64 -247027.1000000000
68 -245308.1000000000
99 -244688.1000000000
102 -236847.1000000000
103 -232461.1000000000
126 -232442.1000000000
149 -223686.1000000000
162 -220464.1000000000
176 -218311.1000000000
182 -217288.1000000000
183 -208282.1000000000
219 -205765.1000000000
224 -203841.1000000000
236 -203178.1000000000
240 -202829.1000000000
271 -199775.1000000000
301 -196905.1000000000
312 -196511.1000000000
341 -196054.1000000000
358 -195372.1000000000
365 -193766.1000000000
384 -192210.1000000000
390 -190708.1000000000
427 -190699.1000000000
431 -188596.1000000000
445 -181931.1000000000
461 -181876.1000000000
492 -177426.1000000000
501 -176896.1000000000
514 -176136.1000000000
541 -175480.1000000000
545 -174604.1000000000
584 -172582.1000000000
618 -171838.1000000000
626 -170674.1000000000
656 -170543.1000000000
661 -170430.1000000000
674 -170145.1000000000
702 -169401.1000000000
722 -169331.1000000000
738 -168384.1000000000
741 -166742.1000000000
760 -166435.1000000000
781 -166283.1000000000
788 -165209.1000000000
795 -163191.1000000000
832 -162833.1000000000
851 -161950.1000000000
868 -161789.1000000000
871 -161349.1000000000
894 -160538.1000000000
942 -160277.1000000000
945 -160261.1000000000
959 27465.3883823697
1072 27508.4419419689
1077 28075.8969604775
1121 28088.1614949913
1154 28262.3725071119
1193 28279.3253371237
1195 28314.9754378725
1225 28556.3447703827
1266 28574.9437075800
1276 28640.6482463038
1295 28760.6405034509
1350 28824.2615752312
1429 29164.1948257117
1721 29266.8985481339
1833 29337.5958407489
1837 29467.4627004385
1933 29538.2139913338
2054 29688.0599053497
2454 29888.6203129856
2541 29946.7937691246
2694 30227.4976548961
2957 30330.5673349324
3238 30470.1829408064
3507 30521.2905649788
3603 30601.4826916579
3682 30999.8642203389
3825 31002.6295524175
4012 31239.5855541659
4504 31361.4787935860
5644 31389.9893775291
6559 31504.6688496640
6642 31659.9364937544
6824 31671.4403896963
6962 31877.6734434100
7009 31922.7891705385
7057 31962.1169470703
7117 32062.4748087654
7311 32112.2838064280
7554 32159.4536361804
7608 32319.7122104451
7713 32439.5027513283
7880 32455.8061425893
7953 32846.3913548570
8053 33030.4995939084
10020 -160620.1000000000
evaluations raw_y
1 -272857.1000000000
2 -260758.1000000000
33 -257721.1000000000
36 -255594.1000000000
49 -253541.1000000000
62 -251119.1000000000
65 -248730.1000000000
67 -246449.1000000000
91 -243385.1000000000
95 -241414.1000000000
115 -239962.1000000000
120 -229419.1000000000
148 -227653.1000000000
183 -224266.1000000000
186 -219240.1000000000
235 -217219.1000000000
254 -212205.1000000000
262 -202252.1000000000
359 -200856.1000000000
368 -200609.1000000000
384 -195564.1000000000
449 -194838.1000000000
469 -194626.1000000000
471 -193314.1000000000
502 -193079.1000000000
505 -191942.1000000000
518 -191209.1000000000
543 -190663.1000000000
546 -189340.1000000000
582 -189074.1000000000
583 -188502.1000000000
593 -187687.1000000000
618 -186847.1000000000
621 -184314.1000000000
674 -183270.1000000000
704 -181386.1000000000
715 -180527.1000000000
746 -177889.1000000000
794 -177315.1000000000
833 -177108.1000000000
835 -176452.1000000000
847 -176397.1000000000
849 -176150.1000000000
854 -175681.1000000000
861 -175515.1000000000
875 -175310.1000000000
896 -174930.1000000000
910 -174152.1000000000
925 -173413.1000000000
941 -173115.1000000000
967 -172577.1000000000
994 -172168.1000000000
995 -171569.1000000000
1005 -170933.1000000000
1029 -169892.1000000000
1105 -169166.1000000000
1116 -168984.1000000000
1134 -168459.1000000000
1148 -168177.1000000000
1154 -167771.1000000000
1173 -167213.1000000000
1182 -166603.1000000000
1222 -165729.1000000000
1264 -164395.1000000000
1306 -164364.1000000000
1332 -163560.1000000000
1336 -163483.1000000000
1343 -163434.1000000000
1354 -163249.1000000000
1384 -162530.1000000000
1415 -161759.1000000000
1434 -161566.1000000000
1464 -160853.1000000000
1504 25735.4403001871
1552 25915.3123380030
1612 25923.3825025707
1622 25974.9595842737
1624 26520.7277959247
1725 26586.8000529210
1825 26597.0393104812
1956 26597.9131734772
1975 26721.1246510714
2001 26787.2048908049
2014 26798.3220206920
2124 26823.5906253260
2407 27317.6216752230
2596 27447.2651706267
2648 27534.0137200051
2664 27615.3152260497
2757 27832.7205247951
2994 27853.3471582854
3031 27885.1180387477
3098 27966.0903115234
3164 28022.4440845088
3495 28122.7340031615
3943 28301.9779935551
4038 28340.5804908928
4090 28517.2345187601
4304 28652.9978194411
4659 28690.8133875880
4707 28781.8330937967
4807 28839.5877099610
5108 28982.6542929254
5110 29032.2185749202
5222 29405.4422470915
5319 29725.7313563434
5503 29810.5496458518
5533 29933.8491918258
5681 30070.9996574656
5885 30081.4445755786
5928 30164.7887041936
6115 30166.2604696946
6160 30413.5814828355
6811 30528.9688188529
6868 30561.6291769426
6973 30575.4108424947
7001 30578.2917979362
7060 30713.4482898715
7178 30920.0097559099
7290 31250.2073683845
7299 31275.1083425179
7328 31309.0945774269
7345 31338.1858585544
7380 31602.3533215501
7543 31611.5883266624
8906 31775.5022504370
9151 31790.9810422090
9273 31992.0348648537
9280 32492.2197044705
10020 -161099.1000000000
evaluations raw_y
1 -282979.1000000000
2 -273154.1000000000
4 -264411.1000000000
7 -254553.1000000000
10 -245395.1000000000
16 -241167.1000000000
56 -240588.1000000000
65 -236537.1000000000
76 -235005.1000000000
84 -234502.1000000000
93 -234219.1000000000
96 -230666.1000000000
105 -229573.1000000000
110 -228515.1000000000
112 -222319.1000000000
139 -222037.1000000000
143 -221174.1000000000
145 -218030.1000000000
165 -209825.1000000000
192 -208986.1000000000
226 -207812.1000000000
232 -207278.1000000000
234 -206288.1000000000
252 -205160.1000000000
262 -203297.1000000000
276 -199468.1000000000
301 -195291.1000000000
334 -195020.1000000000
355 -192144.1000000000
390 -191876.1000000000
401 -189464.1000000000
407 -184893.1000000000
455 -184814.1000000000
456 -184181.1000000000
467 -183826.1000000000
470 -182923.1000000000
501 -181990.1000000000
508 -181889.1000000000
512 -181618.1000000000
518 -180572.1000000000
550 -180325.1000000000
557 -179751.1000000000
563 -177617.1000000000
600 -176656.1000000000
622 -176006.1000000000
640 -175713.1000000000
676 -173954.1000000000
699 -172731.1000000000
720 -172291.1000000000
749 -171313.1000000000
790 -171110.1000000000
796 -170541.1000000000
799 -170386.1000000000
812 -169537.1000000000
829 -168739.1000000000
836 -167824.1000000000
865 -166477.1000000000
917 -166183.1000000000
923 -164283.1000000000
943 -164008.1000000000
946 -162667.1000000000
991 -162599.1000000000
1001 -161871.1000000000
1017 -161115.1000000000
1020 -161107.1000000000
1022 -160526.1000000000
1036 27975.7675255381
1066 28203.5801861634
1105 28233.5222347674
1154 28507.6609145049
1178 28704.4205734735
1215 28935.1885421355
1251 28946.1792667394
1406 28964.3367192013
1475 29177.7888616753
1660 29378.1089173580
1755 29451.2187238369
1878 29456.4550190149
1936 29769.3401449747
2054 29774.3590229158
2206 29876.6793398769
2274 29978.9753392124
2464 30179.3694002516
2870 30371.3803731234
3124 30505.2230877939
3242 30524.9946836054
3310 30646.2136949405
3895 30952.2432054285
4125 31068.7145178158
4214 31082.8763301963
4332 31087.3688482689
5151 31160.0472133560
5317 31205.3165742805
5501 31351.9602968598
7189 31360.0680494496
7433 31385.6112365082
7477 31519.5280108552
7488 31589.8779238569
7539 31597.8139187144
7573 31755.2276675821
8468 31828.6163005614
9204 32007.8501149289
9275 32158.4388294266
10020 32158.4388294266
evaluations raw_y
1 -293440.1000000000
2 -269384.1000000000
3 -263528.1000000000
9 -259413.1000000000
22 -254930.1000000000
37 -252497.1000000000
51 -246035.1000000000
69 -237254.1000000000
89 -232206.1000000000
102 -228998.1000000000
120 -228504.1000000000
140 -228100.1000000000
141 -224354.1000000000
143 -223615.1000000000
182 -221957.1000000000
184 -217707.1000000000
185 -216698.1000000000
206 -216656.1000000000
220 -214981.1000000000
222 -214736.1000000000
234 -213063.1000000000
246 -212995.1000000000
261 -206862.1000000000
270 -205012.1000000000
300 -201140.1000000000
308 -199857.1000000000
318 -197579.1000000000
342 -196852.1000000000
367 -194650.1000000000
385 -192262.1000000000
406 -190725.1000000000
428 -188046.1000000000
465 -187369.1000000000
480 -186249.1000000000
502 -184401.1000000000
509 -183894.1000000000
525 -183194.1000000000
544 -182626.1000000000
551 -181093.1000000000
582 -180726.1000000000
587 -178769.1000000000
599 -178127.1000000000
611 -177233.1000000000
622 -176456.1000000000
635 -174727.1000000000
669 -174534.1000000000
680 -174190.1000000000
698 -174027.1000000000
702 -172903.1000000000
710 -172763.1000000000
741 -172570.1000000000
745 -172457.1000000000
755 -172438.1000000000
762 -171597.1000000000
769 -171183.1000000000
775 -170906.1000000000
781 -170539.1000000000
791 -170036.1000000000
807 -168679.1000000000
823 -168233.1000000000
843 -167837.1000000000
850 -166029.1000000000
882 -163734.1000000000
952 -163205.1000000000
985 -162257.1000000000
1001 -161194.1000000000
1058 -161119.1000000000
1065 -160388.1000000000
1073 -160134.1000000000
1075 26827.6743726020
1140 26984.6461542715
1187 27040.2063377605
1201 27172.4590629643
1241 27321.1543877790
1281 27457.9627371824
1326 27598.3752723215
1443 27681.1194282535
1494 27817.8801469310
1533 27939.1897810357
1601 27959.9429859847
1651 28003.5377775808
1675 28155.0961808756
1800 28401.5459242963
1866 28495.8046087899
1942 28563.0135352010
1962 28659.7116202212
2001 28738.6482677672
2047 28740.8631134163
2063 28751.8781003674
2066 28757.6776601696
2081 28772.2801502828
2099 28834.7133431743
2107 29032.7476106527
2120 29146.3292792372
2226 29336.1519297607
2277 29347.0087844070
2283 29423.7555795389
2285 29506.8454206121
2361 29624.3142582736
2434 29707.4369030700
2458 29810.2483272431
2523 29938.3789036413
3318 30041.0147418168
5373 30061.3914913786
5425 30196.4520495996
5499 30330.0960993121
5560 30370.7631484583
5704 30931.1807665838
5834 30999.8973355327
5947 31050.4032278228
5963 31135.8564053012
6028 31165.4400924053
6094 31289.8527807173
7956 31339.0787391737
8090 31463.9605148827
8154 31512.1007989498
8277 31637.2391504433
9463 31761.9138976177
10020 31761.9138976177
evaluations raw_y
1 -304545.1000000000
2 -294517.1000000000
3 -287439.1000000000
4 -273398.1000000000
5 -261206.1000000000
8 -260567.1000000000
25 -258859.1000000000
34 -244279.1000000000
80 -242277.1000000000
103 -240027.1000000000
105 -239215.1000000000
113 -238612.1000000000
118 -238262.1000000000
145 -231129.1000000000
155 -230965.1000000000
173 -225351.1000000000
224 -216965.1000000000
302 -216821.1000000000
304 -213416.1000000000
351 -212043.1000000000
355 -208558.1000000000
384 -207603.1000000000
419 -205902.1000000000
427 -202565.1000000000
468 -199661.1000000000
543 -197360.1000000000
584 -196633.1000000000
622 -196002.1000000000
629 -195201.1000000000
643 -195178.1000000000
661 -192736.1000000000
697 -192555.1000000000
709 -192143.1000000000
722 -191663.1000000000
730 -191558.1000000000
734 -188868.1000000000
745 -187578.1000000000
786 -185689.1000000000
863 -182411.1000000000
921 -180421.1000000000
941 -180329.1000000000
963 -179733.1000000000
982 -179422.1000000000
1008 -179041.1000000000
1015 -178132.1000000000
1025 -178033.1000000000
1041 -177934.1000000000
1064 -177323.1000000000
1074 -177182.1000000000
1101 -174534.1000000000
1148 -173237.1000000000
1186 -171683.1000000000
1204 -171598.1000000000
1206 -171251.1000000000
1230 -169876.1000000000
1266 -169251.1000000000
1292 -168790.1000000000
1311 -168559.1000000000
1320 -168248.1000000000
1326 -167258.1000000000
1342 -166042.1000000000
1385 -165197.1000000000
1430 -164165.1000000000
1466 -163567.1000000000
1496 -163275.1000000000
1503 -162933.1000000000
1544 -162228.1000000000
1589 -162039.1000000000
1591 -161975.1000000000
1598 -161812.1000000000
1627 -161306.1000000000
1639 -160659.1000000000
1661 -160471.1000000000
1671 -160404.1000000000
1673 -160287.1000000000
1688 -159962.1000000000
1724 23836.5235056895
1725 25026.7567834458
1731 25714.8934544474
1752 25793.8057091811
1794 25874.6088977275
1811 25965.7074074410
1837 25986.1893441186
1866 26056.1997124073
1869 26068.0068441182
1882 26310.0697097772
1904 26726.4183352133
1945 26745.1726121471
1950 27154.6204407764
2029 27253.8938300405
2062 27296.8132145503
2067 27409.8774645072
2112 27435.0290504138
2123 27588.3848413951
2164 27609.4313194466
2176 27618.6392952425
2188 27704.1891866824
2208 27815.2566945513
2222 27894.0234978760
2298 28162.3272211710
2302 28200.2270157357
2352 28239.3813254933
2390 28334.7810255217
2396 29081.0592815360
2482 29112.7803718415
2486 29311.7225359385
2597 29682.1155228204
2639 29707.1024051241
2669 29721.8572808769
2775 29788.9270107959
2781 29820.1089215424
2914 29921.0928322823
3298 29933.1789136439
3312 30729.7559914971
3409 30737.2799849964
3481 30876.5918354506
3548 30951.3537256666
3605 30951.3734543388
3681 30980.5158763041
3727 31154.7848203508
3877 31367.7084319243
3960 31379.9850179086
4325 31382.6631609860
4823 31405.7912519251
4871 31422.1673443798
4899 31532.8539722727
5248 31581.4248784290
5846 31703.0409161156
5882 31866.7529044375
5964 31893.0493538746
6709 32135.2065448726
7146 32333.1809231665
7409 32347.5580157729
7747 32374.4906274171
7849 32543.0513865403
8043 32694.7656540746
8107 32750.5886890930
8650 33024.5365283061
8860 33042.7912456911
8942 33058.6598971463
9517 33086.4372833481
10020 33086.4372833481
evaluations raw_y
1 -280551.1000000000
2 -279312.1000000000
3 -279229.1000000000
4 -267820.1000000000
15 -266542.1000000000
20 -261579.1000000000
27 -256720.1000000000
37 -254312.1000000000
40 -253362.1000000000
61 -251340.1000000000
67 -251151.1000000000
69 -249403.1000000000
102 -248562.1000000000
104 -247760.1000000000
106 -241083.1000000000
126 -240622.1000000000
132 -239703.1000000000
143 -229009.1000000000
186 -218057.1000000000
242 -215854.1000000000
268 -214730.1000000000
271 -214018.1000000000
276 -212141.1000000000
304 -205718.1000000000
310 -205627.1000000000
352 -201717.1000000000
371 -201707.1000000000
386 -199683.1000000000
412 -195034.1000000000
424 -193298.1000000000
463 -190077.1000000000
473 -187621.1000000000
520 -186602.1000000000
546 -186296.1000000000
562 -185437.1000000000
566 -183498.1000000000
597 -180824.1000000000
647 -180573.1000000000
664 -180202.1000000000
701 -179976.1000000000
712 -179755.1000000000
718 -177897.1000000000
733 -177593.1000000000
760 -176217.1000000000
780 -175185.1000000000
790 -175055.1000000000
802 -174365.1000000000
813 -173608.1000000000
823 -173599.1000000000
840 -172650.1000000000
871 -172624.1000000000
876 -171664.1000000000
891 -170002.1000000000
949 -169644.1000000000
965 -168560.1000000000
989 -168385.1000000000
1021 -168077.1000000000
1028 -167897.1000000000
1035 -167839.1000000000
1048 -166640.1000000000
1068 -165547.1000000000
1102 -165314.1000000000
1151 -165249.1000000000
1170 -164597.1000000000
1193 -164409.1000000000
1222 -164109.1000000000
1228 -163921.1000000000
1236 -163565.1000000000
1238 -163534.1000000000
1249 -162219.1000000000
1319 -162215.1000000000
1332 -161632.1000000000
1353 -161531.1000000000
1358 -161274.1000000000
1386 -161178.1000000000
1387 -160618.1000000000
1404 -160587.1000000000
1414 -160444.1000000000
1422 -160440.1000000000
1423 -160340.1000000000
1427 -159947.1000000000
1437 27195.5452698343
1701 27303.5524564960
1884 27405.1207451314
2279 27550.5349426143
2467 27695.1038675637
2538 27776.3156093043
2626 27878.5853325718
2670 28010.4232623605
2675 28026.8773964968
2717 28212.9374251785
2873 28317.2420367207
2880 28351.9961742663
3019 28455.9065579465
3022 28472.6814911194
3080 28757.6733974649
3185 28763.8460391276
3190 29013.9405464458
3332 29033.9391222220
3339 29076.4326181524
3383 29180.2880984545
3471 29266.3690062406
3550 29275.3075252647
3720 29344.5158165179
3724 29391.3625241576
4190 29422.4202597724
4304 29618.6554693617
4328 29652.6470738101
4341 29819.0093362826
4402 29854.3355117361
4446 30054.5460759436
4590 30063.8073907248
4832 30064.8005062849
4866 30073.5361807722
5099 30191.6783798589
6882 30210.9578129989
7084 30212.6813498967
7150 30299.2439738464
7221 30619.6806762548
7355 30658.2315259138
7361 30814.8264564645
8737 30842.2558112998
8893 30952.6974535212
8972 31090.1879371536
9124 31270.8807577141
9171 31275.5009757676
9243 31281.5528323405
10020 -162807.1000000000
evaluations raw_y
1 -259058.1000000000
33 -250585.1000000000
61 -248842.1000000000
78 -247755.1000000000
87 -244528.1000000000
101 -243449.1000000000
107 -242392.1000000000
127 -241691.1000000000
130 -241323.1000000000
132 -233745.1000000000
143 -232936.1000000000
152 -232313.1000000000
183 -226007.1000000000
210 -224706.1000000000
211 -223822.1000000000
229 -223457.1000000000
241 -219736.1000000000
270 -206671.1000000000
343 -204552.1000000000
347 -200268.1000000000
381 -200219.1000000000
388 -199247.1000000000
392 -198565.1000000000
411 -198534.1000000000
423 -197636.1000000000
439 -193856.1000000000
478 -191925.1000000000
503 -190962.1000000000
522 -190397.1000000000
532 -189980.1000000000
542 -188253.1000000000
546 -187862.1000000000
548 -187008.1000000000
551 -186369.1000000000
575 -185341.1000000000
584 -185059.1000000000
594 -184419.1000000000
607 -184137.1000000000
610 -183563.1000000000
635 -182668.1000000000
638 -181805.1000000000
656 -181303.1000000000
670 -178189.1000000000
701 -177754.1000000000
720 -177603.1000000000
759 -176811.1000000000
772 -176120.1000000000
785 -173503.1000000000
822 -172722.1000000000
866 -171673.1000000000
888 -171279.1000000000
912 -170707.1000000000
947 -170666.1000000000
949 -168420.1000000000
995 -167996.1000000000
1003 -166198.1000000000
1070 -166120.1000000000
1075 -165479.1000000000
1080 -164807.1000000000
1083 -163838.1000000000
1093 -163357.1000000000
1106 -162290.1000000000
1159 -161154.1000000000
1193 -160541.1000000000
1203 -159948.1000000000
1228 25772.9476979511
1371 25898.4944707445
1425 26047.9707135947
1467 26098.0689495598
1609 26247.7051458840
1626 26358.5302304336
1735 26584.7283663336
1801 26762.6129851301
1916 26870.2356857290
1931 26969.2583502251
2228 27199.2009465748
2273 27321.7443379009
2279 27508.7680134403
2323 27544.0583319781
2360 27744.0833726190
2431 27780.3842985208
2434 27868.5754941781
2621 27990.8956649646
2668 28068.9952973115
2687 28084.2592324841
2736 28284.6439876492
2818 28411.6371622396
2877 28471.8198338224
2952 28533.6353848147
2991 28541.8194788689
3064 28662.7713847115
3185 28791.8565907467
3739 28810.8319794597
3828 28970.7006237382
3920 29063.8828590056
3965 29186.4282151473
4002 29253.3066504189
4062 29283.1104678481
4117 29351.6398002268
4287 29494.8021326652
4334 29533.8175700890
4381 29679.1246519823
4400 29873.1570141379
4505 29950.6041321623
4544 30003.5464146095
4656 30061.1983770241
5754 30306.8617059987
6313 30498.6327741034
6386 30520.0236520534
6429 30596.5189858553
6434 30681.2476227260
6462 30720.6598089971
6536 30997.7147054512
6637 31040.4597002042
6687 31210.8411627269
6733 31278.1936775923
6744 31504.3749059394
6897 31617.6404317550
6915 31779.7870791371
7577 31796.9842884443
8050 31801.6217872786
10020 -161506.1000000000
evaluations raw_y
1 -270365.1000000000
9 -263347.1000000000
65 -258040.1000000000
82 -249522.1000000000
105 -247902.1000000000
121 -238410.1000000000
147 -236558.1000000000
169 -234769.1000000000
184 -233051.1000000000
185 -223686.1000000000
262 -222324.1000000000
269 -219785.1000000000
271 -215729.1000000000
301 -215487.1000000000
304 -213529.1000000000
306 -213351.1000000000
331 -211925.1000000000
346 -210793.1000000000
351 -210529.1000000000
354 -209401.1000000000
357 -208041.1000000000
390 -207777.1000000000
394 -206369.1000000000
396 -206296.1000000000
401 -205329.1000000000
405 -200934.1000000000
428 -196273.1000000000
477 -194342.1000000000
547 -192479.1000000000
590 -191946.1000000000
604 -191738.1000000000
606 -190186.1000000000
638 -187582.1000000000
688 -186903.1000000000
715 -186438.1000000000
721 -185924.1000000000
739 -185730.1000000000
742 -185263.1000000000
744 -184021.1000000000
784 -183808.1000000000
787 -183074.1000000000
811 -182739.1000000000
817 -180082.1000000000
826 -180073.1000000000
861 -179703.1000000000
864 -177020.1000000000
919 -175832.1000000000
946 -175570.1000000000
957 -175146.1000000000
977 -174725.1000000000
982 -171643.1000000000
1032 -170601.1000000000
1069 -169661.1000000000
1089 -168659.1000000000
1104 -168408.1000000000
1143 -168297.1000000000
1149 -167437.1000000000
1153 -165660.1000000000
1208 -164777.1000000000
1258 -163678.1000000000
1293 -161837.1000000000
1324 -161444.1000000000
1361 -160956.1000000000
1388 -160794.1000000000
1392 -159970.1000000000
1442 27354.5669187513
1535 27890.4823763658
1615 28208.2316951251
1624 28335.3757198668
1710 28637.5935467257
1832 28683.8030644274
1889 28897.7215237557
1934 29000.4989396642
1980 29003.3540049968
2004 29288.4530723384
2157 29300.3976317357
2290 29500.1752395664
4122 29700.8278709438
4372 29754.4478480232
4423 29864.4053569809
4716 30026.2198542071
4812 30112.4038205959
4821 30129.3088996548
4851 30176.4630861331
4944 30644.7859872396
4988 30747.8194689889
5351 30756.4811590122
5496 31076.6472933704
7657 31090.3173920838
8062 31154.9568839333
8546 31253.6399946760
8719 31477.9303882919
8737 31496.6924676322
9264 31552.7921147560
9847 31663.8996760020
10020 -161819.1000000000
evaluations raw_y
1 -276014.1000000000
4 -275042.1000000000
6 -267456.1000000000
9 -258673.1000000000
10 -249994.1000000000
27 -243180.1000000000
63 -239680.1000000000
103 -229425.1000000000
141 -226937.1000000000
179 -226752.1000000000
193 -224406.1000000000
214 -220362.1000000000
231 -215394.1000000000
264 -213942.1000000000
300 -209637.1000000000
321 -206497.1000000000
333 -204202.1000000000
342 -202570.1000000000
344 -202307.1000000000
349 -201383.1000000000
376 -201203.1000000000
387 -199898.1000000000
431 -197984.1000000000
435 -197183.1000000000
465 -194387.1000000000
505 -193734.1000000000
508 -192084.1000000000
545 -191672.1000000000
559 -188678.1000000000
586 -188071.1000000000
602 -187846.1000000000
605 -186875.1000000000
643 -186123.1000000000
650 -184513.1000000000
660 -184026.1000000000
680 -183900.1000000000
702 -182730.1000000000
710 -182378.1000000000
742 -181767.1000000000
748 -181735.1000000000
758 -180622.1000000000
760 -178673.1000000000
788 -178417.1000000000
803 -178407.1000000000
822 -176140.1000000000
828 -175608.1000000000
865 -174869.1000000000
869 -174600.1000000000
875 -174284.1000000000
913 -173329.1000000000
922 -173108.1000000000
943 -172628.1000000000
975 -172062.1000000000
981 -172038.1000000000
982 -172030.1000000000
989 -170895.1000000000
1022 -170573.1000000000
1024 -170565.1000000000
1034 -169430.1000000000
1050 -169184.1000000000
1085 -168974.1000000000
1086 -168893.1000000000
1094 -168620.1000000000
1104 -168332.1000000000
1128 -167192.1000000000
1150 -166738.1000000000
1172 -166023.1000000000
1177 -164873.1000000000
1185 -164106.1000000000
1207 -163626.1000000000
1222 -163287.1000000000
1255 -163011.1000000000
1265 -162267.1000000000
1302 -161803.1000000000
1326 -161788.1000000000
1356 -161279.1000000000
1366 -161244.1000000000
1368 -160867.1000000000
1425 -160262.1000000000
1431 26968.8899011069
1478 27185.7537847585
1489 27358.9138372346
1516 27448.6932266625
1530 27581.1653914483
1560 27700.7522202498
1573 27743.7191767260
1603 27905.6497866878
1900 28106.1762894380
2372 28228.3789093066
2466 28382.0669698023
2570 28473.1379611265
2686 28506.6103504607
2692 28624.4289265230
2906 29025.4941069011
3040 29117.0559611939
3281 29219.6362244922
3481 29304.5906581848
3622 29399.0493569024
3636 29399.6056881258
3658 29510.3162136998
3661 29523.7879177938
3680 29601.1848511952
3697 29756.7641389274
3756 29849.2382798361
3851 29962.4719511172
3941 30144.2846923960
5440 30162.5866211990
5634 30304.8769363482
5895 30335.8381469001
5989 30351.5050417046
6103 30705.4877640049
6123 30746.9807192466
6203 30796.4918633007
6325 31044.1048989689
6362 31049.2998388979
6418 31230.6920826300
6529 31231.8908755870
7212 31243.6003866803
7335 31379.1008355336
7692 31648.6356544375
8601 31727.6846993097
9117 31776.9532164512
9157 31864.1913787401
9232 31885.8796138404
9310 32043.6959453391
9330 32163.2388289776
10020 -163979.1000000000
evaluations raw_y
1 -275783.1000000000
2 -273501.1000000000
3 -258480.1000000000
19 -249871.1000000000
36 -244147.1000000000
38 -241260.1000000000
63 -237167.1000000000
106 -235003.1000000000
115 -232162.1000000000
142 -228481.1000000000
184 -228301.1000000000
185 -221121.1000000000
222 -218691.1000000000
267 -218386.1000000000
270 -217142.1000000000
278 -212036.1000000000
297 -211798.1000000000
314 -211563.1000000000
342 -207081.1000000000
418 -206258.1000000000
423 -200961.1000000000
472 -200588.1000000000
496 -200127.1000000000
503 -198631.1000000000
556 -198383.1000000000
560 -197421.1000000000
574 -197411.1000000000
593 -195038.1000000000
628 -193922.1000000000
643 -192366.1000000000
699 -191420.1000000000
711 -191151.1000000000
715 -190398.1000000000
744 -190345.1000000000
750 -188534.1000000000
774 -186544.1000000000
798 -185966.1000000000
825 -184831.1000000000
864 -183421.1000000000
884 -183050.1000000000
886 -181987.1000000000
913 -181266.1000000000
935 -180703.1000000000
941 -180611.1000000000
946 -180553.1000000000
948 -180016.1000000000
954 -179459.1000000000
956 -178775.1000000000
988 -178687.1000000000
993 -178409.1000000000
999 -178095.1000000000
1020 -178008.1000000000
1023 -173763.1000000000
1093 -173546.1000000000
1097 -172744.1000000000
1102 -171636.1000000000
1106 -171272.1000000000
1108 -169748.1000000000
1151 -169328.1000000000
1176 -168805.1000000000
1189 -167801.1000000000
1207 -166574.1000000000
1267 -166164.1000000000
1303 -166058.1000000000
1308 -166053.1000000000
1314 -165691.1000000000
1340 -164438.1000000000
1341 -163593.1000000000
1390 -163082.1000000000
1414 -162650.1000000000
1427 -162492.1000000000
1434 -161294.1000000000
1461 -161218.1000000000
1465 -160927.1000000000
1473 -160573.1000000000
1501 -159985.1000000000
1509 25919.1629753154
1586 26274.7811447612
1654 26414.1080472008
1718 26775.8412956765
1744 26788.7820935667
1753 26891.1597190922
1759 26971.6101909444
1795 27097.4662218048
1827 27396.9979066874
1875 27502.2504487452
1967 27702.2679847619
2024 27800.9868887494
2041 27802.2743725976
2043 27848.1520501574
2068 28124.5124240420
2141 28385.7621390997
2214 28646.6734016049
2319 28664.4119749281
2362 28863.2204896635
2366 28902.2870576851
2428 29002.2021356202
2716 29128.1469095284
2736 29258.6856933917
2823 29265.0257771556
2858 29370.1163688416
2893 29405.3117907913
2915 29514.9874217901
2994 29597.9312242934
3033 29633.8518542587
3062 29917.0051889441
3708 30021.2867388831
4014 30421.5412705216
4172 30586.9307880019
4259 30620.6102247280
4460 30665.6162584390
5174 30769.3641061560
5582 30829.5402110070
5634 30877.5610411103
5871 30952.8272889882
5993 31054.5198035943
6766 31144.8217265202
7276 31234.7820166555
7382 31377.2073655748
7541 31454.3619831065
7608 31694.3686471940
7637 31724.8473682484
7655 31824.2380479673
7804 31903.2924255968
8008 31907.6400409992
8325 32060.3583503141
8406 32137.9358137958
8595 32291.5480686126
9144 32322.2700076817
9255 32642.2968182330
9420 32655.5632182405
9448 32694.6823243592
9726 33037.3642365447
10020 -160635.1000000000
evaluations raw_y
1 -295451.1000000000
2 -276514.1000000000
3 -256379.1000000000
32 -245517.1000000000
70 -244312.1000000000
76 -238901.1000000000
104 -237833.1000000000
111 -237524.1000000000
118 -232472.1000000000
145 -231594.1000000000
162 -215476.1000000000
224 -213582.1000000000
235 -211296.1000000000
269 -209759.1000000000
282 -208432.1000000000
283 -208153.1000000000
297 -207139.1000000000
319 -205716.1000000000
330 -205482.1000000000
347 -204843.1000000000
349 -202015.1000000000
378 -200796.1000000000
382 -200440.1000000000
384 -196804.1000000000
426 -195277.1000000000
441 -194266.1000000000
445 -191029.1000000000
492 -190967.1000000000
494 -188899.1000000000
521 -186641.1000000000
551 -185466.1000000000
584 -185358.1000000000
594 -184540.1000000000
615 -183729.1000000000
628 -183392.1000000000
635 -182980.1000000000
637 -181348.1000000000
670 -180944.1000000000
707 -180172.1000000000
717 -179914.1000000000
744 -179707.1000000000
761 -178738.1000000000
786 -178205.1000000000
814 -177759.1000000000
842 -177558.1000000000
847 -177317.1000000000
862 -177040.1000000000
865 -176208.1000000000
875 -175589.1000000000
903 -175501.1000000000
911 -174830.1000000000
914 -174057.1000000000
940 -173646.1000000000
944 -173059.1000000000
958 -171308.1000000000
1023 -171226.1000000000
1024 -170947.1000000000
1026 -170845.1000000000
1033 -170709.1000000000
1035 -169767.1000000000
1075 -169631.1000000000
1077 -169533.1000000000
1108 -168733.1000000000
1113 -168723.1000000000
1118 -168497.1000000000
1143 -167758.1000000000
1156 -167669.1000000000
1181 -167337.1000000000
1184 -166979.1000000000
1194 -166780.1000000000
1221 -166287.1000000000
1231 -166247.1000000000
1239 -165803.1000000000
1248 -165787.1000000000
1265 -165572.1000000000
1275 -165266.1000000000
1289 -165034.1000000000
1311 -164202.1000000000
1316 -164091.1000000000
1361 -164068.1000000000
1367 -163504.1000000000
1371 -161546.1000000000
1427 -160963.1000000000
1450 -160718.1000000000
1478 26953.8238635519
1523 27160.3247208985
1634 27301.3616819133
1685 27373.0129685076
1708 27460.6583434500
1709 27477.6894798487
1731 27506.1579720293
1744 27601.7571251638
1828 27701.8714018532
1888 27709.2414616707
1953 27783.2969250153
1956 27789.5545581386
2020 27854.6918166870
2037 28043.5001458449
2061 28495.0062527344
2151 28522.5879672548
2180 28670.4857206504
2310 28770.3713424722
2387 28868.0944496591
2510 29037.3153869824
2632 29118.8044739513
2715 29344.4051754694
2812 29419.7423013883
2831 29606.3779149216
2949 29689.3760250523
2972 29709.1689875944
3001 29872.5059796389
3066 29979.2244617480
3196 30078.1897483514
3279 30179.0226186096
3536 30205.0398265225
3586 30261.6139115040
3642 30539.2607663290
3684 30824.3481487943
3690 30972.4775168688
3739 31103.9600366175
3845 31211.4048296360
5118 31234.1283672228
5255 31390.0821807976
7978 31721.5766836209
8371 31858.0264495807
8710 31885.3310323954
8711 31948.4908113574
8861 31976.8640089235
9152 32055.2223372214
9163 32118.5714470734
9309 32140.6588187068
9337 32150.8939075746
9449 32178.5831778502
9480 32284.1593980390
10020 -162280.1000000000
evaluations raw_y
1 -258116.1000000000
6 -257497.1000000000
14 -252507.1000000000
30 -238300.1000000000
101 -231933.1000000000
128 -230111.1000000000
141 -227218.1000000000
171 -226276.1000000000
173 -223480.1000000000
182 -221737.1000000000
188 -219776.1000000000
194 -217399.1000000000
222 -217195.1000000000
228 -215789.1000000000
229 -213001.1000000000
232 -211965.1000000000
263 -210388.1000000000
276 -210164.1000000000
277 -205793.1000000000
303 -204176.1000000000
363 -202889.1000000000
381 -200874.1000000000
383 -199944.1000000000
393 -199522.1000000000
407 -199023.1000000000
425 -198385.1000000000
429 -194872.1000000000
465 -193876.1000000000
492 -192772.1000000000
498 -192438.1000000000
502 -188652.1000000000
544 -188071.1000000000
552 -188017.1000000000
589 -184904.1000000000
626 -184567.1000000000
637 -182983.1000000000
669 -182499.1000000000
686 -181649.1000000000
703 -181636.1000000000
705 -181293.1000000000
720 -180700.1000000000
723 -179943.1000000000
742 -178603.1000000000
744 -177518.1000000000
785 -176442.1000000000
827 -175809.1000000000
831 -173872.1000000000
835 -172324.1000000000
877 -170976.1000000000
887 -170197.1000000000
916 -168538.1000000000
926 -168012.1000000000
948 -167488.1000000000
950 -166859.1000000000
952 -166571.1000000000
992 -165286.1000000000
997 -164410.1000000000
1016 -164264.1000000000
1043 -164256.1000000000
1047 -161329.1000000000
1071 -161055.1000000000
1106 -160650.1000000000
1122 25569.0688379255
1159 25893.1854954952
1225 26227.1500554639
1275 26281.0292626710
1280 26631.7110213295
1390 26743.5503847728
1421 26880.2784892296
1476 26909.3552613686
1536 27032.0087382919
1551 27280.8244400416
1581 27314.5531346081
1630 27433.6348880269
1696 27714.9231481482
1731 27817.3446037322
1803 27817.3704631223
2559 27919.7828362116
2787 27927.1209462290
2869 28127.2321567119
2901 28134.6114041118
2994 28242.2075950849
3013 28414.4034186311
3018 28534.0762301915
3058 28714.5593402651
3121 28872.5480547935
3146 28931.9416947486
3192 29005.0538075593
3215 29282.9062685852
3249 29303.8110362400
3274 29495.4039433539
3380 29528.2789944586
3406 29608.3067411263
3455 29614.7734064301
3512 29827.2137150127
3570 29937.9542792687
4842 30287.7750730289
4943 30408.2552142418
5037 30421.0661799168
5066 30505.1378990241
5108 30594.7826890517
5132 30660.1877950751
5199 30712.1112187643
5214 30896.8568666310
5423 31131.6927854343
5588 31182.9431225491
5640 31345.9614798784
6546 31403.5738296358
6692 31613.1015896314
7419 31646.0113001032
7572 31838.1578742452
9162 31871.4363996542
9207 31890.5521932923
9322 32024.3484861617
9389 32042.3316260594
10020 32042.3316260594
