evaluations raw_y
1 -210.0000000000
5 -202.0000000000
9 -201.0000000000
20 -192.0000000000
24 -190.0000000000
62 -187.0000000000
80 -181.0000000000
82 -179.0000000000
107 -177.0000000000
112 -174.0000000000
142 -170.0000000000
160 -168.0000000000
185 -163.0000000000
211 -160.0000000000
226 -159.0000000000
241 -157.0000000000
262 -152.0000000000
302 -151.0000000000
303 -146.0000000000
340 -145.0000000000
346 -143.0000000000
361 -142.0000000000
368 -139.0000000000
388 -138.0000000000
397 -132.0000000000
433 -131.0000000000
446 -127.0000000000
461 -123.0000000000
518 -122.0000000000
554 -119.0000000000
595 -116.0000000000
612 -115.0000000000
628 -113.0000000000
662 -112.0000000000
687 -110.0000000000
708 -109.0000000000
734 -103.0000000000
789 -102.0000000000
831 -101.0000000000
846 -100.0000000000
863 -99.0000000000
881 -98.0000000000
897 -97.0000000000
916 -96.0000000000
917 -94.0000000000
971 -92.0000000000
1009 -91.0000000000
1030 -87.0000000000
1110 -86.0000000000
1125 -85.0000000000
1129 -84.0000000000
1173 -82.0000000000
1221 -81.0000000000
1256 -80.0000000000
1289 -79.0000000000
1311 -78.0000000000
1343 -77.0000000000
1351 -75.0000000000
1384 -74.0000000000
1428 -73.0000000000
1465 -72.0000000000
1475 -71.0000000000
1493 -69.0000000000
1505 -68.0000000000
1607 -67.0000000000
1628 -65.0000000000
1673 -63.0000000000
1703 -62.0000000000
1710 -61.0000000000
1782 -60.0000000000
1804 -59.0000000000
1857 -57.0000000000
1872 -56.0000000000
1902 -55.0000000000
1955 -54.0000000000
1993 -53.0000000000
2035 -52.0000000000
2078 -51.0000000000
2115 -50.0000000000
2174 -49.0000000000
2224 -48.0000000000
2273 -47.0000000000
2275 -46.0000000000
2321 -45.0000000000
2354 -44.0000000000
2429 -42.0000000000
2467 -41.0000000000
2541 -40.0000000000
2587 -39.0000000000
2633 -38.0000000000
2669 -37.0000000000
2740 -35.0000000000
2809 -34.0000000000
2823 -33.0000000000
2909 -32.0000000000
2929 -31.0000000000
2960 -30.0000000000
2984 -29.0000000000
3063 -28.0000000000
3077 -27.0000000000
3087 -26.0000000000
3149 -25.0000000000
3173 -24.0000000000
3253 -23.0000000000
3271 -22.0000000000
3332 -21.0000000000
3355 -20.0000000000
3400 -19.0000000000
3448 -18.0000000000
3531 -17.0000000000
3609 -16.0000000000
3630 -15.0000000000
3686 -14.0000000000
3714 -12.0000000000
3784 -11.0000000000
3849 -10.0000000000
3903 -9.0000000000
3976 -8.0000000000
4023 -7.0000000000
4106 -6.0000000000
4185 -5.0000000000
4224 -4.0000000000
4325 -3.0000000000
4447 -2.0000000000
4694 -1.0000000000
4769 392.0000000000
4813 394.0000000000
4882 400.0000000000
5707 404.0000000000
5747 407.0000000000
5783 408.0000000000
5872 409.0000000000
5932 410.0000000000
5956 415.0000000000
10013 418.0000000000
10020 415.0000000000
evaluations raw_y
1 -205.0000000000
3 -204.0000000000
12 -203.0000000000
19 -199.0000000000
22 -193.0000000000
47 -191.0000000000
66 -190.0000000000
70 -189.0000000000
72 -184.0000000000
73 -183.0000000000
99 -181.0000000000
102 -176.0000000000
109 -170.0000000000
112 -168.0000000000
143 -167.0000000000
157 -166.0000000000
188 -165.0000000000
196 -158.0000000000
223 -151.0000000000
290 -150.0000000000
301 -149.0000000000
305 -145.0000000000
315 -144.0000000000
325 -141.0000000000
346 -140.0000000000
380 -135.0000000000
382 -134.0000000000
426 -131.0000000000
467 -130.0000000000
473 -128.0000000000
551 -127.0000000000
554 -126.0000000000
599 -125.0000000000
608 -124.0000000000
628 -122.0000000000
671 -120.0000000000
701 -119.0000000000
710 -118.0000000000
742 -116.0000000000
783 -114.0000000000
788 -113.0000000000
833 -111.0000000000
876 -110.0000000000
903 -109.0000000000
909 -108.0000000000
950 -106.0000000000
979 -105.0000000000
990 -104.0000000000
1002 -103.0000000000
1024 -102.0000000000
1049 -100.0000000000
1063 -99.0000000000
1080 -97.0000000000
1102 -96.0000000000
1119 -93.0000000000
1185 -92.0000000000
1227 -91.0000000000
1265 -90.0000000000
1270 -89.0000000000
1298 -87.0000000000
1350 -85.0000000000
1375 -84.0000000000
1403 -83.0000000000
1427 -81.0000000000
1470 -80.0000000000
1530 -79.0000000000
1548 -78.0000000000
1581 -76.0000000000
1626 -73.0000000000
1689 -71.0000000000
1722 -70.0000000000
1759 -67.0000000000
1781 -65.0000000000
1821 -64.0000000000
1835 -62.0000000000
1902 -60.0000000000
1942 -59.0000000000
1947 -58.0000000000
1989 -57.0000000000
2048 -56.0000000000
2082 -55.0000000000
2136 -54.0000000000
2144 -53.0000000000
2197 -52.0000000000
2206 -51.0000000000
2252 -49.0000000000
2263 -48.0000000000
2303 -47.0000000000
2351 -45.0000000000
2355 -44.0000000000
2387 -43.0000000000
2422 -42.0000000000
2453 -41.0000000000
2514 -40.0000000000
2523 -39.0000000000
2569 -36.0000000000
2646 -35.0000000000
2703 -33.0000000000
2756 -31.0000000000
2844 -30.0000000000
2876 -29.0000000000
2914 -28.0000000000
2944 -27.0000000000
2978 -26.0000000000
2999 -25.0000000000
3032 -24.0000000000
3065 -23.0000000000
3145 -22.0000000000
3192 -21.0000000000
3231 -20.0000000000
3305 -19.0000000000
3346 -18.0000000000
3457 -17.0000000000
3526 -16.0000000000
3592 -15.0000000000
3642 -14.0000000000
3707 -13.0000000000
3764 -12.0000000000
3832 -11.0000000000
3899 -10.0000000000
3921 -9.0000000000
3994 -8.0000000000
4118 -6.0000000000
4374 -5.0000000000
4424 -4.0000000000
4463 -3.0000000000
4545 -2.0000000000
4609 -1.0000000000
4763 382.0000000000
5016 387.0000000000
5366 389.0000000000
5439 400.0000000000
5855 404.0000000000
5865 405.0000000000
5939 409.0000000000
8698 413.0000000000
8747 414.0000000000
8831 415.0000000000
8902 416.0000000000
9346 419.0000000000
10020 -2.0000000000
evaluations raw_y
1 -222.0000000000
2 -206.0000000000
7 -191.0000000000
8 -186.0000000000
62 -178.0000000000
113 -176.0000000000
123 -173.0000000000
129 -168.0000000000
135 -163.0000000000
147 -162.0000000000
158 -149.0000000000
207 -148.0000000000
226 -146.0000000000
261 -144.0000000000
271 -143.0000000000
277 -139.0000000000
314 -132.0000000000
322 -125.0000000000
368 -124.0000000000
373 -119.0000000000
396 -118.0000000000
422 -117.0000000000
440 -115.0000000000
455 -114.0000000000
466 -113.0000000000
484 -110.0000000000
510 -107.0000000000
544 -104.0000000000
586 -102.0000000000
590 -101.0000000000
635 -99.0000000000
648 -96.0000000000
663 -95.0000000000
688 -91.0000000000
735 -90.0000000000
763 -89.0000000000
781 -88.0000000000
838 -86.0000000000
904 -84.0000000000
918 -83.0000000000
947 -82.0000000000
984 -81.0000000000
996 -80.0000000000
1046 -79.0000000000
1068 -78.0000000000
1074 -77.0000000000
1120 -76.0000000000
1144 -75.0000000000
1168 -74.0000000000
1193 -73.0000000000
1262 -72.0000000000
1283 -71.0000000000
1298 -69.0000000000
1373 -66.0000000000
1394 -65.0000000000
1404 -64.0000000000
1465 -63.0000000000
1470 -62.0000000000
1485 -59.0000000000
1544 -58.0000000000
1560 -57.0000000000
1603 -56.0000000000
1653 -55.0000000000
1668 -52.0000000000
1747 -51.0000000000
1783 -50.0000000000
1838 -49.0000000000
1869 -48.0000000000
1896 -47.0000000000
1914 -45.0000000000
1956 -44.0000000000
2028 -43.0000000000
2054 -42.0000000000
2061 -40.0000000000
2105 -38.0000000000
2194 -37.0000000000
2262 -36.0000000000
2284 -35.0000000000
2339 -31.0000000000
2389 -30.0000000000
2447 -28.0000000000
2480 -25.0000000000
2528 -24.0000000000
2561 -23.0000000000
2588 -22.0000000000
2646 -21.0000000000
2676 -20.0000000000
2718 -19.0000000000
2755 -17.0000000000
2854 -16.0000000000
2878 -15.0000000000
2956 -14.0000000000
2985 -13.0000000000
3031 -11.0000000000
3168 -10.0000000000
3278 -9.0000000000
3354 -8.0000000000
3390 -7.0000000000
3437 -6.0000000000
3515 -4.0000000000
3629 -3.0000000000
3723 -2.0000000000
3780 -1.0000000000
3840 379.0000000000
4169 389.0000000000
4230 393.0000000000
4606 401.0000000000
4847 406.0000000000
4905 409.0000000000
4943 416.0000000000
5447 417.0000000000
10020 417.0000000000
evaluations raw_y
1 -242.0000000000
2 -226.0000000000
3 -213.0000000000
6 -205.0000000000
13 -193.0000000000
65 -184.0000000000
107 -175.0000000000
120 -170.0000000000
121 -169.0000000000
165 -162.0000000000
186 -161.0000000000
190 -160.0000000000
206 -159.0000000000
224 -154.0000000000
265 -152.0000000000
283 -149.0000000000
303 -147.0000000000
305 -144.0000000000
342 -141.0000000000
343 -137.0000000000
393 -135.0000000000
422 -132.0000000000
483 -130.0000000000
492 -128.0000000000
502 -127.0000000000
504 -125.0000000000
542 -123.0000000000
581 -122.0000000000
587 -118.0000000000
630 -116.0000000000
632 -115.0000000000
694 -114.0000000000
701 -113.0000000000
714 -112.0000000000
746 -108.0000000000
807 -107.0000000000
834 -106.0000000000
836 -102.0000000000
905 -101.0000000000
949 -99.0000000000
985 -98.0000000000
1006 -97.0000000000
1023 -96.0000000000
1037 -95.0000000000
1071 -94.0000000000
1073 -93.0000000000
1108 -92.0000000000
1147 -90.0000000000
1197 -89.0000000000
1253 -87.0000000000
1267 -86.0000000000
1305 -85.0000000000
1348 -82.0000000000
1416 -80.0000000000
1472 -77.0000000000
1515 -76.0000000000
1549 -74.0000000000
1582 -73.0000000000
1603 -72.0000000000
1638 -70.0000000000
1677 -69.0000000000
1705 -67.0000000000
1785 -66.0000000000
1812 -65.0000000000
1861 -62.0000000000
1930 -61.0000000000
1943 -60.0000000000
1957 -59.0000000000
2016 -58.0000000000
2030 -57.0000000000
2075 -56.0000000000
2080 -54.0000000000
2180 -53.0000000000
2181 -52.0000000000
2222 -51.0000000000
2273 -49.0000000000
2314 -48.0000000000
2343 -46.0000000000
2421 -44.0000000000
2459 -43.0000000000
2523 -42.0000000000
2530 -41.0000000000
2595 -39.0000000000
2625 -37.0000000000
2667 -36.0000000000
2675 -35.0000000000
2724 -33.0000000000
2750 -32.0000000000
2787 -31.0000000000
2806 -30.0000000000
2843 -29.0000000000
2863 -28.0000000000
2883 -27.0000000000
2988 -26.0000000000
3072 -25.0000000000
3118 -24.0000000000
3195 -23.0000000000
3253 -22.0000000000
3291 -21.0000000000
3365 -20.0000000000
3428 -18.0000000000
3496 -17.0000000000
3521 -16.0000000000
3528 -15.0000000000
3576 -14.0000000000
3654 -13.0000000000
3703 -12.0000000000
3708 -11.0000000000
3756 -10.0000000000
3884 -9.0000000000
3900 -8.0000000000
3960 -7.0000000000
4071 -6.0000000000
4116 -5.0000000000
4208 -4.0000000000
4243 -3.0000000000
4286 -2.0000000000
4388 -1.0000000000
4574 386.0000000000
4784 390.0000000000
5252 398.0000000000
5305 400.0000000000
5360 402.0000000000
5551 403.0000000000
5939 407.0000000000
6084 415.0000000000
6516 416.0000000000
8029 419.0000000000
8802 420.0000000000
8855 422.0000000000
10020 422.0000000000
evaluations raw_y
1 -223.0000000000
2 -222.0000000000
3 -202.0000000000
60 -200.0000000000
62 -198.0000000000
68 -194.0000000000
78 -189.0000000000
105 -186.0000000000
107 -184.0000000000
117 -180.0000000000
123 -179.0000000000
152 -178.0000000000
157 -176.0000000000
171 -169.0000000000
181 -166.0000000000
227 -155.0000000000
270 -144.0000000000
319 -140.0000000000
346 -139.0000000000
353 -138.0000000000
374 -135.0000000000
381 -134.0000000000
392 -128.0000000000
447 -127.0000000000
468 -122.0000000000
501 -118.0000000000
543 -117.0000000000
551 -116.0000000000
592 -111.0000000000
598 -109.0000000000
666 -108.0000000000
676 -107.0000000000
697 -104.0000000000
722 -102.0000000000
782 -99.0000000000
858 -97.0000000000
879 -93.0000000000
904 -92.0000000000
967 -90.0000000000
988 -89.0000000000
1028 -88.0000000000
1038 -87.0000000000
1061 -86.0000000000
1067 -85.0000000000
1116 -84.0000000000
1141 -83.0000000000
1199 -82.0000000000
1202 -81.0000000000
1229 -80.0000000000
1264 -79.0000000000
1302 -77.0000000000
1342 -75.0000000000
1383 -74.0000000000
1432 -73.0000000000
1433 -71.0000000000
1469 -69.0000000000
1512 -67.0000000000
1587 -66.0000000000
1600 -65.0000000000
1635 -63.0000000000
1668 -61.0000000000
1713 -59.0000000000
1783 -58.0000000000
1806 -57.0000000000
1842 -56.0000000000
1861 -55.0000000000
1868 -54.0000000000
1913 -53.0000000000
1945 -52.0000000000
1962 -51.0000000000
1996 -50.0000000000
2050 -49.0000000000
2067 -47.0000000000
2123 -46.0000000000
2144 -44.0000000000
2192 -43.0000000000
2235 -42.0000000000
2249 -41.0000000000
2274 -39.0000000000
2309 -38.0000000000
2381 -37.0000000000
2443 -36.0000000000
2464 -35.0000000000
2505 -34.0000000000
2605 -33.0000000000
2653 -31.0000000000
2742 -30.0000000000
2753 -29.0000000000
2830 -28.0000000000
2835 -27.0000000000
2896 -26.0000000000
2942 -25.0000000000
2959 -24.0000000000
2989 -23.0000000000
3068 -21.0000000000
3195 -20.0000000000
3205 -19.0000000000
3261 -18.0000000000
3306 -17.0000000000
3414 -16.0000000000
3430 -15.0000000000
3502 -14.0000000000
3574 -13.0000000000
3611 -12.0000000000
3635 -10.0000000000
3741 -9.0000000000
3867 -8.0000000000
4028 -7.0000000000
4170 -6.0000000000
4303 -5.0000000000
4396 -4.0000000000
4420 -3.0000000000
4483 -2.0000000000
4552 -1.0000000000
4646 394.0000000000
4814 403.0000000000
5686 406.0000000000
5705 407.0000000000
5810 410.0000000000
5971 412.0000000000
7338 413.0000000000
7774 415.0000000000
7977 420.0000000000
8315 425.0000000000
10020 425.0000000000
evaluations raw_y
1 -218.0000000000
2 -214.0000000000
3 -203.0000000000
24 -196.0000000000
31 -195.0000000000
77 -189.0000000000
79 -185.0000000000
106 -184.0000000000
123 -183.0000000000
141 -179.0000000000
144 -178.0000000000
161 -171.0000000000
191 -157.0000000000
230 -156.0000000000
243 -153.0000000000
264 -152.0000000000
267 -150.0000000000
287 -149.0000000000
309 -148.0000000000
312 -147.0000000000
331 -146.0000000000
342 -145.0000000000
345 -143.0000000000
354 -142.0000000000
394 -138.0000000000
395 -133.0000000000
419 -131.0000000000
426 -130.0000000000
458 -126.0000000000
493 -124.0000000000
509 -123.0000000000
521 -120.0000000000
582 -117.0000000000
599 -115.0000000000
602 -113.0000000000
624 -112.0000000000
644 -109.0000000000
684 -108.0000000000
703 -106.0000000000
736 -105.0000000000
764 -104.0000000000
783 -103.0000000000
787 -102.0000000000
808 -101.0000000000
822 -100.0000000000
841 -96.0000000000
863 -95.0000000000
904 -94.0000000000
941 -93.0000000000
993 -91.0000000000
1023 -90.0000000000
1066 -89.0000000000
1081 -88.0000000000
1089 -86.0000000000
1141 -85.0000000000
1148 -84.0000000000
1201 -83.0000000000
1244 -82.0000000000
1247 -79.0000000000
1303 -78.0000000000
1306 -77.0000000000
1344 -76.0000000000
1368 -73.0000000000
1431 -72.0000000000
1478 -71.0000000000
1545 -69.0000000000
1582 -68.0000000000
1596 -67.0000000000
1624 -66.0000000000
1635 -65.0000000000
1663 -64.0000000000
1704 -62.0000000000
1726 -61.0000000000
1774 -60.0000000000
1804 -59.0000000000
1831 -58.0000000000
1886 -57.0000000000
1912 -56.0000000000
1920 -55.0000000000
1941 -54.0000000000
2035 -53.0000000000
2074 -52.0000000000
2106 -51.0000000000
2163 -50.0000000000
2214 -49.0000000000
2235 -48.0000000000
2264 -47.0000000000
2303 -46.0000000000
2335 -45.0000000000
2348 -43.0000000000
2382 -42.0000000000
2451 -41.0000000000
2481 -38.0000000000
2565 -37.0000000000
2593 -36.0000000000
2654 -35.0000000000
2669 -33.0000000000
2756 -32.0000000000
2807 -31.0000000000
2843 -30.0000000000
2879 -29.0000000000
2952 -28.0000000000
2964 -27.0000000000
3073 -26.0000000000
3107 -25.0000000000
3215 -24.0000000000
3262 -23.0000000000
3290 -22.0000000000
3375 -21.0000000000
3397 -20.0000000000
3423 -19.0000000000
3535 -18.0000000000
3544 -17.0000000000
3709 -16.0000000000
3755 -15.0000000000
3840 -14.0000000000
3880 -13.0000000000
3918 -12.0000000000
4007 -11.0000000000
4027 -10.0000000000
4106 -9.0000000000
4156 -8.0000000000
4189 -7.0000000000
4271 -6.0000000000
4273 -5.0000000000
4363 -4.0000000000
4489 -3.0000000000
4543 -2.0000000000
4634 -1.0000000000
4723 378.0000000000
4789 387.0000000000
4833 389.0000000000
4916 392.0000000000
4928 395.0000000000
5103 407.0000000000
5872 409.0000000000
5953 414.0000000000
6229 416.0000000000
6820 425.0000000000
7146 426.0000000000
7874 427.0000000000
10020 -1.0000000000
evaluations raw_y
1 -205.0000000000
4 -198.0000000000
24 -196.0000000000
27 -187.0000000000
64 -180.0000000000
109 -178.0000000000
119 -174.0000000000
130 -172.0000000000
144 -171.0000000000
146 -168.0000000000
158 -164.0000000000
185 -161.0000000000
201 -160.0000000000
224 -159.0000000000
226 -156.0000000000
240 -154.0000000000
262 -152.0000000000
268 -147.0000000000
304 -144.0000000000
319 -143.0000000000
342 -139.0000000000
359 -138.0000000000
370 -137.0000000000
383 -136.0000000000
390 -135.0000000000
408 -133.0000000000
435 -130.0000000000
442 -129.0000000000
458 -128.0000000000
469 -119.0000000000
503 -118.0000000000
555 -117.0000000000
558 -114.0000000000
586 -113.0000000000
611 -112.0000000000
633 -110.0000000000
663 -109.0000000000
678 -108.0000000000
702 -106.0000000000
709 -105.0000000000
712 -104.0000000000
743 -102.0000000000
788 -101.0000000000
836 -100.0000000000
839 -96.0000000000
933 -94.0000000000
953 -93.0000000000
965 -92.0000000000
997 -91.0000000000
1036 -90.0000000000
1063 -89.0000000000
1105 -88.0000000000
1119 -87.0000000000
1132 -86.0000000000
1183 -85.0000000000
1194 -84.0000000000
1230 -83.0000000000
1241 -82.0000000000
1258 -81.0000000000
1272 -80.0000000000
1318 -79.0000000000
1342 -78.0000000000
1345 -75.0000000000
1387 -74.0000000000
1459 -73.0000000000
1464 -72.0000000000
1509 -71.0000000000
1526 -69.0000000000
1564 -68.0000000000
1604 -67.0000000000
1639 -66.0000000000
1663 -65.0000000000
1705 -64.0000000000
1728 -63.0000000000
1751 -62.0000000000
1803 -61.0000000000
1825 -60.0000000000
1845 -59.0000000000
1865 -58.0000000000
1904 -56.0000000000
1969 -55.0000000000
1981 -53.0000000000
2030 -52.0000000000
2046 -50.0000000000
2075 -49.0000000000
2139 -48.0000000000
2186 -47.0000000000
2210 -46.0000000000
2225 -44.0000000000
2311 -43.0000000000
2349 -42.0000000000
2401 -41.0000000000
2445 -40.0000000000
2464 -38.0000000000
2526 -37.0000000000
2546 -35.0000000000
2708 -34.0000000000
2749 -32.0000000000
2825 -30.0000000000
2863 -29.0000000000
2932 -28.0000000000
2966 -27.0000000000
3022 -26.0000000000
3031 -25.0000000000
3075 -24.0000000000
3113 -23.0000000000
3159 -21.0000000000
3218 -20.0000000000
3264 -19.0000000000
3279 -18.0000000000
3333 -17.0000000000
3386 -16.0000000000
3461 -15.0000000000
3478 -14.0000000000
3590 -12.0000000000
3621 -11.0000000000
3661 -10.0000000000
3807 -9.0000000000
3890 -8.0000000000
3922 -7.0000000000
4028 -6.0000000000
4035 -5.0000000000
4105 -4.0000000000
4238 -3.0000000000
4247 -2.0000000000
4623 -1.0000000000
4805 369.0000000000
4957 379.0000000000
5053 386.0000000000
5126 388.0000000000
5142 392.0000000000
5162 393.0000000000
5551 399.0000000000
5591 403.0000000000
7417 404.0000000000
7510 407.0000000000
7540 410.0000000000
8310 412.0000000000
10020 -1.0000000000
evaluations raw_y
1 -197.0000000000
21 -196.0000000000
28 -195.0000000000
46 -194.0000000000
58 -192.0000000000
64 -188.0000000000
76 -182.0000000000
101 -175.0000000000
107 -172.0000000000
152 -170.0000000000
154 -167.0000000000
188 -163.0000000000
213 -159.0000000000
221 -152.0000000000
266 -150.0000000000
305 -148.0000000000
307 -146.0000000000
319 -144.0000000000
350 -143.0000000000
356 -142.0000000000
366 -137.0000000000
388 -135.0000000000
425 -133.0000000000
453 -131.0000000000
466 -130.0000000000
475 -128.0000000000
501 -123.0000000000
582 -121.0000000000
587 -119.0000000000
613 -117.0000000000
639 -116.0000000000
667 -115.0000000000
672 -113.0000000000
711 -112.0000000000
716 -111.0000000000
750 -110.0000000000
752 -109.0000000000
776 -106.0000000000
796 -102.0000000000
831 -100.0000000000
867 -99.0000000000
893 -98.0000000000
901 -97.0000000000
952 -96.0000000000
977 -94.0000000000
987 -93.0000000000
1026 -92.0000000000
1070 -91.0000000000
1102 -90.0000000000
1103 -89.0000000000
1156 -88.0000000000
1196 -86.0000000000
1224 -85.0000000000
1239 -84.0000000000
1283 -83.0000000000
1299 -82.0000000000
1302 -81.0000000000
1350 -80.0000000000
1381 -77.0000000000
1437 -74.0000000000
1474 -72.0000000000
1527 -71.0000000000
1542 -70.0000000000
1566 -69.0000000000
1591 -67.0000000000
1661 -66.0000000000
1670 -64.0000000000
1708 -62.0000000000
1786 -61.0000000000
1837 -60.0000000000
1840 -59.0000000000
1901 -57.0000000000
1910 -54.0000000000
1964 -52.0000000000
1983 -51.0000000000
2064 -50.0000000000
2124 -49.0000000000
2170 -48.0000000000
2227 -47.0000000000
2250 -46.0000000000
2310 -45.0000000000
2336 -44.0000000000
2354 -43.0000000000
2388 -42.0000000000
2461 -40.0000000000
2522 -39.0000000000
2555 -38.0000000000
2588 -37.0000000000
2607 -36.0000000000
2622 -35.0000000000
2688 -34.0000000000
2694 -32.0000000000
2742 -31.0000000000
2864 -30.0000000000
2909 -29.0000000000
2971 -26.0000000000
3038 -24.0000000000
3112 -23.0000000000
3161 -22.0000000000
3226 -21.0000000000
3240 -20.0000000000
3273 -19.0000000000
3289 -18.0000000000
3352 -17.0000000000
3371 -14.0000000000
3507 -13.0000000000
3595 -12.0000000000
3643 -10.0000000000
3773 -9.0000000000
3839 -8.0000000000
3908 -7.0000000000
3952 -6.0000000000
4029 -5.0000000000
4033 -4.0000000000
4127 -1.0000000000
4232 394.0000000000
4248 398.0000000000
4291 399.0000000000
4381 400.0000000000
4398 406.0000000000
4700 409.0000000000
4762 411.0000000000
4770 417.0000000000
4979 418.0000000000
4997 420.0000000000
5000 421.0000000000
5084 422.0000000000
5651 430.0000000000
10020 430.0000000000
evaluations raw_y
1 -222.0000000000
2 -215.0000000000
3 -213.0000000000
4 -207.0000000000
5 -200.0000000000
13 -193.0000000000
30 -188.0000000000
47 -181.0000000000
62 -168.0000000000
118 -167.0000000000
131 -166.0000000000
139 -164.0000000000
143 -159.0000000000
154 -153.0000000000
183 -152.0000000000
193 -146.0000000000
223 -143.0000000000
225 -142.0000000000
263 -141.0000000000
266 -138.0000000000
306 -137.0000000000
313 -136.0000000000
334 -134.0000000000
342 -132.0000000000
352 -124.0000000000
402 -120.0000000000
422 -119.0000000000
430 -117.0000000000
439 -115.0000000000
471 -113.0000000000
481 -112.0000000000
502 -111.0000000000
515 -110.0000000000
527 -109.0000000000
560 -105.0000000000
586 -103.0000000000
629 -102.0000000000
631 -97.0000000000
723 -96.0000000000
746 -92.0000000000
847 -91.0000000000
854 -89.0000000000
869 -87.0000000000
910 -86.0000000000
942 -84.0000000000
992 -82.0000000000
1004 -81.0000000000
1049 -80.0000000000
1069 -79.0000000000
1116 -78.0000000000
1139 -77.0000000000
1163 -76.0000000000
1187 -75.0000000000
1196 -73.0000000000
1211 -71.0000000000
1225 -70.0000000000
1274 -69.0000000000
1297 -68.0000000000
1309 -65.0000000000
1385 -64.0000000000
1395 -63.0000000000
1397 -62.0000000000
1435 -61.0000000000
1465 -60.0000000000
1501 -59.0000000000
1542 -58.0000000000
1551 -57.0000000000
1583 -56.0000000000
1630 -55.0000000000
1631 -54.0000000000
1704 -53.0000000000
1760 -51.0000000000
1828 -50.0000000000
1856 -48.0000000000
1902 -47.0000000000
1907 -46.0000000000
1985 -44.0000000000
2003 -43.0000000000
2068 -42.0000000000
2077 -41.0000000000
2140 -40.0000000000
2190 -39.0000000000
2229 -38.0000000000
2264 -37.0000000000
2284 -36.0000000000
2309 -35.0000000000
2383 -34.0000000000
2426 -33.0000000000
2477 -32.0000000000
2513 -31.0000000000
2550 -30.0000000000
2583 -28.0000000000
2701 -27.0000000000
2739 -25.0000000000
2833 -24.0000000000
2881 -23.0000000000
2943 -22.0000000000
2982 -21.0000000000
3031 -20.0000000000
3073 -19.0000000000
3124 -18.0000000000
3155 -16.0000000000
3224 -14.0000000000
3277 -13.0000000000
3348 -12.0000000000
3378 -11.0000000000
3426 -10.0000000000
3528 -9.0000000000
3583 -8.0000000000
3663 -7.0000000000
3720 -6.0000000000
3749 -5.0000000000
3862 -4.0000000000
3952 -3.0000000000
3993 -2.0000000000
4125 -1.0000000000
4175 365.0000000000
4189 368.0000000000
4221 373.0000000000
4328 375.0000000000
4331 381.0000000000
4414 390.0000000000
4772 399.0000000000
5037 407.0000000000
5160 408.0000000000
5429 409.0000000000
7059 420.0000000000
10020 -2.0000000000
evaluations raw_y
1 -235.0000000000
2 -212.0000000000
4 -209.0000000000
14 -208.0000000000
26 -199.0000000000
62 -191.0000000000
91 -190.0000000000
94 -182.0000000000
117 -180.0000000000
130 -179.0000000000
166 -172.0000000000
184 -171.0000000000
192 -168.0000000000
210 -165.0000000000
230 -158.0000000000
284 -153.0000000000
301 -149.0000000000
361 -147.0000000000
378 -146.0000000000
386 -145.0000000000
390 -144.0000000000
397 -140.0000000000
427 -137.0000000000
510 -135.0000000000
520 -133.0000000000
523 -132.0000000000
546 -130.0000000000
558 -129.0000000000
603 -128.0000000000
621 -127.0000000000
654 -126.0000000000
661 -124.0000000000
702 -123.0000000000
753 -122.0000000000
773 -121.0000000000
815 -120.0000000000
821 -119.0000000000
833 -118.0000000000
844 -117.0000000000
861 -116.0000000000
875 -115.0000000000
905 -114.0000000000
934 -113.0000000000
943 -112.0000000000
955 -111.0000000000
982 -110.0000000000
1031 -108.0000000000
1040 -106.0000000000
1104 -105.0000000000
1114 -103.0000000000
1143 -102.0000000000
1149 -101.0000000000
1185 -100.0000000000
1225 -99.0000000000
1243 -98.0000000000
1256 -97.0000000000
1274 -96.0000000000
1308 -94.0000000000
1343 -92.0000000000
1382 -91.0000000000
1395 -90.0000000000
1431 -89.0000000000
1462 -86.0000000000
1533 -85.0000000000
1542 -84.0000000000
1587 -83.0000000000
1617 -82.0000000000
1639 -80.0000000000
1666 -79.0000000000
1716 -77.0000000000
1762 -76.0000000000
1766 -75.0000000000
1800 -72.0000000000
1823 -71.0000000000
1828 -70.0000000000
1884 -69.0000000000
1905 -67.0000000000
1968 -65.0000000000
1982 -64.0000000000
2004 -62.0000000000
2079 -61.0000000000
2107 -60.0000000000
2143 -59.0000000000
2178 -58.0000000000
2234 -57.0000000000
2238 -56.0000000000
2250 -55.0000000000
2273 -54.0000000000
2310 -53.0000000000
2383 -52.0000000000
2421 -51.0000000000
2452 -50.0000000000
2471 -49.0000000000
2474 -48.0000000000
2548 -46.0000000000
2581 -45.0000000000
2628 -44.0000000000
2663 -43.0000000000
2694 -42.0000000000
2714 -41.0000000000
2722 -40.0000000000
2753 -39.0000000000
2785 -37.0000000000
2823 -36.0000000000
2881 -35.0000000000
2931 -34.0000000000
2988 -33.0000000000
3026 -32.0000000000
3066 -31.0000000000
3144 -30.0000000000
3182 -29.0000000000
3270 -28.0000000000
3302 -27.0000000000
3342 -26.0000000000
3428 -25.0000000000
3453 -24.0000000000
3478 -23.0000000000
3551 -22.0000000000
3586 -21.0000000000
3640 -20.0000000000
3693 -19.0000000000
3759 -18.0000000000
3789 -17.0000000000
3811 -16.0000000000
3866 -15.0000000000
3879 -14.0000000000
3986 -13.0000000000
4024 -12.0000000000
4081 -11.0000000000
4131 -10.0000000000
4184 -9.0000000000
4208 -7.0000000000
4269 -6.0000000000
4307 -5.0000000000
4345 -4.0000000000
4463 -3.0000000000
4524 -2.0000000000
4614 -1.0000000000
4712 401.0000000000
4742 405.0000000000
6881 407.0000000000
10020 -1.0000000000
evaluations raw_y
1 -212.0000000000
8 -197.0000000000
30 -196.0000000000
64 -193.0000000000
85 -188.0000000000
102 -183.0000000000
138 -178.0000000000
152 -176.0000000000
180 -173.0000000000
181 -172.0000000000
189 -167.0000000000
224 -164.0000000000
229 -162.0000000000
268 -155.0000000000
299 -153.0000000000
302 -151.0000000000
343 -150.0000000000
349 -148.0000000000
383 -145.0000000000
388 -144.0000000000
425 -140.0000000000
466 -138.0000000000
469 -137.0000000000
504 -135.0000000000
508 -133.0000000000
541 -130.0000000000
551 -129.0000000000
557 -128.0000000000
566 -126.0000000000
587 -125.0000000000
595 -124.0000000000
609 -122.0000000000
636 -119.0000000000
639 -118.0000000000
684 -117.0000000000
693 -116.0000000000
706 -115.0000000000
730 -112.0000000000
784 -109.0000000000
788 -108.0000000000
821 -107.0000000000
824 -105.0000000000
861 -100.0000000000
951 -99.0000000000
959 -98.0000000000
996 -97.0000000000
1035 -95.0000000000
1062 -94.0000000000
1102 -92.0000000000
1147 -91.0000000000
1188 -90.0000000000
1193 -88.0000000000
1228 -86.0000000000
1269 -85.0000000000
1302 -84.0000000000
1313 -83.0000000000
1339 -82.0000000000
1384 -81.0000000000
1421 -80.0000000000
1466 -77.0000000000
1502 -75.0000000000
1586 -74.0000000000
1612 -72.0000000000
1633 -68.0000000000
1673 -67.0000000000
1703 -66.0000000000
1755 -65.0000000000
1826 -64.0000000000
1828 -62.0000000000
1902 -61.0000000000
1949 -60.0000000000
1962 -59.0000000000
1996 -58.0000000000
2033 -57.0000000000
2081 -56.0000000000
2113 -55.0000000000
2132 -54.0000000000
2160 -52.0000000000
2182 -51.0000000000
2248 -49.0000000000
2269 -48.0000000000
2314 -47.0000000000
2352 -46.0000000000
2354 -45.0000000000
2434 -44.0000000000
2464 -43.0000000000
2477 -41.0000000000
2561 -40.0000000000
2596 -38.0000000000
2639 -37.0000000000
2722 -36.0000000000
2805 -35.0000000000
2866 -34.0000000000
2907 -33.0000000000
2943 -31.0000000000
3028 -30.0000000000
3069 -29.0000000000
3120 -28.0000000000
3136 -27.0000000000
3165 -26.0000000000
3229 -25.0000000000
3243 -24.0000000000
3291 -23.0000000000
3353 -22.0000000000
3428 -21.0000000000
3511 -20.0000000000
3543 -18.0000000000
3599 -17.0000000000
3630 -16.0000000000
3689 -15.0000000000
3712 -14.0000000000
3824 -12.0000000000
3917 -11.0000000000
3984 -10.0000000000
4074 -9.0000000000
4126 -8.0000000000
4153 -7.0000000000
4226 -5.0000000000
4334 -4.0000000000
4386 -2.0000000000
4432 -1.0000000000
4487 392.0000000000
4552 394.0000000000
4661 396.0000000000
5198 397.0000000000
5801 407.0000000000
6111 411.0000000000
6179 412.0000000000
6281 415.0000000000
6907 417.0000000000
8293 419.0000000000
10020 -1.0000000000
evaluations raw_y
1 -238.0000000000
2 -224.0000000000
3 -223.0000000000
4 -222.0000000000
5 -208.0000000000
9 -196.0000000000
25 -185.0000000000
76 -181.0000000000
83 -180.0000000000
106 -175.0000000000
145 -168.0000000000
181 -167.0000000000
188 -164.0000000000
220 -162.0000000000
225 -159.0000000000
243 -158.0000000000
273 -154.0000000000
293 -152.0000000000
310 -140.0000000000
344 -138.0000000000
345 -135.0000000000
353 -133.0000000000
423 -130.0000000000
450 -129.0000000000
459 -127.0000000000
461 -126.0000000000
488 -119.0000000000
501 -118.0000000000
544 -116.0000000000
550 -114.0000000000
584 -113.0000000000
590 -109.0000000000
591 -108.0000000000
636 -107.0000000000
662 -106.0000000000
689 -105.0000000000
701 -104.0000000000
717 -103.0000000000
742 -102.0000000000
743 -101.0000000000
773 -100.0000000000
784 -99.0000000000
795 -97.0000000000
821 -93.0000000000
862 -90.0000000000
917 -89.0000000000
941 -88.0000000000
959 -86.0000000000
983 -85.0000000000
1026 -84.0000000000
1038 -83.0000000000
1079 -81.0000000000
1092 -80.0000000000
1104 -77.0000000000
1166 -72.0000000000
1262 -71.0000000000
1270 -70.0000000000
1295 -67.0000000000
1352 -66.0000000000
1410 -65.0000000000
1434 -64.0000000000
1458 -63.0000000000
1469 -61.0000000000
1501 -60.0000000000
1544 -57.0000000000
1617 -56.0000000000
1628 -55.0000000000
1633 -54.0000000000
1685 -53.0000000000
1723 -52.0000000000
1739 -51.0000000000
1759 -50.0000000000
1785 -49.0000000000
1853 -48.0000000000
1877 -46.0000000000
1942 -45.0000000000
2033 -44.0000000000
2115 -43.0000000000
2148 -42.0000000000
2208 -41.0000000000
2293 -40.0000000000
2314 -39.0000000000
2388 -38.0000000000
2421 -37.0000000000
2501 -36.0000000000
2518 -35.0000000000
2565 -34.0000000000
2595 -33.0000000000
2642 -30.0000000000
2662 -29.0000000000
2717 -27.0000000000
2761 -26.0000000000
2793 -25.0000000000
2828 -23.0000000000
2921 -21.0000000000
2988 -20.0000000000
3115 -19.0000000000
3182 -18.0000000000
3298 -17.0000000000
3346 -16.0000000000
3383 -15.0000000000
3421 -14.0000000000
3452 -13.0000000000
3508 -12.0000000000
3558 -11.0000000000
3668 -10.0000000000
3686 -9.0000000000
3744 -8.0000000000
3881 -7.0000000000
3954 -6.0000000000
4155 -5.0000000000
4220 -4.0000000000
4314 -3.0000000000
4373 -2.0000000000
4440 -1.0000000000
4527 364.0000000000
4530 380.0000000000
4620 382.0000000000
4682 391.0000000000
4847 394.0000000000
5119 395.0000000000
5183 405.0000000000
6879 408.0000000000
7753 414.0000000000
7946 415.0000000000
8820 416.0000000000
9055 420.0000000000
10020 -1.0000000000
evaluations raw_y
1 -204.0000000000
2 -199.0000000000
3 -195.0000000000
23 -189.0000000000
62 -187.0000000000
66 -183.0000000000
74 -178.0000000000
126 -177.0000000000
136 -172.0000000000
141 -160.0000000000
185 -156.0000000000
263 -155.0000000000
266 -151.0000000000
284 -141.0000000000
340 -139.0000000000
361 -138.0000000000
386 -137.0000000000
392 -135.0000000000
396 -133.0000000000
420 -132.0000000000
431 -130.0000000000
462 -121.0000000000
542 -120.0000000000
545 -119.0000000000
557 -117.0000000000
597 -115.0000000000
604 -112.0000000000
670 -110.0000000000
678 -108.0000000000
706 -107.0000000000
715 -106.0000000000
746 -104.0000000000
786 -103.0000000000
811 -102.0000000000
823 -100.0000000000
870 -98.0000000000
902 -97.0000000000
929 -96.0000000000
941 -95.0000000000
965 -92.0000000000
1030 -91.0000000000
1032 -90.0000000000
1073 -88.0000000000
1133 -87.0000000000
1148 -83.0000000000
1236 -82.0000000000
1243 -81.0000000000
1303 -78.0000000000
1383 -76.0000000000
1462 -74.0000000000
1503 -72.0000000000
1520 -71.0000000000
1588 -69.0000000000
1644 -68.0000000000
1662 -67.0000000000
1705 -65.0000000000
1722 -64.0000000000
1788 -63.0000000000
1804 -62.0000000000
1837 -61.0000000000
1899 -60.0000000000
1907 -59.0000000000
1941 -57.0000000000
1998 -56.0000000000
2055 -54.0000000000
2109 -53.0000000000
2146 -51.0000000000
2204 -50.0000000000
2228 -49.0000000000
2309 -48.0000000000
2315 -45.0000000000
2346 -44.0000000000
2400 -42.0000000000
2443 -41.0000000000
2465 -40.0000000000
2504 -39.0000000000
2543 -38.0000000000
2592 -37.0000000000
2617 -36.0000000000
2631 -35.0000000000
2675 -34.0000000000
2708 -33.0000000000
2756 -32.0000000000
2793 -31.0000000000
2857 -29.0000000000
2925 -28.0000000000
3028 -27.0000000000
3061 -26.0000000000
3126 -25.0000000000
3146 -24.0000000000
3181 -23.0000000000
3209 -22.0000000000
3263 -21.0000000000
3265 -20.0000000000
3382 -19.0000000000
3420 -18.0000000000
3501 -17.0000000000
3573 -16.0000000000
3654 -15.0000000000
3714 -14.0000000000
3744 -13.0000000000
3787 -12.0000000000
3890 -11.0000000000
3908 -10.0000000000
4064 -9.0000000000
4149 -8.0000000000
4275 -7.0000000000
4401 -6.0000000000
4548 -5.0000000000
4628 -4.0000000000
4725 -3.0000000000
4814 -2.0000000000
4837 393.0000000000
4955 402.0000000000
5170 412.0000000000
5269 413.0000000000
5701 417.0000000000
5863 418.0000000000
5936 422.0000000000
6288 427.0000000000
6418 429.0000000000
10020 -3.0000000000
evaluations raw_y
1 -231.0000000000
2 -207.0000000000
5 -206.0000000000
7 -198.0000000000
25 -189.0000000000
82 -188.0000000000
101 -182.0000000000
120 -177.0000000000
165 -174.0000000000
168 -166.0000000000
192 -163.0000000000
202 -157.0000000000
221 -155.0000000000
223 -154.0000000000
250 -153.0000000000
261 -151.0000000000
279 -150.0000000000
285 -148.0000000000
312 -144.0000000000
319 -143.0000000000
339 -138.0000000000
380 -132.0000000000
399 -130.0000000000
423 -129.0000000000
430 -127.0000000000
469 -124.0000000000
520 -120.0000000000
573 -119.0000000000
590 -118.0000000000
621 -116.0000000000
659 -115.0000000000
679 -114.0000000000
715 -113.0000000000
754 -111.0000000000
768 -110.0000000000
805 -109.0000000000
825 -108.0000000000
828 -106.0000000000
835 -105.0000000000
873 -104.0000000000
877 -102.0000000000
905 -101.0000000000
945 -100.0000000000
983 -99.0000000000
990 -97.0000000000
1029 -96.0000000000
1066 -95.0000000000
1073 -94.0000000000
1104 -93.0000000000
1107 -91.0000000000
1142 -90.0000000000
1145 -88.0000000000
1186 -87.0000000000
1223 -86.0000000000
1233 -85.0000000000
1242 -84.0000000000
1267 -82.0000000000
1275 -81.0000000000
1310 -80.0000000000
1353 -78.0000000000
1381 -76.0000000000
1452 -75.0000000000
1505 -74.0000000000
1542 -73.0000000000
1558 -72.0000000000
1600 -71.0000000000
1623 -70.0000000000
1670 -69.0000000000
1710 -68.0000000000
1751 -67.0000000000
1759 -66.0000000000
1803 -65.0000000000
1816 -64.0000000000
1867 -63.0000000000
1929 -61.0000000000
1945 -60.0000000000
2022 -59.0000000000
2067 -58.0000000000
2101 -57.0000000000
2156 -55.0000000000
2186 -54.0000000000
2237 -53.0000000000
2272 -52.0000000000
2317 -51.0000000000
2340 -49.0000000000
2397 -48.0000000000
2430 -47.0000000000
2467 -46.0000000000
2502 -45.0000000000
2522 -41.0000000000
2686 -40.0000000000
2701 -39.0000000000
2745 -38.0000000000
2777 -37.0000000000
2801 -36.0000000000
2829 -35.0000000000
2871 -34.0000000000
2926 -33.0000000000
3008 -31.0000000000
3052 -28.0000000000
3100 -27.0000000000
3200 -26.0000000000
3225 -25.0000000000
3280 -23.0000000000
3368 -22.0000000000
3460 -20.0000000000
3515 -19.0000000000
3584 -18.0000000000
3658 -17.0000000000
3709 -16.0000000000
3749 -15.0000000000
3821 -14.0000000000
3871 -13.0000000000
3917 -12.0000000000
3971 -11.0000000000
4042 -10.0000000000
4149 -9.0000000000
4209 -8.0000000000
4234 -7.0000000000
4316 -6.0000000000
4406 -5.0000000000
4502 -4.0000000000
4630 -3.0000000000
4752 -2.0000000000
4840 -1.0000000000
4941 392.0000000000
5027 395.0000000000
5222 396.0000000000
5324 397.0000000000
5367 399.0000000000
5526 400.0000000000
6685 403.0000000000
6720 410.0000000000
6745 411.0000000000
6835 412.0000000000
6868 415.0000000000
8176 418.0000000000
8302 421.0000000000
9536 422.0000000000
10020 -1.0000000000
evaluations raw_y
1 -207.0000000000
3 -197.0000000000
44 -195.0000000000
62 -191.0000000000
65 -184.0000000000
119 -182.0000000000
146 -180.0000000000
149 -177.0000000000
160 -169.0000000000
193 -165.0000000000
222 -163.0000000000
225 -160.0000000000
250 -154.0000000000
263 -153.0000000000
271 -150.0000000000
302 -149.0000000000
304 -146.0000000000
326 -140.0000000000
345 -139.0000000000
385 -138.0000000000
404 -131.0000000000
424 -125.0000000000
483 -124.0000000000
520 -123.0000000000
536 -122.0000000000
547 -119.0000000000
573 -118.0000000000
592 -117.0000000000
637 -116.0000000000
646 -112.0000000000
650 -111.0000000000
672 -109.0000000000
721 -108.0000000000
742 -107.0000000000
782 -106.0000000000
787 -105.0000000000
812 -104.0000000000
843 -102.0000000000
899 -101.0000000000
925 -100.0000000000
966 -99.0000000000
984 -97.0000000000
1024 -96.0000000000
1065 -94.0000000000
1091 -93.0000000000
1123 -92.0000000000
1127 -91.0000000000
1150 -90.0000000000
1200 -89.0000000000
1233 -88.0000000000
1238 -86.0000000000
1325 -85.0000000000
1339 -84.0000000000
1342 -81.0000000000
1401 -80.0000000000
1437 -78.0000000000
1489 -76.0000000000
1542 -74.0000000000
1547 -73.0000000000
1570 -72.0000000000
1586 -70.0000000000
1638 -68.0000000000
1710 -67.0000000000
1747 -65.0000000000
1785 -64.0000000000
1847 -63.0000000000
1862 -62.0000000000
1923 -61.0000000000
1950 -60.0000000000
1992 -59.0000000000
2025 -58.0000000000
2067 -57.0000000000
2093 -56.0000000000
2136 -54.0000000000
2157 -53.0000000000
2194 -51.0000000000
2243 -50.0000000000
2275 -49.0000000000
2318 -45.0000000000
2361 -44.0000000000
2428 -43.0000000000
2444 -42.0000000000
2508 -41.0000000000
2553 -38.0000000000
2638 -37.0000000000
2651 -36.0000000000
2708 -35.0000000000
2751 -34.0000000000
2781 -32.0000000000
2869 -31.0000000000
2902 -29.0000000000
2980 -28.0000000000
2986 -27.0000000000
3041 -26.0000000000
3069 -24.0000000000
3167 -23.0000000000
3209 -22.0000000000
3266 -21.0000000000
3336 -20.0000000000
3383 -19.0000000000
3419 -18.0000000000
3425 -17.0000000000
3465 -16.0000000000
3591 -15.0000000000
3642 -14.0000000000
3702 -10.0000000000
3775 -9.0000000000
3869 -8.0000000000
3961 -7.0000000000
3999 -6.0000000000
4036 -5.0000000000
4051 -4.0000000000
4166 -3.0000000000
4434 -2.0000000000
4559 -1.0000000000
4672 375.0000000000
4749 385.0000000000
4941 386.0000000000
5075 388.0000000000
5098 394.0000000000
5144 397.0000000000
5160 399.0000000000
5892 402.0000000000
6033 404.0000000000
6053 405.0000000000
7436 406.0000000000
9087 408.0000000000
9324 411.0000000000
9591 417.0000000000
9978 420.0000000000
10005 424.0000000000
10020 -1.0000000000
evaluations raw_y
1 -211.0000000000
2 -201.0000000000
3 -200.0000000000
12 -198.0000000000
23 -196.0000000000
44 -189.0000000000
73 -188.0000000000
102 -185.0000000000
103 -178.0000000000
141 -176.0000000000
158 -171.0000000000
164 -164.0000000000
181 -161.0000000000
186 -160.0000000000
194 -158.0000000000
198 -153.0000000000
240 -151.0000000000
269 -148.0000000000
279 -147.0000000000
319 -146.0000000000
324 -141.0000000000
362 -140.0000000000
400 -139.0000000000
403 -137.0000000000
426 -135.0000000000
456 -134.0000000000
461 -132.0000000000
469 -131.0000000000
503 -130.0000000000
509 -129.0000000000
527 -128.0000000000
539 -124.0000000000
608 -123.0000000000
617 -122.0000000000
645 -120.0000000000
668 -119.0000000000
694 -118.0000000000
729 -117.0000000000
759 -116.0000000000
770 -114.0000000000
807 -113.0000000000
842 -112.0000000000
850 -111.0000000000
879 -107.0000000000
913 -105.0000000000
942 -103.0000000000
962 -102.0000000000
985 -101.0000000000
1014 -100.0000000000
1023 -98.0000000000
1107 -97.0000000000
1129 -96.0000000000
1154 -95.0000000000
1156 -94.0000000000
1209 -93.0000000000
1222 -92.0000000000
1263 -91.0000000000
1266 -90.0000000000
1303 -89.0000000000
1317 -88.0000000000
1343 -87.0000000000
1383 -84.0000000000
1405 -83.0000000000
1462 -82.0000000000
1496 -78.0000000000
1545 -76.0000000000
1603 -75.0000000000
1636 -73.0000000000
1669 -71.0000000000
1725 -70.0000000000
1743 -69.0000000000
1782 -68.0000000000
1825 -66.0000000000
1833 -65.0000000000
1864 -64.0000000000
1903 -63.0000000000
1930 -62.0000000000
1950 -61.0000000000
1990 -60.0000000000
2029 -57.0000000000
2093 -56.0000000000
2118 -55.0000000000
2141 -54.0000000000
2153 -51.0000000000
2222 -50.0000000000
2270 -49.0000000000
2304 -48.0000000000
2342 -47.0000000000
2360 -46.0000000000
2383 -43.0000000000
2447 -41.0000000000
2455 -39.0000000000
2521 -38.0000000000
2558 -37.0000000000
2572 -36.0000000000
2632 -35.0000000000
2678 -34.0000000000
2703 -33.0000000000
2714 -31.0000000000
2794 -30.0000000000
2856 -28.0000000000
2881 -27.0000000000
2965 -26.0000000000
2967 -25.0000000000
3063 -24.0000000000
3126 -23.0000000000
3129 -22.0000000000
3178 -21.0000000000
3201 -20.0000000000
3293 -18.0000000000
3345 -17.0000000000
3365 -16.0000000000
3372 -15.0000000000
3467 -14.0000000000
3511 -13.0000000000
3572 -12.0000000000
3669 -10.0000000000
3779 -9.0000000000
3835 -7.0000000000
3912 -6.0000000000
3990 -5.0000000000
4047 -4.0000000000
4093 -3.0000000000
4188 -2.0000000000
4229 -1.0000000000
4319 371.0000000000
4413 386.0000000000
5114 393.0000000000
5349 399.0000000000
5497 400.0000000000
5586 403.0000000000
5634 411.0000000000
6636 412.0000000000
6681 415.0000000000
7129 418.0000000000
8645 420.0000000000
9986 423.0000000000
10020 -1.0000000000
evaluations raw_y
1 -230.0000000000
2 -220.0000000000
4 -199.0000000000
7 -192.0000000000
37 -188.0000000000
48 -186.0000000000
66 -185.0000000000
74 -184.0000000000
80 -179.0000000000
108 -173.0000000000
131 -171.0000000000
142 -168.0000000000
144 -167.0000000000
160 -163.0000000000
183 -162.0000000000
190 -154.0000000000
218 -153.0000000000
230 -149.0000000000
261 -143.0000000000
304 -138.0000000000
311 -137.0000000000
344 -136.0000000000
354 -135.0000000000
361 -133.0000000000
399 -131.0000000000
419 -127.0000000000
438 -126.0000000000
468 -123.0000000000
508 -122.0000000000
511 -120.0000000000
522 -116.0000000000
541 -112.0000000000
597 -111.0000000000
622 -109.0000000000
624 -108.0000000000
625 -106.0000000000
684 -104.0000000000
699 -102.0000000000
708 -100.0000000000
743 -99.0000000000
785 -98.0000000000
787 -97.0000000000
790 -95.0000000000
826 -93.0000000000
870 -91.0000000000
877 -90.0000000000
906 -89.0000000000
943 -88.0000000000
958 -87.0000000000
990 -85.0000000000
1021 -84.0000000000
1025 -81.0000000000
1061 -78.0000000000
1134 -77.0000000000
1140 -75.0000000000
1144 -73.0000000000
1213 -72.0000000000
1223 -71.0000000000
1225 -70.0000000000
1295 -69.0000000000
1311 -67.0000000000
1341 -65.0000000000
1406 -64.0000000000
1422 -63.0000000000
1442 -62.0000000000
1485 -60.0000000000
1533 -56.0000000000
1604 -55.0000000000
1636 -54.0000000000
1661 -52.0000000000
1749 -51.0000000000
1805 -50.0000000000
1850 -49.0000000000
1861 -48.0000000000
1899 -47.0000000000
1928 -46.0000000000
1959 -45.0000000000
1986 -43.0000000000
2058 -42.0000000000
2114 -41.0000000000
2148 -40.0000000000
2202 -39.0000000000
2247 -38.0000000000
2280 -37.0000000000
2308 -36.0000000000
2374 -35.0000000000
2386 -34.0000000000
2463 -33.0000000000
2552 -32.0000000000
2580 -31.0000000000
2592 -30.0000000000
2630 -29.0000000000
2750 -28.0000000000
2826 -27.0000000000
2863 -25.0000000000
2918 -24.0000000000
2969 -23.0000000000
3028 -22.0000000000
3059 -21.0000000000
3158 -20.0000000000
3244 -19.0000000000
3332 -18.0000000000
3372 -17.0000000000
3383 -15.0000000000
3436 -13.0000000000
3587 -12.0000000000
3661 -10.0000000000
3785 -9.0000000000
3830 -8.0000000000
3868 -7.0000000000
4106 -6.0000000000
4184 -5.0000000000
4262 -4.0000000000
4299 -3.0000000000
4302 -2.0000000000
4456 -1.0000000000
4501 365.0000000000
4514 367.0000000000
4529 390.0000000000
4584 391.0000000000
4630 392.0000000000
5457 399.0000000000
5767 400.0000000000
5795 404.0000000000
5819 406.0000000000
5958 417.0000000000
8210 418.0000000000
10020 418.0000000000
evaluations raw_y
1 -212.0000000000
2 -203.0000000000
3 -202.0000000000
21 -201.0000000000
26 -196.0000000000
41 -193.0000000000
54 -192.0000000000
57 -190.0000000000
72 -177.0000000000
108 -173.0000000000
141 -172.0000000000
160 -170.0000000000
166 -167.0000000000
181 -165.0000000000
202 -164.0000000000
204 -160.0000000000
206 -159.0000000000
224 -156.0000000000
238 -153.0000000000
261 -151.0000000000
283 -142.0000000000
301 -138.0000000000
356 -134.0000000000
401 -133.0000000000
424 -132.0000000000
430 -130.0000000000
451 -128.0000000000
475 -127.0000000000
502 -126.0000000000
530 -125.0000000000
547 -124.0000000000
567 -122.0000000000
569 -120.0000000000
582 -119.0000000000
585 -118.0000000000
588 -117.0000000000
641 -115.0000000000
663 -113.0000000000
702 -110.0000000000
747 -109.0000000000
758 -108.0000000000
801 -106.0000000000
870 -103.0000000000
896 -100.0000000000
958 -99.0000000000
974 -97.0000000000
1026 -95.0000000000
1028 -93.0000000000
1061 -92.0000000000
1102 -91.0000000000
1146 -89.0000000000
1190 -86.0000000000
1228 -85.0000000000
1287 -84.0000000000
1304 -83.0000000000
1307 -81.0000000000
1347 -80.0000000000
1399 -79.0000000000
1433 -78.0000000000
1466 -77.0000000000
1516 -76.0000000000
1523 -74.0000000000
1557 -73.0000000000
1615 -72.0000000000
1667 -71.0000000000
1704 -70.0000000000
1741 -69.0000000000
1760 -67.0000000000
1824 -65.0000000000
1862 -63.0000000000
1915 -62.0000000000
1954 -61.0000000000
1985 -60.0000000000
1990 -59.0000000000
2053 -58.0000000000
2100 -56.0000000000
2116 -55.0000000000
2155 -54.0000000000
2181 -53.0000000000
2215 -52.0000000000
2244 -51.0000000000
2274 -50.0000000000
2307 -49.0000000000
2362 -48.0000000000
2386 -47.0000000000
2423 -46.0000000000
2445 -45.0000000000
2447 -44.0000000000
2513 -43.0000000000
2544 -42.0000000000
2547 -41.0000000000
2621 -40.0000000000
2706 -39.0000000000
2710 -38.0000000000
2717 -37.0000000000
2783 -36.0000000000
2833 -35.0000000000
2865 -34.0000000000
2910 -33.0000000000
2946 -32.0000000000
2950 -31.0000000000
3010 -29.0000000000
3021 -28.0000000000
3069 -26.0000000000
3146 -25.0000000000
3198 -24.0000000000
3238 -23.0000000000
3310 -22.0000000000
3338 -21.0000000000
3385 -20.0000000000
3429 -19.0000000000
3462 -18.0000000000
3502 -17.0000000000
3511 -16.0000000000
3544 -15.0000000000
3631 -14.0000000000
3658 -12.0000000000
3716 -11.0000000000
3767 -10.0000000000
3830 -9.0000000000
3905 -8.0000000000
3968 -7.0000000000
4022 -6.0000000000
4075 -4.0000000000
4168 -3.0000000000
4183 -2.0000000000
4245 -1.0000000000
4342 395.0000000000
4405 400.0000000000
4443 401.0000000000
4494 407.0000000000
5810 412.0000000000
5972 414.0000000000
10020 -2.0000000000
evaluations raw_y
1 -231.0000000000
2 -222.0000000000
3 -208.0000000000
5 -198.0000000000
24 -194.0000000000
29 -191.0000000000
32 -190.0000000000
70 -182.0000000000
93 -179.0000000000
103 -178.0000000000
113 -172.0000000000
145 -171.0000000000
148 -169.0000000000
166 -168.0000000000
177 -167.0000000000
196 -156.0000000000
225 -152.0000000000
262 -151.0000000000
264 -150.0000000000
276 -147.0000000000
277 -146.0000000000
304 -144.0000000000
315 -140.0000000000
324 -139.0000000000
351 -136.0000000000
372 -135.0000000000
405 -132.0000000000
410 -130.0000000000
430 -129.0000000000
451 -125.0000000000
472 -124.0000000000
510 -122.0000000000
547 -120.0000000000
585 -119.0000000000
589 -118.0000000000
592 -117.0000000000
631 -116.0000000000
667 -114.0000000000
679 -113.0000000000
703 -112.0000000000
719 -109.0000000000
750 -106.0000000000
825 -105.0000000000
831 -104.0000000000
872 -103.0000000000
907 -102.0000000000
940 -101.0000000000
952 -100.0000000000
979 -99.0000000000
999 -98.0000000000
1028 -97.0000000000
1063 -96.0000000000
1076 -95.0000000000
1129 -94.0000000000
1137 -93.0000000000
1182 -92.0000000000
1192 -91.0000000000
1204 -90.0000000000
1246 -89.0000000000
1281 -87.0000000000
1348 -86.0000000000
1401 -85.0000000000
1433 -84.0000000000
1459 -82.0000000000
1512 -81.0000000000
1550 -80.0000000000
1555 -79.0000000000
1616 -78.0000000000
1638 -77.0000000000
1667 -76.0000000000
1698 -75.0000000000
1731 -74.0000000000
1747 -72.0000000000
1783 -69.0000000000
1805 -68.0000000000
1823 -67.0000000000
1862 -65.0000000000
1907 -62.0000000000
1953 -61.0000000000
1997 -59.0000000000
2037 -56.0000000000
2119 -55.0000000000
2167 -54.0000000000
2212 -53.0000000000
2231 -52.0000000000
2261 -50.0000000000
2312 -47.0000000000
2377 -46.0000000000
2395 -44.0000000000
2474 -42.0000000000
2536 -41.0000000000
2630 -40.0000000000
2689 -39.0000000000
2755 -38.0000000000
2771 -37.0000000000
2788 -36.0000000000
2855 -35.0000000000
2930 -34.0000000000
2979 -33.0000000000
3043 -32.0000000000
3077 -31.0000000000
3123 -30.0000000000
3175 -28.0000000000
3231 -27.0000000000
3238 -26.0000000000
3333 -24.0000000000
3358 -23.0000000000
3387 -22.0000000000
3426 -21.0000000000
3459 -20.0000000000
3467 -19.0000000000
3493 -18.0000000000
3545 -16.0000000000
3611 -15.0000000000
3664 -14.0000000000
3742 -13.0000000000
3800 -12.0000000000
3876 -10.0000000000
3934 -9.0000000000
4030 -8.0000000000
4052 -7.0000000000
4137 -6.0000000000
4192 -5.0000000000
4226 -3.0000000000
4342 -2.0000000000
4387 -1.0000000000
4432 385.0000000000
4578 388.0000000000
4604 392.0000000000
4658 393.0000000000
5441 398.0000000000
7276 401.0000000000
8143 408.0000000000
9862 409.0000000000
9928 411.0000000000
10020 -2.0000000000
evaluations raw_y
1 -215.0000000000
2 -198.0000000000
21 -197.0000000000
41 -192.0000000000
52 -191.0000000000
64 -182.0000000000
106 -181.0000000000
112 -178.0000000000
143 -169.0000000000
185 -163.0000000000
189 -161.0000000000
200 -157.0000000000
226 -154.0000000000
257 -153.0000000000
262 -151.0000000000
275 -149.0000000000
291 -148.0000000000
302 -144.0000000000
312 -141.0000000000
346 -140.0000000000
347 -138.0000000000
390 -137.0000000000
404 -130.0000000000
441 -128.0000000000
461 -127.0000000000
496 -123.0000000000
514 -120.0000000000
566 -119.0000000000
576 -118.0000000000
586 -117.0000000000
614 -115.0000000000
621 -114.0000000000
648 -113.0000000000
669 -112.0000000000
679 -111.0000000000
700 -109.0000000000
740 -108.0000000000
760 -107.0000000000
765 -105.0000000000
822 -103.0000000000
842 -102.0000000000
884 -101.0000000000
910 -100.0000000000
932 -99.0000000000
944 -98.0000000000
969 -97.0000000000
992 -96.0000000000
1026 -94.0000000000
1062 -93.0000000000
1070 -92.0000000000
1104 -91.0000000000
1116 -90.0000000000
1131 -87.0000000000
1152 -86.0000000000
1241 -85.0000000000
1304 -84.0000000000
1326 -82.0000000000
1364 -81.0000000000
1386 -79.0000000000
1429 -78.0000000000
1461 -77.0000000000
1478 -75.0000000000
1544 -74.0000000000
1584 -73.0000000000
1591 -71.0000000000
1644 -69.0000000000
1672 -68.0000000000
1702 -66.0000000000
1776 -65.0000000000
1822 -63.0000000000
1864 -62.0000000000
1887 -61.0000000000
1943 -59.0000000000
1976 -58.0000000000
1981 -57.0000000000
1983 -55.0000000000
2072 -54.0000000000
2077 -53.0000000000
2142 -52.0000000000
2151 -50.0000000000
2223 -48.0000000000
2276 -46.0000000000
2345 -45.0000000000
2381 -44.0000000000
2435 -43.0000000000
2443 -42.0000000000
2529 -41.0000000000
2551 -40.0000000000
2585 -38.0000000000
2729 -37.0000000000
2752 -36.0000000000
2787 -35.0000000000
2877 -34.0000000000
2921 -32.0000000000
2983 -31.0000000000
3023 -30.0000000000
3130 -28.0000000000
3174 -27.0000000000
3203 -26.0000000000
3235 -25.0000000000
3246 -24.0000000000
3272 -23.0000000000
3327 -22.0000000000
3346 -20.0000000000
3469 -19.0000000000
3505 -17.0000000000
3584 -16.0000000000
3635 -15.0000000000
3701 -14.0000000000
3727 -13.0000000000
3787 -12.0000000000
3929 -11.0000000000
3986 -10.0000000000
4036 -9.0000000000
4081 -8.0000000000
4214 -7.0000000000
4282 -6.0000000000
4357 -5.0000000000
4425 -4.0000000000
4431 -3.0000000000
4546 -2.0000000000
4584 -1.0000000000
4665 372.0000000000
4752 378.0000000000
5177 382.0000000000
5183 386.0000000000
5486 392.0000000000
6026 393.0000000000
6086 397.0000000000
6187 398.0000000000
6230 399.0000000000
6280 400.0000000000
6551 408.0000000000
6642 414.0000000000
7150 416.0000000000
7183 418.0000000000
10020 -2.0000000000
evaluations raw_y
1 -233.0000000000
2 -218.0000000000
4 -208.0000000000
8 -196.0000000000
17 -195.0000000000
24 -193.0000000000
26 -186.0000000000
32 -180.0000000000
69 -175.0000000000
110 -174.0000000000
112 -172.0000000000
128 -170.0000000000
130 -168.0000000000
137 -167.0000000000
143 -164.0000000000
158 -157.0000000000
181 -155.0000000000
198 -153.0000000000
208 -152.0000000000
224 -149.0000000000
252 -140.0000000000
269 -138.0000000000
311 -135.0000000000
315 -134.0000000000
345 -128.0000000000
368 -127.0000000000
386 -126.0000000000
389 -123.0000000000
412 -121.0000000000
424 -116.0000000000
478 -115.0000000000
491 -114.0000000000
501 -112.0000000000
542 -108.0000000000
546 -106.0000000000
581 -105.0000000000
589 -102.0000000000
627 -101.0000000000
665 -100.0000000000
673 -98.0000000000
690 -95.0000000000
730 -94.0000000000
757 -93.0000000000
784 -92.0000000000
786 -90.0000000000
823 -86.0000000000
866 -84.0000000000
900 -82.0000000000
942 -81.0000000000
982 -80.0000000000
985 -79.0000000000
1029 -77.0000000000
1066 -75.0000000000
1108 -74.0000000000
1148 -73.0000000000
1184 -72.0000000000
1193 -71.0000000000
1224 -70.0000000000
1266 -69.0000000000
1267 -67.0000000000
1315 -65.0000000000
1361 -64.0000000000
1421 -63.0000000000
1432 -62.0000000000
1461 -61.0000000000
1476 -59.0000000000
1516 -58.0000000000
1551 -56.0000000000
1621 -55.0000000000
1644 -54.0000000000
1688 -53.0000000000
1701 -52.0000000000
1721 -51.0000000000
1751 -50.0000000000
1765 -49.0000000000
1783 -48.0000000000
1824 -46.0000000000
1889 -45.0000000000
1939 -44.0000000000
2003 -43.0000000000
2030 -42.0000000000
2045 -41.0000000000
2116 -40.0000000000
2125 -39.0000000000
2179 -38.0000000000
2189 -37.0000000000
2221 -36.0000000000
2226 -35.0000000000
2262 -34.0000000000
2306 -33.0000000000
2307 -32.0000000000
2412 -30.0000000000
2442 -29.0000000000
2517 -28.0000000000
2545 -26.0000000000
2661 -25.0000000000
2758 -24.0000000000
2835 -23.0000000000
2869 -21.0000000000
2965 -20.0000000000
3052 -19.0000000000
3064 -18.0000000000
3113 -17.0000000000
3191 -16.0000000000
3305 -15.0000000000
3381 -14.0000000000
3477 -12.0000000000
3554 -11.0000000000
3587 -10.0000000000
3729 -9.0000000000
3989 -8.0000000000
4143 -7.0000000000
4282 -6.0000000000
4323 -5.0000000000
4432 -4.0000000000
4461 -3.0000000000
4522 -2.0000000000
4608 -1.0000000000
4663 354.0000000000
4670 368.0000000000
4702 371.0000000000
4706 374.0000000000
4715 391.0000000000
5009 396.0000000000
5137 399.0000000000
5299 401.0000000000
5662 413.0000000000
6750 416.0000000000
7421 417.0000000000
10020 -2.0000000000
evaluations raw_y
1 -195.0000000000
7 -188.0000000000
56 -185.0000000000
63 -183.0000000000
71 -177.0000000000
76 -172.0000000000
115 -168.0000000000
121 -165.0000000000
142 -160.0000000000
185 -159.0000000000
187 -157.0000000000
196 -156.0000000000
223 -154.0000000000
262 -153.0000000000
267 -150.0000000000
270 -148.0000000000
305 -144.0000000000
319 -143.0000000000
336 -141.0000000000
386 -139.0000000000
388 -138.0000000000
422 -134.0000000000
462 -129.0000000000
513 -128.0000000000
527 -126.0000000000
560 -125.0000000000
583 -123.0000000000
596 -122.0000000000
628 -121.0000000000
649 -120.0000000000
679 -119.0000000000
702 -118.0000000000
727 -117.0000000000
746 -115.0000000000
762 -114.0000000000
789 -113.0000000000
815 -112.0000000000
823 -110.0000000000
858 -109.0000000000
889 -108.0000000000
903 -107.0000000000
907 -106.0000000000
949 -105.0000000000
984 -104.0000000000
999 -102.0000000000
1021 -100.0000000000
1066 -98.0000000000
1114 -96.0000000000
1124 -95.0000000000
1155 -94.0000000000
1197 -92.0000000000
1226 -91.0000000000
1234 -90.0000000000
1239 -89.0000000000
1270 -86.0000000000
1346 -85.0000000000
1406 -83.0000000000
1433 -82.0000000000
1465 -81.0000000000
1488 -80.0000000000
1519 -79.0000000000
1528 -78.0000000000
1565 -77.0000000000
1582 -76.0000000000
1605 -75.0000000000
1621 -74.0000000000
1661 -71.0000000000
1709 -70.0000000000
1741 -69.0000000000
1750 -67.0000000000
1823 -66.0000000000
1867 -64.0000000000
1876 -63.0000000000
1916 -61.0000000000
1952 -59.0000000000
1982 -56.0000000000
2082 -55.0000000000
2085 -54.0000000000
2119 -53.0000000000
2142 -52.0000000000
2182 -51.0000000000
2191 -49.0000000000
2229 -47.0000000000
2250 -46.0000000000
2292 -45.0000000000
2298 -44.0000000000
2324 -43.0000000000
2386 -42.0000000000
2388 -41.0000000000
2445 -40.0000000000
2470 -39.0000000000
2547 -37.0000000000
2644 -36.0000000000
2671 -35.0000000000
2711 -34.0000000000
2750 -33.0000000000
2790 -32.0000000000
2824 -31.0000000000
2872 -30.0000000000
2935 -29.0000000000
2960 -28.0000000000
2988 -27.0000000000
3027 -25.0000000000
3085 -24.0000000000
3191 -23.0000000000
3197 -22.0000000000
3264 -21.0000000000
3312 -20.0000000000
3378 -19.0000000000
3461 -18.0000000000
3496 -17.0000000000
3526 -16.0000000000
3547 -14.0000000000
3652 -13.0000000000
3665 -12.0000000000
3715 -11.0000000000
3764 -10.0000000000
3779 -9.0000000000
3781 -8.0000000000
3824 -7.0000000000
3856 -6.0000000000
3902 -5.0000000000
3984 -4.0000000000
4068 -3.0000000000
4122 -2.0000000000
4143 -1.0000000000
4239 370.0000000000
4252 379.0000000000
4266 385.0000000000
4274 393.0000000000
4386 394.0000000000
4400 397.0000000000
4442 399.0000000000
4469 404.0000000000
4869 405.0000000000
4981 407.0000000000
5213 408.0000000000
5245 411.0000000000
5338 412.0000000000
5430 413.0000000000
6107 414.0000000000
7621 416.0000000000
10020 -1.0000000000
evaluations raw_y
1 -208.0000000000
2 -207.0000000000
5 -195.0000000000
39 -191.0000000000
61 -190.0000000000
72 -189.0000000000
81 -186.0000000000
95 -181.0000000000
105 -176.0000000000
145 -171.0000000000
183 -167.0000000000
218 -166.0000000000
221 -160.0000000000
284 -158.0000000000
290 -146.0000000000
331 -145.0000000000
365 -143.0000000000
374 -142.0000000000
379 -141.0000000000
384 -136.0000000000
385 -135.0000000000
387 -131.0000000000
426 -130.0000000000
434 -129.0000000000
482 -128.0000000000
484 -126.0000000000
511 -123.0000000000
541 -122.0000000000
573 -121.0000000000
588 -120.0000000000
617 -119.0000000000
627 -118.0000000000
631 -117.0000000000
672 -116.0000000000
688 -114.0000000000
729 -113.0000000000
752 -112.0000000000
780 -111.0000000000
783 -110.0000000000
825 -109.0000000000
830 -108.0000000000
849 -107.0000000000
863 -103.0000000000
901 -102.0000000000
967 -100.0000000000
1024 -98.0000000000
1062 -97.0000000000
1113 -95.0000000000
1142 -94.0000000000
1147 -93.0000000000
1187 -92.0000000000
1193 -91.0000000000
1211 -90.0000000000
1229 -89.0000000000
1261 -86.0000000000
1332 -85.0000000000
1343 -83.0000000000
1356 -82.0000000000
1408 -81.0000000000
1437 -80.0000000000
1458 -79.0000000000
1504 -77.0000000000
1546 -76.0000000000
1547 -75.0000000000
1570 -72.0000000000
1621 -71.0000000000
1657 -70.0000000000
1667 -69.0000000000
1687 -68.0000000000
1706 -67.0000000000
1748 -66.0000000000
1784 -64.0000000000
1827 -62.0000000000
1885 -61.0000000000
1921 -60.0000000000
1965 -59.0000000000
1984 -57.0000000000
1998 -56.0000000000
2036 -54.0000000000
2051 -53.0000000000
2120 -52.0000000000
2146 -51.0000000000
2162 -50.0000000000
2181 -49.0000000000
2226 -47.0000000000
2311 -43.0000000000
2356 -42.0000000000
2422 -39.0000000000
2529 -38.0000000000
2543 -37.0000000000
2591 -36.0000000000
2655 -35.0000000000
2657 -34.0000000000
2686 -33.0000000000
2745 -32.0000000000
2759 -31.0000000000
2822 -29.0000000000
2883 -28.0000000000
2993 -27.0000000000
3048 -26.0000000000
3054 -25.0000000000
3116 -24.0000000000
3157 -23.0000000000
3262 -22.0000000000
3371 -21.0000000000
3392 -20.0000000000
3467 -19.0000000000
3505 -18.0000000000
3512 -17.0000000000
3553 -16.0000000000
3601 -15.0000000000
3626 -14.0000000000
3672 -13.0000000000
3711 -12.0000000000
3783 -11.0000000000
3843 -10.0000000000
3943 -8.0000000000
4055 -7.0000000000
4198 -5.0000000000
4265 -4.0000000000
4341 -3.0000000000
4386 -2.0000000000
4612 -1.0000000000
4781 384.0000000000
4905 386.0000000000
4957 387.0000000000
4991 391.0000000000
5056 392.0000000000
5123 395.0000000000
5226 396.0000000000
5228 399.0000000000
5307 404.0000000000
5697 406.0000000000
5822 409.0000000000
6436 415.0000000000
6754 417.0000000000
6866 418.0000000000
7838 419.0000000000
7927 422.0000000000
10020 422.0000000000
evaluations raw_y
1 -215.0000000000
2 -207.0000000000
7 -206.0000000000
11 -197.0000000000
38 -191.0000000000
56 -186.0000000000
69 -174.0000000000
126 -170.0000000000
142 -167.0000000000
156 -161.0000000000
181 -153.0000000000
225 -152.0000000000
246 -146.0000000000
292 -142.0000000000
312 -139.0000000000
328 -136.0000000000
359 -133.0000000000
402 -131.0000000000
412 -130.0000000000
421 -127.0000000000
444 -124.0000000000
505 -122.0000000000
532 -121.0000000000
543 -119.0000000000
556 -117.0000000000
568 -116.0000000000
591 -113.0000000000
635 -111.0000000000
643 -110.0000000000
661 -105.0000000000
746 -102.0000000000
786 -100.0000000000
828 -98.0000000000
889 -96.0000000000
901 -94.0000000000
952 -92.0000000000
981 -91.0000000000
1002 -90.0000000000
1025 -89.0000000000
1062 -88.0000000000
1069 -87.0000000000
1105 -86.0000000000
1146 -83.0000000000
1182 -82.0000000000
1231 -81.0000000000
1260 -80.0000000000
1287 -77.0000000000
1345 -76.0000000000
1348 -75.0000000000
1382 -74.0000000000
1402 -73.0000000000
1456 -72.0000000000
1461 -71.0000000000
1492 -70.0000000000
1551 -69.0000000000
1563 -68.0000000000
1590 -67.0000000000
1610 -66.0000000000
1614 -64.0000000000
1663 -61.0000000000
1729 -60.0000000000
1746 -58.0000000000
1782 -57.0000000000
1810 -55.0000000000
1828 -54.0000000000
1912 -53.0000000000
1916 -52.0000000000
1984 -51.0000000000
2043 -50.0000000000
2052 -49.0000000000
2085 -48.0000000000
2103 -47.0000000000
2112 -46.0000000000
2137 -45.0000000000
2187 -44.0000000000
2230 -43.0000000000
2267 -41.0000000000
2353 -39.0000000000
2388 -38.0000000000
2423 -36.0000000000
2516 -35.0000000000
2541 -34.0000000000
2576 -33.0000000000
2629 -31.0000000000
2713 -30.0000000000
2746 -29.0000000000
2847 -28.0000000000
2885 -27.0000000000
2906 -26.0000000000
2964 -25.0000000000
2981 -24.0000000000
3060 -23.0000000000
3075 -22.0000000000
3127 -21.0000000000
3195 -20.0000000000
3228 -19.0000000000
3232 -18.0000000000
3326 -17.0000000000
3357 -15.0000000000
3424 -14.0000000000
3504 -13.0000000000
3563 -12.0000000000
3644 -11.0000000000
3735 -10.0000000000
3851 -9.0000000000
3927 -8.0000000000
4084 -7.0000000000
4223 -6.0000000000
4409 -5.0000000000
4460 -4.0000000000
4513 -3.0000000000
4602 -2.0000000000
4716 -1.0000000000
4765 380.0000000000
4767 385.0000000000
4817 387.0000000000
4827 388.0000000000
4848 390.0000000000
4891 394.0000000000
4918 397.0000000000
4972 401.0000000000
5280 406.0000000000
5435 408.0000000000
5507 409.0000000000
7212 415.0000000000
7809 419.0000000000
10020 -1.0000000000
evaluations raw_y
1 -222.0000000000
2 -206.0000000000
8 -198.0000000000
22 -196.0000000000
26 -192.0000000000
61 -188.0000000000
81 -186.0000000000
97 -183.0000000000
101 -169.0000000000
170 -166.0000000000
175 -152.0000000000
183 -151.0000000000
223 -149.0000000000
234 -146.0000000000
265 -145.0000000000
272 -144.0000000000
274 -137.0000000000
312 -135.0000000000
315 -134.0000000000
346 -132.0000000000
358 -128.0000000000
384 -126.0000000000
417 -124.0000000000
428 -122.0000000000
435 -120.0000000000
439 -119.0000000000
462 -118.0000000000
464 -117.0000000000
501 -112.0000000000
554 -111.0000000000
573 -109.0000000000
585 -107.0000000000
599 -105.0000000000
631 -102.0000000000
673 -101.0000000000
676 -99.0000000000
719 -98.0000000000
750 -97.0000000000
753 -95.0000000000
767 -94.0000000000
815 -93.0000000000
821 -91.0000000000
830 -89.0000000000
881 -88.0000000000
901 -87.0000000000
912 -86.0000000000
923 -85.0000000000
947 -84.0000000000
972 -83.0000000000
993 -81.0000000000
1010 -79.0000000000
1025 -78.0000000000
1055 -77.0000000000
1064 -75.0000000000
1065 -74.0000000000
1123 -73.0000000000
1152 -72.0000000000
1174 -71.0000000000
1210 -70.0000000000
1241 -67.0000000000
1306 -66.0000000000
1312 -65.0000000000
1346 -64.0000000000
1404 -63.0000000000
1435 -62.0000000000
1462 -61.0000000000
1496 -60.0000000000
1517 -59.0000000000
1519 -58.0000000000
1556 -57.0000000000
1618 -55.0000000000
1627 -54.0000000000
1646 -53.0000000000
1662 -52.0000000000
1745 -51.0000000000
1748 -50.0000000000
1817 -49.0000000000
1863 -47.0000000000
1938 -46.0000000000
1939 -45.0000000000
1968 -44.0000000000
2022 -43.0000000000
2071 -42.0000000000
2102 -41.0000000000
2111 -40.0000000000
2160 -39.0000000000
2233 -37.0000000000
2262 -35.0000000000
2321 -34.0000000000
2378 -32.0000000000
2423 -31.0000000000
2481 -30.0000000000
2490 -29.0000000000
2506 -26.0000000000
2615 -25.0000000000
2623 -24.0000000000
2709 -23.0000000000
2714 -22.0000000000
2800 -21.0000000000
2827 -20.0000000000
2844 -19.0000000000
2954 -18.0000000000
2984 -17.0000000000
3017 -16.0000000000
3071 -15.0000000000
3080 -14.0000000000
3120 -13.0000000000
3147 -11.0000000000
3195 -10.0000000000
3307 -9.0000000000
3455 -8.0000000000
3468 -7.0000000000
3510 -6.0000000000
3581 -5.0000000000
3641 -3.0000000000
3790 -2.0000000000
3831 -1.0000000000
3882 386.0000000000
3960 391.0000000000
3982 393.0000000000
4121 395.0000000000
4147 398.0000000000
4166 410.0000000000
4264 413.0000000000
4727 414.0000000000
4773 417.0000000000
10020 -1.0000000000
evaluations raw_y
1 -211.0000000000
7 -209.0000000000
13 -198.0000000000
30 -197.0000000000
33 -196.0000000000
40 -192.0000000000
65 -190.0000000000
75 -189.0000000000
88 -188.0000000000
101 -174.0000000000
117 -172.0000000000
156 -171.0000000000
165 -169.0000000000
183 -162.0000000000
221 -159.0000000000
226 -157.0000000000
264 -150.0000000000
282 -149.0000000000
315 -148.0000000000
317 -144.0000000000
341 -138.0000000000
381 -136.0000000000
384 -133.0000000000
426 -130.0000000000
478 -129.0000000000
491 -128.0000000000
502 -127.0000000000
540 -125.0000000000
544 -122.0000000000
585 -121.0000000000
599 -119.0000000000
610 -112.0000000000
705 -111.0000000000
714 -110.0000000000
749 -109.0000000000
758 -108.0000000000
782 -107.0000000000
793 -105.0000000000
828 -103.0000000000
883 -101.0000000000
917 -100.0000000000
934 -99.0000000000
941 -97.0000000000
981 -93.0000000000
1032 -92.0000000000
1063 -90.0000000000
1127 -89.0000000000
1157 -87.0000000000
1201 -86.0000000000
1223 -84.0000000000
1268 -83.0000000000
1290 -81.0000000000
1314 -80.0000000000
1323 -79.0000000000
1382 -77.0000000000
1434 -76.0000000000
1453 -75.0000000000
1463 -73.0000000000
1503 -72.0000000000
1542 -71.0000000000
1546 -70.0000000000
1581 -69.0000000000
1597 -68.0000000000
1637 -66.0000000000
1688 -65.0000000000
1742 -61.0000000000
1787 -60.0000000000
1854 -59.0000000000
1858 -58.0000000000
1861 -57.0000000000
1878 -56.0000000000
1911 -55.0000000000
1941 -54.0000000000
2000 -53.0000000000
2023 -51.0000000000
2071 -50.0000000000
2115 -49.0000000000
2138 -48.0000000000
2141 -47.0000000000
2173 -46.0000000000
2183 -44.0000000000
2271 -43.0000000000
2294 -42.0000000000
2322 -41.0000000000
2328 -40.0000000000
2381 -38.0000000000
2430 -37.0000000000
2462 -36.0000000000
2532 -35.0000000000
2569 -34.0000000000
2589 -33.0000000000
2623 -32.0000000000
2664 -31.0000000000
2715 -30.0000000000
2719 -28.0000000000
2809 -27.0000000000
2824 -26.0000000000
2887 -25.0000000000
2892 -23.0000000000
2976 -22.0000000000
3039 -20.0000000000
3101 -19.0000000000
3181 -17.0000000000
3312 -16.0000000000
3379 -15.0000000000
3439 -13.0000000000
3479 -12.0000000000
3522 -11.0000000000
3576 -10.0000000000
3612 -9.0000000000
3639 -7.0000000000
3709 -5.0000000000
4044 -4.0000000000
4185 -3.0000000000
4274 -2.0000000000
4509 -1.0000000000
4666 389.0000000000
4753 391.0000000000
4834 397.0000000000
4846 398.0000000000
4912 404.0000000000
6665 408.0000000000
8226 409.0000000000
8301 413.0000000000
8745 415.0000000000
10020 415.0000000000
evaluations raw_y
1 -197.0000000000
22 -195.0000000000
23 -189.0000000000
63 -179.0000000000
87 -174.0000000000
131 -172.0000000000
140 -167.0000000000
142 -165.0000000000
151 -163.0000000000
154 -162.0000000000
193 -161.0000000000
209 -156.0000000000
232 -155.0000000000
235 -153.0000000000
261 -152.0000000000
273 -151.0000000000
276 -143.0000000000
307 -142.0000000000
310 -139.0000000000
344 -138.0000000000
347 -137.0000000000
395 -134.0000000000
399 -132.0000000000
406 -129.0000000000
422 -127.0000000000
440 -125.0000000000
449 -124.0000000000
465 -121.0000000000
489 -118.0000000000
511 -116.0000000000
545 -115.0000000000
552 -111.0000000000
591 -110.0000000000
593 -109.0000000000
621 -108.0000000000
655 -107.0000000000
664 -106.0000000000
691 -101.0000000000
740 -100.0000000000
759 -99.0000000000
780 -97.0000000000
781 -95.0000000000
805 -94.0000000000
862 -92.0000000000
902 -90.0000000000
922 -89.0000000000
964 -86.0000000000
1025 -85.0000000000
1053 -83.0000000000
1112 -80.0000000000
1157 -79.0000000000
1195 -78.0000000000
1249 -77.0000000000
1263 -75.0000000000
1341 -73.0000000000
1353 -72.0000000000
1384 -71.0000000000
1455 -70.0000000000
1460 -68.0000000000
1489 -67.0000000000
1544 -65.0000000000
1584 -63.0000000000
1650 -62.0000000000
1663 -61.0000000000
1688 -60.0000000000
1709 -59.0000000000
1746 -56.0000000000
1827 -55.0000000000
1865 -54.0000000000
1871 -53.0000000000
1910 -52.0000000000
1955 -51.0000000000
1998 -50.0000000000
2015 -49.0000000000
2026 -48.0000000000
2041 -47.0000000000
2108 -46.0000000000
2110 -45.0000000000
2200 -44.0000000000
2226 -43.0000000000
2274 -42.0000000000
2294 -41.0000000000
2325 -40.0000000000
2354 -39.0000000000
2389 -38.0000000000
2426 -37.0000000000
2478 -36.0000000000
2505 -34.0000000000
2544 -33.0000000000
2594 -32.0000000000
2626 -30.0000000000
2735 -28.0000000000
2779 -27.0000000000
2794 -26.0000000000
2858 -25.0000000000
2868 -24.0000000000
2907 -23.0000000000
2962 -21.0000000000
3031 -20.0000000000
3098 -18.0000000000
3155 -17.0000000000
3197 -16.0000000000
3259 -15.0000000000
3287 -14.0000000000
3336 -13.0000000000
3432 -12.0000000000
3468 -11.0000000000
3542 -10.0000000000
3590 -9.0000000000
3663 -6.0000000000
3747 -5.0000000000
3844 -4.0000000000
3900 -3.0000000000
3942 -2.0000000000
4023 -1.0000000000
4151 397.0000000000
4278 399.0000000000
4350 409.0000000000
5487 417.0000000000
6729 421.0000000000
8352 424.0000000000
10020 -1.0000000000
evaluations raw_y
1 -205.0000000000
4 -200.0000000000
23 -197.0000000000
43 -194.0000000000
70 -192.0000000000
74 -180.0000000000
103 -179.0000000000
141 -178.0000000000
144 -176.0000000000
174 -173.0000000000
181 -169.0000000000
234 -167.0000000000
247 -165.0000000000
266 -163.0000000000
269 -162.0000000000
279 -157.0000000000
303 -154.0000000000
341 -153.0000000000
344 -144.0000000000
408 -141.0000000000
414 -139.0000000000
462 -138.0000000000
471 -136.0000000000
485 -134.0000000000
501 -133.0000000000
507 -131.0000000000
542 -128.0000000000
588 -127.0000000000
593 -126.0000000000
595 -124.0000000000
634 -123.0000000000
668 -121.0000000000
669 -119.0000000000
713 -118.0000000000
763 -116.0000000000
786 -114.0000000000
825 -112.0000000000
861 -111.0000000000
900 -110.0000000000
908 -109.0000000000
933 -107.0000000000
947 -106.0000000000
955 -105.0000000000
994 -104.0000000000
998 -103.0000000000
1036 -102.0000000000
1038 -101.0000000000
1059 -100.0000000000
1106 -98.0000000000
1146 -97.0000000000
1166 -96.0000000000
1182 -95.0000000000
1233 -90.0000000000
1293 -88.0000000000
1305 -87.0000000000
1354 -86.0000000000
1389 -84.0000000000
1427 -83.0000000000
1453 -82.0000000000
1462 -81.0000000000
1499 -78.0000000000
1543 -77.0000000000
1561 -75.0000000000
1625 -74.0000000000
1645 -72.0000000000
1702 -70.0000000000
1741 -69.0000000000
1817 -66.0000000000
1863 -65.0000000000
1904 -64.0000000000
1949 -63.0000000000
1990 -62.0000000000
2022 -60.0000000000
2068 -59.0000000000
2127 -58.0000000000
2178 -57.0000000000
2182 -56.0000000000
2209 -54.0000000000
2264 -52.0000000000
2302 -51.0000000000
2343 -48.0000000000
2402 -47.0000000000
2431 -46.0000000000
2446 -45.0000000000
2466 -44.0000000000
2523 -43.0000000000
2571 -42.0000000000
2581 -41.0000000000
2626 -40.0000000000
2680 -39.0000000000
2711 -38.0000000000
2751 -37.0000000000
2786 -36.0000000000
2821 -35.0000000000
2883 -34.0000000000
2922 -33.0000000000
2954 -32.0000000000
2956 -31.0000000000
3035 -30.0000000000
3132 -28.0000000000
3196 -26.0000000000
3308 -25.0000000000
3350 -24.0000000000
3391 -23.0000000000
3470 -22.0000000000
3505 -21.0000000000
3549 -20.0000000000
3585 -19.0000000000
3645 -18.0000000000
3687 -17.0000000000
3772 -16.0000000000
3780 -15.0000000000
3828 -14.0000000000
3925 -13.0000000000
3966 -12.0000000000
3999 -11.0000000000
4102 -10.0000000000
4257 -9.0000000000
4286 -8.0000000000
4345 -7.0000000000
4396 -6.0000000000
4420 -5.0000000000
4561 -4.0000000000
4629 -3.0000000000
4703 -2.0000000000
4797 -1.0000000000
4836 383.0000000000
4916 402.0000000000
4992 405.0000000000
5240 409.0000000000
5799 411.0000000000
5888 413.0000000000
5998 416.0000000000
8163 418.0000000000
9610 419.0000000000
9681 423.0000000000
10020 423.0000000000
evaluations raw_y
1 -228.0000000000
2 -196.0000000000
7 -195.0000000000
34 -189.0000000000
61 -188.0000000000
72 -183.0000000000
75 -180.0000000000
112 -174.0000000000
126 -173.0000000000
142 -167.0000000000
188 -164.0000000000
235 -162.0000000000
238 -161.0000000000
261 -159.0000000000
279 -151.0000000000
317 -148.0000000000
344 -144.0000000000
392 -143.0000000000
395 -139.0000000000
421 -137.0000000000
429 -136.0000000000
466 -133.0000000000
473 -131.0000000000
505 -130.0000000000
511 -128.0000000000
525 -126.0000000000
552 -125.0000000000
584 -124.0000000000
619 -123.0000000000
621 -121.0000000000
623 -119.0000000000
669 -117.0000000000
705 -116.0000000000
708 -115.0000000000
745 -114.0000000000
754 -112.0000000000
782 -110.0000000000
784 -109.0000000000
829 -108.0000000000
842 -107.0000000000
886 -105.0000000000
932 -103.0000000000
944 -102.0000000000
963 -101.0000000000
965 -100.0000000000
1011 -99.0000000000
1038 -98.0000000000
1070 -97.0000000000
1077 -96.0000000000
1112 -95.0000000000
1120 -93.0000000000
1163 -92.0000000000
1182 -90.0000000000
1222 -89.0000000000
1265 -88.0000000000
1273 -87.0000000000
1304 -86.0000000000
1309 -84.0000000000
1321 -83.0000000000
1345 -82.0000000000
1382 -81.0000000000
1416 -80.0000000000
1462 -79.0000000000
1471 -78.0000000000
1520 -77.0000000000
1538 -76.0000000000
1542 -75.0000000000
1576 -74.0000000000
1584 -73.0000000000
1628 -72.0000000000
1654 -69.0000000000
1685 -68.0000000000
1742 -67.0000000000
1766 -66.0000000000
1824 -65.0000000000
1870 -64.0000000000
1912 -62.0000000000
1964 -61.0000000000
2013 -60.0000000000
2021 -57.0000000000
2116 -56.0000000000
2157 -55.0000000000
2182 -54.0000000000
2195 -53.0000000000
2299 -52.0000000000
2309 -51.0000000000
2316 -50.0000000000
2386 -49.0000000000
2416 -48.0000000000
2426 -47.0000000000
2473 -45.0000000000
2523 -44.0000000000
2541 -43.0000000000
2596 -42.0000000000
2638 -40.0000000000
2672 -39.0000000000
2715 -38.0000000000
2722 -37.0000000000
2788 -36.0000000000
2799 -35.0000000000
2831 -34.0000000000
2917 -33.0000000000
2951 -32.0000000000
3001 -31.0000000000
3046 -30.0000000000
3089 -28.0000000000
3160 -27.0000000000
3229 -26.0000000000
3263 -25.0000000000
3351 -24.0000000000
3398 -23.0000000000
3431 -22.0000000000
3442 -21.0000000000
3468 -20.0000000000
3507 -19.0000000000
3549 -18.0000000000
3604 -17.0000000000
3767 -16.0000000000
3829 -14.0000000000
3873 -13.0000000000
3945 -12.0000000000
4030 -11.0000000000
4043 -10.0000000000
4114 -9.0000000000
4211 -8.0000000000
4262 -7.0000000000
4305 -6.0000000000
4382 -5.0000000000
4446 -4.0000000000
4501 -3.0000000000
4735 -2.0000000000
4773 -1.0000000000
4936 392.0000000000
4994 394.0000000000
5021 396.0000000000
5045 399.0000000000
5063 400.0000000000
5075 401.0000000000
5109 404.0000000000
5191 406.0000000000
5598 407.0000000000
6081 408.0000000000
6191 411.0000000000
7237 412.0000000000
7372 413.0000000000
7393 416.0000000000
7544 418.0000000000
7591 419.0000000000
7957 421.0000000000
10020 421.0000000000
evaluations raw_y
1 -202.0000000000
13 -199.0000000000
34 -196.0000000000
53 -195.0000000000
55 -193.0000000000
63 -192.0000000000
68 -180.0000000000
114 -176.0000000000
125 -174.0000000000
146 -172.0000000000
147 -168.0000000000
159 -162.0000000000
192 -158.0000000000
238 -154.0000000000
239 -152.0000000000
269 -150.0000000000
286 -147.0000000000
301 -144.0000000000
341 -141.0000000000
373 -140.0000000000
382 -136.0000000000
426 -135.0000000000
444 -132.0000000000
482 -129.0000000000
490 -128.0000000000
506 -127.0000000000
546 -124.0000000000
554 -123.0000000000
589 -120.0000000000
608 -119.0000000000
621 -117.0000000000
661 -116.0000000000
666 -115.0000000000
669 -110.0000000000
721 -108.0000000000
747 -107.0000000000
751 -106.0000000000
765 -103.0000000000
807 -102.0000000000
821 -99.0000000000
850 -96.0000000000
865 -95.0000000000
888 -93.0000000000
958 -92.0000000000
959 -90.0000000000
982 -89.0000000000
1021 -88.0000000000
1029 -86.0000000000
1061 -85.0000000000
1072 -84.0000000000
1105 -82.0000000000
1110 -81.0000000000
1173 -80.0000000000
1184 -79.0000000000
1232 -78.0000000000
1234 -77.0000000000
1264 -76.0000000000
1305 -74.0000000000
1310 -73.0000000000
1388 -72.0000000000
1411 -71.0000000000
1461 -70.0000000000
1466 -69.0000000000
1509 -68.0000000000
1558 -66.0000000000
1584 -65.0000000000
1607 -64.0000000000
1624 -63.0000000000
1661 -61.0000000000
1745 -60.0000000000
1781 -59.0000000000
1813 -58.0000000000
1828 -57.0000000000
1844 -56.0000000000
1865 -55.0000000000
1912 -54.0000000000
1924 -53.0000000000
1941 -52.0000000000
1981 -51.0000000000
2018 -50.0000000000
2041 -48.0000000000
2077 -47.0000000000
2125 -45.0000000000
2163 -44.0000000000
2182 -43.0000000000
2230 -41.0000000000
2294 -40.0000000000
2317 -39.0000000000
2342 -37.0000000000
2381 -36.0000000000
2401 -35.0000000000
2446 -34.0000000000
2476 -33.0000000000
2514 -31.0000000000
2546 -30.0000000000
2595 -29.0000000000
2652 -27.0000000000
2728 -26.0000000000
2788 -25.0000000000
2800 -24.0000000000
2907 -23.0000000000
2925 -22.0000000000
3031 -21.0000000000
3065 -20.0000000000
3142 -19.0000000000
3170 -18.0000000000
3229 -17.0000000000
3312 -16.0000000000
3341 -15.0000000000
3425 -14.0000000000
3485 -13.0000000000
3547 -12.0000000000
3649 -11.0000000000
3708 -10.0000000000
3750 -9.0000000000
3829 -8.0000000000
3898 -7.0000000000
3971 -6.0000000000
4041 -5.0000000000
4055 -4.0000000000
4110 -3.0000000000
4270 -2.0000000000
4309 -1.0000000000
4431 380.0000000000
4480 381.0000000000
4536 386.0000000000
4977 392.0000000000
5147 399.0000000000
5198 402.0000000000
5247 403.0000000000
5274 405.0000000000
5345 406.0000000000
5388 407.0000000000
5563 409.0000000000
5632 414.0000000000
5963 419.0000000000
10020 -2.0000000000
