evaluations raw_y
1 2708.0000000000
8 2847.0000000000
12 2882.0000000000
24 3118.0000000000
42 3222.0000000000
66 3291.0000000000
78 3526.0000000000
118 3651.0000000000
119 3815.0000000000
156 3832.0000000000
176 3856.0000000000
222 3870.0000000000
237 3951.0000000000
257 3991.0000000000
258 4097.0000000000
262 4166.0000000000
274 4264.0000000000
276 4305.0000000000
300 4329.0000000000
320 4330.0000000000
337 4331.0000000000
342 4539.0000000000
375 4604.0000000000
454 4675.0000000000
499 4757.0000000000
536 4772.0000000000
602 4778.0000000000
609 4809.0000000000
628 4829.0000000000
694 4831.0000000000
699 4859.0000000000
715 4868.0000000000
730 4885.0000000000
759 4896.0000000000
770 4903.0000000000
846 4915.0000000000
878 4920.0000000000
992 4955.0000000000
1122 4957.0000000000
1137 4975.0000000000
1186 4982.0000000000
1473 4984.0000000000
1578 4985.0000000000
1586 4987.0000000000
1587 5041.0000000000
1903 5044.0000000000
2428 5050.0000000000
100000 5050.0000000000
evaluations raw_y
1 3178.0000000000
72 3312.0000000000
93 3415.0000000000
108 3425.0000000000
111 3452.0000000000
120 3721.0000000000
136 3826.0000000000
189 3885.0000000000
232 3892.0000000000
243 4037.0000000000
271 4043.0000000000
279 4078.0000000000
295 4311.0000000000
363 4379.0000000000
389 4458.0000000000
436 4647.0000000000
542 4664.0000000000
547 4695.0000000000
561 4696.0000000000
579 4757.0000000000
590 4758.0000000000
630 4783.0000000000
688 4784.0000000000
753 4788.0000000000
796 4831.0000000000
865 4839.0000000000
872 4842.0000000000
875 4843.0000000000
905 4859.0000000000
916 4863.0000000000
926 4879.0000000000
980 4894.0000000000
1053 4901.0000000000
1070 4903.0000000000
1104 4907.0000000000
1156 4914.0000000000
1181 4916.0000000000
1234 4974.0000000000
1294 4980.0000000000
1308 4982.0000000000
1369 4988.0000000000
1377 4989.0000000000
1500 4999.0000000000
1617 5016.0000000000
1786 5019.0000000000
1787 5024.0000000000
1830 5029.0000000000
1854 5033.0000000000
1884 5047.0000000000
2041 5050.0000000000
100000 5019.0000000000
evaluations raw_y
1 2397.0000000000
2 2491.0000000000
3 2823.0000000000
8 3166.0000000000
61 3230.0000000000
67 3274.0000000000
76 3370.0000000000
109 3462.0000000000
121 3491.0000000000
125 3507.0000000000
127 3513.0000000000
130 3660.0000000000
166 3716.0000000000
174 3846.0000000000
187 3931.0000000000
223 3936.0000000000
232 3958.0000000000
254 3983.0000000000
275 4044.0000000000
286 4150.0000000000
316 4166.0000000000
326 4180.0000000000
328 4183.0000000000
339 4198.0000000000
359 4294.0000000000
360 4322.0000000000
375 4366.0000000000
399 4443.0000000000
413 4488.0000000000
443 4498.0000000000
489 4594.0000000000
521 4633.0000000000
530 4662.0000000000
553 4664.0000000000
559 4751.0000000000
604 4832.0000000000
666 4895.0000000000
685 4952.0000000000
732 4962.0000000000
768 4965.0000000000
803 4984.0000000000
815 5001.0000000000
1027 5007.0000000000
1189 5047.0000000000
1756 5050.0000000000
100000 5019.0000000000
evaluations raw_y
1 2531.0000000000
5 2693.0000000000
6 2832.0000000000
11 2893.0000000000
32 3022.0000000000
49 3132.0000000000
73 3182.0000000000
95 3236.0000000000
114 3350.0000000000
136 3558.0000000000
177 3634.0000000000
194 3688.0000000000
195 3875.0000000000
223 3967.0000000000
258 4004.0000000000
262 4064.0000000000
275 4093.0000000000
330 4096.0000000000
337 4114.0000000000
344 4203.0000000000
360 4220.0000000000
438 4244.0000000000
452 4277.0000000000
465 4299.0000000000
466 4322.0000000000
498 4341.0000000000
512 4366.0000000000
547 4371.0000000000
577 4419.0000000000
605 4473.0000000000
619 4480.0000000000
626 4586.0000000000
697 4588.0000000000
746 4598.0000000000
760 4606.0000000000
780 4664.0000000000
867 4695.0000000000
873 4711.0000000000
925 4717.0000000000
1021 4729.0000000000
1116 4748.0000000000
1117 4760.0000000000
1226 4799.0000000000
1353 4818.0000000000
1392 4848.0000000000
1407 4876.0000000000
1486 4903.0000000000
1490 4906.0000000000
1574 4954.0000000000
1727 4963.0000000000
1922 5009.0000000000
2118 5027.0000000000
2512 5031.0000000000
2872 5048.0000000000
2893 5050.0000000000
100000 4995.0000000000
evaluations raw_y
1 2566.0000000000
2 2604.0000000000
3 2943.0000000000
8 3020.0000000000
23 3170.0000000000
58 3203.0000000000
62 3257.0000000000
74 3400.0000000000
125 3660.0000000000
173 3794.0000000000
175 3824.0000000000
197 3903.0000000000
221 3963.0000000000
258 4136.0000000000
323 4240.0000000000
331 4265.0000000000
333 4314.0000000000
388 4361.0000000000
407 4392.0000000000
414 4516.0000000000
458 4598.0000000000
508 4623.0000000000
566 4635.0000000000
569 4656.0000000000
571 4717.0000000000
641 4733.0000000000
674 4740.0000000000
722 4761.0000000000
777 4796.0000000000
809 4803.0000000000
822 4824.0000000000
881 4840.0000000000
895 4859.0000000000
907 4881.0000000000
1057 4907.0000000000
1096 4936.0000000000
1123 4941.0000000000
1147 4947.0000000000
1154 4966.0000000000
1354 4981.0000000000
1460 4993.0000000000
1488 4998.0000000000
1527 4999.0000000000
1528 5010.0000000000
1567 5014.0000000000
1597 5019.0000000000
1623 5031.0000000000
1673 5037.0000000000
1822 5039.0000000000
2003 5050.0000000000
100000 5050.0000000000
evaluations raw_y
1 2760.0000000000
4 2840.0000000000
5 2975.0000000000
24 3010.0000000000
37 3327.0000000000
80 3377.0000000000
88 3461.0000000000
129 3615.0000000000
173 3712.0000000000
177 3713.0000000000
182 3819.0000000000
196 3958.0000000000
211 4043.0000000000
306 4085.0000000000
321 4110.0000000000
323 4200.0000000000
344 4300.0000000000
372 4311.0000000000
389 4348.0000000000
433 4403.0000000000
435 4461.0000000000
476 4468.0000000000
483 4535.0000000000
533 4552.0000000000
553 4594.0000000000
570 4601.0000000000
585 4671.0000000000
608 4702.0000000000
646 4711.0000000000
677 4753.0000000000
682 4801.0000000000
879 4843.0000000000
1004 4872.0000000000
1035 4890.0000000000
1168 4902.0000000000
1280 4903.0000000000
1410 4937.0000000000
1507 4943.0000000000
1594 4995.0000000000
1749 5012.0000000000
1807 5026.0000000000
1837 5043.0000000000
2219 5050.0000000000
100000 4966.0000000000
evaluations raw_y
1 2387.0000000000
3 2675.0000000000
5 2869.0000000000
9 2947.0000000000
28 3180.0000000000
45 3461.0000000000
123 3499.0000000000
148 3574.0000000000
159 3601.0000000000
165 3729.0000000000
196 3769.0000000000
238 3847.0000000000
250 3869.0000000000
252 3996.0000000000
349 4087.0000000000
377 4151.0000000000
397 4211.0000000000
424 4243.0000000000
433 4370.0000000000
502 4382.0000000000
509 4387.0000000000
516 4526.0000000000
610 4569.0000000000
650 4593.0000000000
707 4624.0000000000
743 4646.0000000000
762 4668.0000000000
765 4676.0000000000
777 4713.0000000000
869 4715.0000000000
881 4757.0000000000
883 4771.0000000000
904 4782.0000000000
928 4804.0000000000
942 4815.0000000000
995 4872.0000000000
1073 4873.0000000000
1084 4919.0000000000
1104 4930.0000000000
1105 4955.0000000000
1182 4999.0000000000
1319 5003.0000000000
1339 5007.0000000000
1358 5012.0000000000
1372 5018.0000000000
1424 5026.0000000000
1437 5037.0000000000
1479 5039.0000000000
1517 5045.0000000000
1538 5049.0000000000
2271 5050.0000000000
100000 4909.0000000000
evaluations raw_y
1 2399.0000000000
2 2545.0000000000
3 2611.0000000000
4 2748.0000000000
5 3300.0000000000
89 3333.0000000000
98 3403.0000000000
139 3524.0000000000
155 3644.0000000000
191 3713.0000000000
197 3956.0000000000
226 3995.0000000000
258 4026.0000000000
265 4061.0000000000
291 4133.0000000000
339 4153.0000000000
366 4381.0000000000
422 4418.0000000000
466 4518.0000000000
576 4535.0000000000
608 4541.0000000000
613 4575.0000000000
639 4611.0000000000
654 4659.0000000000
752 4688.0000000000
798 4713.0000000000
802 4740.0000000000
839 4741.0000000000
1014 4756.0000000000
1018 4832.0000000000
1041 4833.0000000000
1065 4870.0000000000
1116 4883.0000000000
1170 4933.0000000000
1288 4938.0000000000
1329 4942.0000000000
1344 4945.0000000000
1367 4957.0000000000
1393 4964.0000000000
1424 4976.0000000000
1581 4981.0000000000
1668 5018.0000000000
1675 5023.0000000000
1755 5026.0000000000
2147 5032.0000000000
2253 5044.0000000000
2352 5050.0000000000
100000 4968.0000000000
evaluations raw_y
1 2289.0000000000
2 2820.0000000000
13 2890.0000000000
18 2964.0000000000
24 3066.0000000000
30 3168.0000000000
83 3286.0000000000
104 3300.0000000000
129 3381.0000000000
131 3508.0000000000
141 3565.0000000000
171 3610.0000000000
210 3622.0000000000
214 3674.0000000000
224 3697.0000000000
236 3797.0000000000
245 3834.0000000000
261 3835.0000000000
271 3842.0000000000
308 3886.0000000000
310 4010.0000000000
347 4165.0000000000
364 4247.0000000000
436 4261.0000000000
469 4292.0000000000
472 4320.0000000000
485 4339.0000000000
492 4416.0000000000
573 4471.0000000000
623 4472.0000000000
656 4535.0000000000
657 4550.0000000000
707 4551.0000000000
714 4561.0000000000
737 4601.0000000000
767 4623.0000000000
793 4744.0000000000
856 4816.0000000000
989 4853.0000000000
1015 4897.0000000000
1031 4903.0000000000
1046 4907.0000000000
1158 4934.0000000000
1172 4935.0000000000
1297 4942.0000000000
1417 4948.0000000000
1527 4997.0000000000
1648 4998.0000000000
1718 5024.0000000000
1799 5025.0000000000
2012 5050.0000000000
100000 5039.0000000000
evaluations raw_y
1 2513.0000000000
2 2562.0000000000
4 2622.0000000000
5 2859.0000000000
11 3168.0000000000
19 3501.0000000000
56 3713.0000000000
107 3738.0000000000
136 3772.0000000000
151 3803.0000000000
155 3928.0000000000
165 4058.0000000000
200 4070.0000000000
206 4167.0000000000
246 4238.0000000000
278 4252.0000000000
294 4390.0000000000
323 4409.0000000000
345 4428.0000000000
366 4462.0000000000
372 4497.0000000000
422 4561.0000000000
450 4682.0000000000
521 4699.0000000000
543 4710.0000000000
546 4712.0000000000
556 4735.0000000000
574 4764.0000000000
597 4776.0000000000
631 4783.0000000000
633 4796.0000000000
652 4797.0000000000
656 4824.0000000000
662 4886.0000000000
679 4939.0000000000
800 4954.0000000000
855 4956.0000000000
879 4972.0000000000
1136 4975.0000000000
1143 4983.0000000000
1193 4987.0000000000
1203 5004.0000000000
1228 5009.0000000000
1240 5020.0000000000
1253 5041.0000000000
1485 5048.0000000000
1677 5050.0000000000
100000 4963.0000000000
