evaluations raw_y
1 0.0000000000
2 5.2500000000
3 20.9600000000
7 37.8800000000
10 43.1200000000
11 53.2100000000
12 64.2000000000
13 78.7500000000
22 90.5700000000
23 115.0600000000
39 128.9900000000
43 154.8100000000
53 160.4400000000
63 170.2900000000
84 172.9200000000
100 173.2000000000
110 191.5700000000
112 223.3500000000
169 227.6800000000
191 230.2900000000
203 247.0300000000
271 257.0700000000
281 282.0000000000
285 299.5400000000
327 312.7200000000
338 318.6200000000
371 320.0300000000
482 321.6000000000
729 324.8600000000
873 325.8900000000
911 338.7100000000
1030 349.6800000000
1040 358.3400000000
1075 363.7200000000
1080 373.1800000000
1136 374.5300000000
1214 383.0600000000
1285 395.6000000000
1339 414.2000000000
1424 420.5300000000
1527 422.8800000000
1655 426.5300000000
1664 428.3200000000
1688 441.1000000000
1718 445.4100000000
1729 463.0600000000
1783 490.4400000000
1788 502.8700000000
1818 529.5800000000
1822 533.8700000000
1921 540.5500000000
1932 552.3100000000
1958 557.7200000000
1964 563.4900000000
2028 576.1700000000
2162 580.5000000000
2181 581.3200000000
2190 584.8600000000
2200 596.6800000000
2225 655.4200000000
2417 679.0900000000
2436 679.1200000000
2457 687.1900000000
2477 702.8900000000
2516 716.1500000000
2580 716.4900000000
2615 727.6600000000
2687 733.8000000000
2708 740.7300000000
2955 743.3700000000
2959 750.3700000000
3172 753.9100000000
3345 756.9000000000
3384 757.2100000000
3472 761.1000000000
3775 763.6200000000
3788 765.4400000000
4115 767.2200000000
4320 768.0500000000
4513 781.9000000000
4628 798.9800000000
4753 805.5000000000
4784 812.1800000000
4789 812.3700000000
4790 813.5800000000
4796 815.0400000000
4812 823.9700000000
4815 856.3900000000
4990 867.9800000000
6042 868.5400000000
6130 871.6400000000
6455 882.8300000000
6489 886.4300000000
6604 900.9400000000
6749 906.9600000000
6802 919.8000000000
6813 927.7200000000
7146 931.0300000000
7486 935.5200000000
7825 937.5000000000
7959 943.0600000000
8141 948.5300000000
8482 951.7800000000
8483 957.6700000000
8657 960.8800000000
8891 967.2000000000
8931 969.8500000000
8976 971.3000000000
9003 971.8400000000
9048 981.0600000000
9050 984.0500000000
9447 988.2900000000
9557 991.1400000000
9575 991.6800000000
9588 1006.4500000000
9639 1010.8000000000
9844 1013.2800000000
9866 1016.3100000000
10000 772.5700000000
evaluations raw_y
1 0.0000000000
2 16.8500000000
3 43.9300000000
6 46.1300000000
9 51.0200000000
11 76.6000000000
13 88.1700000000
23 95.6100000000
33 102.2100000000
43 106.5200000000
48 114.8200000000
58 124.9500000000
62 129.7400000000
70 143.6400000000
73 177.2500000000
82 196.2400000000
117 205.3800000000
123 215.0900000000
169 223.4600000000
180 246.5300000000
187 255.4800000000
214 262.2600000000
228 274.6000000000
256 303.3900000000
267 321.3700000000
321 331.1400000000
354 337.1900000000
368 343.4000000000
393 347.1600000000
402 354.6600000000
404 380.3500000000
414 396.5200000000
575 400.7600000000
616 494.1000000000
633 498.1000000000
634 522.7700000000
724 535.3800000000
733 541.6400000000
1439 546.9700000000
1599 563.0700000000
3210 569.1100000000
3218 575.9300000000
3307 586.7700000000
3320 603.4200000000
3367 646.8300000000
3438 657.5500000000
3439 660.4600000000
3446 675.0900000000
3465 706.6000000000
3493 708.5700000000
3522 710.8300000000
3523 717.2100000000
3580 726.8000000000
3594 732.7200000000
3616 746.2100000000
3753 750.1700000000
3808 753.5500000000
3843 754.7700000000
3860 766.0900000000
3967 777.3400000000
3968 781.0100000000
3978 791.1300000000
4001 795.1300000000
4249 800.6200000000
4344 813.5200000000
4402 819.0300000000
4415 832.7600000000
4887 839.0200000000
4972 847.1700000000
5124 847.2700000000
5214 851.8900000000
5260 852.9700000000
5302 856.1400000000
5558 857.2300000000
5561 860.8400000000
5568 862.8200000000
5624 867.6100000000
5634 867.9500000000
5706 870.7300000000
5776 882.2200000000
6073 887.5900000000
6644 888.6100000000
6685 899.1500000000
6725 900.8200000000
6743 909.7200000000
6805 937.4500000000
8090 938.5400000000
8404 939.5400000000
8493 959.9200000000
8820 962.4400000000
9352 962.6700000000
9531 965.8000000000
9601 986.1900000000
10000 353.6600000000
evaluations raw_y
1 0.0000000000
2 27.2500000000
6 49.6300000000
11 59.8500000000
16 63.7600000000
24 75.0200000000
34 86.9000000000
39 106.2000000000
41 106.7700000000
42 120.6200000000
51 154.2100000000
73 165.3600000000
85 172.5300000000
87 181.8500000000
127 183.7000000000
129 184.7200000000
138 201.9300000000
140 210.7700000000
142 221.0400000000
147 221.3700000000
152 226.2500000000
160 229.7300000000
215 256.3800000000
224 261.3300000000
238 269.9100000000
266 271.0200000000
299 273.8200000000
304 281.4800000000
357 429.5300000000
374 437.0300000000
379 460.5600000000
423 461.1300000000
453 464.1600000000
457 474.2000000000
469 477.0300000000
477 492.2000000000
531 494.8200000000
563 512.3500000000
566 516.0400000000
586 525.5400000000
590 527.5400000000
594 534.7600000000
634 537.1200000000
638 537.1900000000
649 547.5900000000
829 555.3900000000
850 564.1500000000
852 565.2100000000
876 579.5200000000
899 581.4000000000
909 613.1800000000
993 645.0800000000
1012 650.6600000000
1049 660.9100000000
1060 670.6900000000
1265 685.4900000000
1277 695.6300000000
1284 701.4300000000
1289 707.7400000000
1337 718.6400000000
1542 833.2500000000
1551 838.4500000000
1578 853.5500000000
1729 872.4800000000
1902 873.6300000000
2166 877.9600000000
2273 882.8800000000
2323 896.9300000000
2429 902.5800000000
2466 922.0100000000
2844 930.8700000000
2860 931.3200000000
3553 937.0400000000
3791 938.2900000000
3797 941.7900000000
3850 964.4600000000
3886 986.7600000000
3993 986.9200000000
4012 1003.8900000000
4181 1017.5800000000
4219 1018.5900000000
4384 1027.7000000000
4477 1042.0700000000
4779 1043.5400000000
5043 1046.0700000000
5050 1053.1700000000
5100 1055.7900000000
5207 1056.7300000000
5420 1057.7600000000
5447 1070.5800000000
5848 1084.6300000000
6172 1087.9800000000
7159 1088.9700000000
7189 1098.3400000000
7201 1108.4500000000
7294 1112.3500000000
7360 1115.4800000000
7376 1184.8100000000
7586 1192.0400000000
7662 1193.6800000000
7980 1197.6900000000
8453 1198.2900000000
8590 1198.5500000000
8891 1199.6500000000
8956 1207.2400000000
8959 1212.3400000000
9410 1218.2200000000
10000 992.1100000000
evaluations raw_y
1 0.0000000000
2 13.0100000000
3 67.9000000000
15 77.9600000000
23 89.7000000000
27 90.2700000000
29 92.8200000000
34 114.3000000000
37 118.1300000000
38 133.8700000000
54 148.4800000000
79 152.5200000000
94 160.9500000000
107 166.0100000000
119 167.2700000000
131 190.5200000000
155 194.4800000000
158 203.9000000000
167 215.2200000000
172 217.1200000000
176 222.6100000000
185 236.3400000000
192 249.3600000000
200 251.5900000000
206 276.2700000000
211 281.3700000000
221 285.9700000000
224 296.7700000000
228 313.8900000000
242 317.0600000000
292 324.0100000000
328 337.0800000000
337 353.8200000000
408 360.0200000000
444 373.8700000000
453 399.0800000000
458 413.2300000000
474 414.0600000000
497 414.6600000000
530 420.1300000000
555 436.3400000000
716 436.5700000000
768 452.2200000000
921 461.7700000000
953 473.5500000000
1008 502.9100000000
1075 516.4000000000
1255 539.1000000000
1291 547.8000000000
1343 563.8900000000
1454 567.6700000000
1501 570.3800000000
1510 573.0200000000
1521 575.6900000000
1577 576.2600000000
1626 577.3700000000
1704 581.2400000000
1710 589.9000000000
1795 598.4200000000
1951 617.4000000000
2119 625.2900000000
2126 659.2400000000
2130 663.7600000000
2148 666.2200000000
2161 675.6700000000
2188 681.8200000000
2193 682.4400000000
2209 688.2300000000
2248 697.5200000000
2639 697.8300000000
2694 704.7600000000
2756 710.2500000000
2777 785.4500000000
2839 787.1600000000
2856 793.6000000000
2881 810.4800000000
2882 917.5200000000
2915 946.2600000000
2959 956.7900000000
3150 957.3400000000
3168 957.8100000000
3183 963.8100000000
3235 967.3800000000
3290 985.3800000000
3597 996.6600000000
4153 1002.3000000000
4186 1006.2800000000
4243 1008.1700000000
4318 1014.2100000000
4754 1027.2500000000
4772 1030.4200000000
4864 1031.4400000000
4917 1035.0600000000
4933 1035.7300000000
4974 1038.7400000000
5650 1040.6800000000
6021 1041.9900000000
6623 1051.8100000000
7985 1058.5500000000
8422 1059.3200000000
8610 1068.6300000000
9806 1074.4300000000
9968 1099.2300000000
10000 1064.6300000000
evaluations raw_y
1 0.0000000000
2 15.0500000000
3 22.5700000000
4 54.9300000000
6 93.8400000000
19 132.9100000000
20 139.4900000000
22 152.1100000000
38 157.2600000000
40 163.5900000000
42 178.1400000000
80 179.9600000000
129 181.1500000000
135 188.8800000000
146 207.4900000000
149 228.7500000000
172 229.2800000000
183 246.2800000000
207 246.9000000000
247 249.2600000000
254 254.7500000000
347 264.5100000000
359 281.3000000000
407 285.5600000000
421 318.7100000000
427 326.4700000000
481 339.0900000000
482 341.3000000000
485 351.8300000000
490 360.6900000000
585 374.8200000000
608 377.1100000000
623 377.1700000000
640 383.9100000000
645 389.7200000000
694 400.1300000000
700 400.8000000000
742 406.8200000000
1192 412.1600000000
1194 418.5400000000
1200 427.0700000000
1336 433.4400000000
1350 434.9000000000
1379 472.2700000000
1381 477.4100000000
1395 509.4400000000
1419 529.3800000000
1444 531.3600000000
1446 536.5300000000
1455 537.1400000000
1509 538.4600000000
1619 544.9400000000
1644 549.7300000000
1672 549.9300000000
1717 568.4600000000
1888 574.8300000000
1921 576.2600000000
1956 598.5500000000
1959 653.8100000000
2008 654.2500000000
2028 671.4700000000
2693 683.2000000000
3239 691.2900000000
3263 705.0200000000
3311 718.4200000000
3369 720.1700000000
3400 733.2400000000
3437 736.0500000000
3513 753.2000000000
3618 773.3500000000
6852 776.3500000000
6954 777.2800000000
7021 780.0200000000
7047 782.7900000000
7155 791.0900000000
7247 798.0700000000
7261 810.9600000000
7700 811.0500000000
7718 812.9400000000
7737 817.8900000000
7984 818.6000000000
8105 827.3600000000
8625 840.2500000000
8688 851.3800000000
8834 861.7000000000
9039 863.1200000000
9106 870.5600000000
9406 874.7700000000
9932 886.1400000000
9974 891.7500000000
10000 735.7100000000
evaluations raw_y
1 0.0000000000
2 22.6400000000
4 24.2800000000
6 40.9000000000
7 47.9400000000
9 48.7700000000
12 70.7800000000
20 72.9500000000
27 79.8400000000
28 80.4000000000
31 95.0400000000
45 106.0200000000
66 108.5600000000
73 109.2400000000
82 132.1800000000
102 143.5500000000
115 156.0400000000
118 164.3400000000
141 174.6000000000
167 191.7600000000
246 191.9600000000
288 211.5600000000
342 215.5000000000
354 220.8100000000
355 263.2100000000
357 276.0600000000
362 281.8500000000
367 300.8900000000
370 302.1800000000
371 307.8700000000
439 308.1300000000
446 309.9200000000
642 310.4400000000
647 313.3600000000
648 316.7300000000
660 325.6600000000
667 328.8800000000
674 329.1400000000
695 351.8700000000
765 354.7600000000
772 355.4700000000
790 359.5300000000
796 359.6600000000
803 360.3100000000
813 367.5200000000
824 382.7300000000
828 400.9400000000
836 404.0500000000
849 423.1800000000
851 424.7100000000
854 437.0800000000
868 438.3000000000
907 447.4300000000
925 450.1900000000
965 455.8800000000
1066 508.0900000000
1132 513.1500000000
1172 533.1600000000
1209 544.8600000000
1269 551.9600000000
1286 555.6900000000
1292 556.0000000000
1298 556.2100000000
1301 556.5300000000
1338 558.0500000000
1356 560.8700000000
1405 565.6500000000
1412 572.9800000000
1454 578.7800000000
1507 579.2800000000
1514 598.6800000000
1538 616.8800000000
1645 621.8200000000
1987 628.5700000000
2095 672.8100000000
2125 683.4600000000
2173 691.0600000000
2183 698.9500000000
2220 699.7100000000
2271 706.6300000000
2275 708.5400000000
2278 719.1400000000
2321 727.5600000000
2376 737.5500000000
2482 750.4700000000
2687 769.5700000000
3461 776.9300000000
3550 791.2500000000
4166 794.0100000000
4399 798.5900000000
4405 807.6000000000
4533 811.0800000000
4572 836.5500000000
5151 845.5200000000
5958 851.3700000000
6058 854.9900000000
6077 856.3200000000
6085 880.4000000000
6405 881.8800000000
6409 894.9900000000
6418 899.7500000000
6569 900.3400000000
6640 910.1900000000
7019 911.7000000000
7116 923.4400000000
7391 927.5900000000
7464 932.0600000000
7466 944.4100000000
7881 960.2700000000
8686 1046.9500000000
8781 1052.3600000000
8797 1066.1300000000
8856 1075.2500000000
8880 1079.7200000000
8901 1084.5200000000
9018 1094.6100000000
10000 254.5300000000
evaluations raw_y
1 0.0000000000
2 3.4100000000
3 22.2700000000
4 34.4000000000
10 63.0300000000
15 73.1700000000
19 77.2300000000
24 80.3100000000
28 81.4300000000
30 105.0000000000
40 120.7300000000
46 132.0100000000
61 158.0300000000
93 162.3700000000
113 163.7100000000
115 185.8600000000
119 199.2000000000
128 214.8400000000
176 221.1200000000
225 226.2100000000
246 230.7200000000
257 242.7500000000
260 254.5600000000
268 275.2800000000
308 282.0800000000
341 292.2900000000
353 323.7400000000
374 339.2700000000
592 343.4600000000
602 357.6200000000
627 363.7500000000
646 399.6600000000
654 401.9100000000
658 404.1600000000
686 407.5900000000
744 415.8600000000
749 426.9000000000
797 438.7300000000
953 501.8600000000
1130 509.9400000000
1145 514.2300000000
1157 529.1000000000
1222 539.4200000000
1272 544.3600000000
1333 549.9600000000
1345 555.6300000000
1369 562.2100000000
1377 564.4300000000
1421 599.4600000000
1468 609.4400000000
1632 613.3800000000
1635 623.7900000000
1698 633.8700000000
1711 639.8100000000
1712 645.3300000000
3305 646.5000000000
3418 647.0300000000
3452 650.8300000000
3474 674.7300000000
3493 675.3300000000
3497 680.3900000000
3501 699.4900000000
3661 716.4900000000
5868 718.9900000000
5965 722.7300000000
6014 725.3700000000
6129 743.9400000000
6315 756.2300000000
6327 775.3700000000
6358 777.0300000000
6389 783.9300000000
6592 786.5700000000
6768 792.7400000000
6778 795.1300000000
6782 811.1800000000
6868 813.9400000000
7059 814.9800000000
7310 821.3700000000
8953 830.7700000000
9061 835.2900000000
9121 836.2200000000
9134 840.9800000000
9167 845.3700000000
9182 860.4600000000
9207 863.3700000000
9325 886.7100000000
9974 900.6300000000
10000 525.0500000000
evaluations raw_y
1 0.0000000000
2 13.8400000000
3 28.4300000000
4 34.9700000000
7 62.3000000000
25 100.6900000000
88 106.2900000000
97 115.1700000000
145 118.3500000000
154 134.2700000000
194 135.3400000000
203 139.2900000000
207 176.1500000000
252 183.5900000000
256 198.2900000000
310 199.7400000000
330 211.9400000000
331 234.3100000000
340 242.0300000000
398 253.1400000000
399 264.0400000000
436 273.1500000000
459 285.0200000000
487 332.2700000000
518 337.3900000000
527 347.9700000000
542 355.0600000000
578 356.9300000000
580 358.4700000000
590 365.7000000000
595 378.4500000000
631 379.3000000000
715 387.6300000000
746 399.0000000000
768 420.3000000000
869 434.2200000000
898 443.0100000000
988 446.5200000000
1282 453.6700000000
1287 478.3800000000
1312 490.9700000000
1324 502.1500000000
1426 509.6800000000
1435 514.7500000000
1633 517.5500000000
1780 524.5400000000
1787 538.3500000000
2608 643.6800000000
2627 659.6400000000
2673 678.3800000000
2689 679.7100000000
2703 689.9300000000
2723 691.0800000000
2734 694.7100000000
2783 700.0300000000
2786 712.2000000000
2995 715.7400000000
3012 723.4100000000
3488 735.4400000000
3500 740.8500000000
3509 745.1800000000
3518 754.4000000000
3521 755.7900000000
3527 757.1500000000
3571 759.2300000000
3643 761.8600000000
3646 785.3300000000
3742 785.4000000000
3753 785.6700000000
3811 794.3300000000
3873 800.7400000000
3980 802.9400000000
4004 803.1400000000
4253 807.0200000000
4309 816.1100000000
4525 824.8000000000
4530 826.8700000000
4766 827.3800000000
4779 844.0600000000
4804 851.2700000000
4829 860.2600000000
4932 866.0600000000
5049 877.7100000000
5156 888.8300000000
5224 896.7600000000
5328 907.2000000000
5354 918.4800000000
5360 935.1200000000
5401 938.1200000000
5406 943.1700000000
5430 957.8400000000
5516 958.1600000000
5519 960.3900000000
5647 962.6800000000
5652 972.3700000000
5759 977.3100000000
5793 985.6700000000
6794 996.0400000000
10000 695.4800000000
evaluations raw_y
1 0.0000000000
2 14.8700000000
3 20.6900000000
4 36.7600000000
5 38.6000000000
6 52.8300000000
10 60.3200000000
20 67.6200000000
21 85.2100000000
22 90.4800000000
26 90.6800000000
29 119.6800000000
34 140.0500000000
43 144.8400000000
46 151.7000000000
49 165.7200000000
58 172.6100000000
64 176.8400000000
66 178.9900000000
84 195.0300000000
99 206.2600000000
106 211.7800000000
108 218.7800000000
116 243.1700000000
177 249.1500000000
219 262.0000000000
253 263.3000000000
280 264.6400000000
292 266.2300000000
312 301.7700000000
331 310.3700000000
405 320.9500000000
425 328.2700000000
637 329.0400000000
643 359.0100000000
664 366.3500000000
710 381.9000000000
727 388.4100000000
840 401.4700000000
1505 408.3200000000
1641 417.0200000000
1737 429.8800000000
1909 434.2400000000
2310 435.3000000000
2346 436.7700000000
2360 442.9400000000
2380 462.1600000000
2385 466.0000000000
2388 476.8000000000
2391 485.2200000000
2415 498.2500000000
2420 509.8900000000
2444 514.6100000000
2473 531.7900000000
2482 542.6400000000
2509 550.4700000000
2649 563.8900000000
3232 568.5300000000
3251 572.0800000000
3338 591.3800000000
3594 619.7100000000
4348 638.5100000000
4355 651.8500000000
4366 677.4700000000
4416 698.8900000000
4519 702.0700000000
4734 708.6800000000
4737 715.1200000000
4806 747.6400000000
4847 749.5900000000
4964 765.7300000000
5070 776.0300000000
5107 780.3000000000
5339 780.7100000000
5352 782.4300000000
5444 797.2700000000
5714 799.1600000000
5857 841.9800000000
5866 855.1900000000
5881 858.4900000000
5899 878.7600000000
6099 879.4200000000
6129 880.7700000000
6210 891.3800000000
6242 894.7100000000
6345 901.1100000000
6408 904.7900000000
6425 907.8200000000
6447 909.9500000000
6709 911.0100000000
7042 911.8300000000
7047 915.1000000000
7282 916.0000000000
7378 932.0300000000
10000 338.4400000000
evaluations raw_y
1 0.0000000000
2 10.8600000000
4 28.4600000000
5 41.5400000000
6 44.5700000000
11 72.4700000000
13 95.1400000000
28 104.1500000000
40 122.4500000000
53 123.5600000000
64 132.7100000000
76 149.5500000000
78 167.0100000000
84 167.6000000000
105 182.8700000000
115 184.9200000000
116 197.9500000000
153 201.9800000000
170 206.3400000000
181 222.5800000000
186 232.1200000000
228 248.1800000000
309 249.1000000000
312 264.8900000000
320 284.4300000000
337 292.5100000000
343 312.9400000000
386 317.2500000000
395 317.9300000000
400 334.6600000000
471 346.7600000000
483 350.0500000000
494 350.1000000000
495 358.9100000000
508 368.7800000000
532 372.3100000000
542 374.4300000000
588 378.9500000000
604 382.0800000000
617 389.8600000000
647 396.7200000000
654 414.5700000000
842 430.7400000000
882 444.5200000000
899 446.6700000000
1195 452.3200000000
1204 453.0200000000
1293 472.8500000000
1320 473.9800000000
1450 476.2700000000
1454 497.9100000000
1626 570.3200000000
1738 596.1100000000
1869 603.2800000000
1911 606.0700000000
1995 606.7500000000
2003 608.3100000000
2130 618.3600000000
2134 619.8800000000
2165 623.2500000000
2202 630.3900000000
2215 639.5700000000
2238 653.0900000000
2359 656.0900000000
2432 660.6400000000
2433 668.0600000000
2508 679.3700000000
2672 685.7700000000
2750 686.9800000000
2803 714.3100000000
2848 736.0100000000
2900 737.7900000000
2905 739.5500000000
2969 741.1500000000
3017 750.2000000000
3096 760.4400000000
3732 767.4600000000
3781 774.2900000000
4279 774.3200000000
4515 774.6000000000
5160 783.8400000000
5481 784.3500000000
6141 791.6500000000
6598 795.2900000000
6890 795.7500000000
7045 798.9000000000
7081 804.2200000000
7143 905.9900000000
7195 907.4800000000
7203 925.2300000000
7250 936.3500000000
7358 942.0500000000
8111 945.1000000000
8301 949.8500000000
8385 955.4000000000
8742 961.3300000000
10000 943.9900000000
evaluations raw_y
1 0.0000000000
2 10.8800000000
3 32.1500000000
4 48.1400000000
7 54.9300000000
9 80.4200000000
17 80.8000000000
22 99.1100000000
33 106.3600000000
40 119.3700000000
41 125.0300000000
64 128.4700000000
70 138.7000000000
77 146.0100000000
81 180.9100000000
174 182.1100000000
184 184.2700000000
200 188.2700000000
220 201.5500000000
230 205.3300000000
241 206.2900000000
264 221.5900000000
278 261.8500000000
296 267.0200000000
298 274.2500000000
307 288.7600000000
323 288.8900000000
335 300.2300000000
357 312.9300000000
475 325.1600000000
483 357.5100000000
502 369.2200000000
511 370.0200000000
530 372.4000000000
556 407.0500000000
678 407.8200000000
773 408.3900000000
784 419.3600000000
814 430.5500000000
837 441.1700000000
858 445.6200000000
1001 454.5300000000
1008 466.9600000000
1429 473.4800000000
1433 480.3600000000
1551 493.3100000000
1626 496.8700000000
1655 590.7700000000
1663 601.2900000000
1716 604.0600000000
1775 608.0400000000
1780 630.6200000000
1853 638.2000000000
1996 646.9100000000
2016 651.5100000000
2057 675.5800000000
2071 694.9700000000
2099 697.9100000000
2110 700.2100000000
2143 701.9800000000
2227 716.1400000000
2257 719.0300000000
2272 740.7600000000
2833 741.9600000000
3161 743.3300000000
3384 746.8900000000
3391 760.4100000000
3405 773.8700000000
3413 796.5500000000
3459 808.8400000000
3505 810.6200000000
3507 815.2900000000
3529 827.2100000000
3712 827.6600000000
3724 832.4200000000
3726 840.0500000000
3766 840.3200000000
3783 871.2600000000
3911 876.2900000000
3921 876.8200000000
4047 880.4300000000
4076 882.3500000000
4121 884.6300000000
4200 885.9400000000
4315 894.1600000000
4323 898.4800000000
4944 901.8400000000
5158 904.5600000000
5231 907.0900000000
5249 911.6300000000
5297 919.8900000000
5302 934.2500000000
5857 936.6500000000
5985 947.9000000000
6011 952.2300000000
6092 955.1200000000
6097 957.3700000000
6148 984.5600000000
6162 1001.3500000000
6221 1003.9500000000
6261 1010.2500000000
6273 1012.8600000000
6287 1016.3200000000
6476 1019.5300000000
6582 1026.0000000000
7209 1026.6600000000
7447 1029.0900000000
7633 1035.3200000000
7869 1047.6200000000
7934 1051.3700000000
8337 1066.4800000000
8743 1068.3500000000
8771 1088.0100000000
9387 1093.3700000000
9559 1110.2900000000
10000 911.9100000000
evaluations raw_y
1 0.0000000000
2 12.8400000000
3 15.9200000000
5 22.9200000000
6 30.5300000000
7 39.2200000000
8 46.9900000000
12 72.8300000000
14 82.5100000000
15 91.3300000000
24 97.7900000000
31 105.5900000000
45 119.3600000000
68 132.2000000000
73 143.8100000000
88 160.8500000000
94 162.4700000000
99 188.5100000000
124 193.6300000000
156 194.9700000000
175 202.5200000000
188 207.6200000000
199 209.8900000000
204 215.1400000000
207 227.1800000000
212 229.2100000000
213 229.9400000000
254 233.9700000000
255 249.7800000000
270 271.6600000000
373 281.2300000000
425 288.2500000000
434 290.9100000000
478 310.6500000000
482 315.8300000000
509 338.5000000000
680 353.0500000000
1199 354.8500000000
1201 358.5500000000
1206 374.7400000000
1208 380.2100000000
1210 390.9700000000
1296 402.9800000000
1306 424.0700000000
1309 427.1400000000
1346 428.6600000000
1347 436.6200000000
1383 455.8500000000
1462 472.6400000000
1487 477.2400000000
1522 479.3500000000
1585 481.9500000000
1599 487.9000000000
1786 496.5600000000
1836 507.7600000000
1883 510.6600000000
1985 515.6800000000
2457 518.2000000000
2580 600.5500000000
2583 612.4500000000
2592 619.2000000000
2626 632.9100000000
2755 648.3900000000
2833 653.2200000000
2846 656.0500000000
2871 675.3100000000
2941 678.2100000000
2945 683.7100000000
2958 692.6900000000
2990 698.7400000000
3149 703.5600000000
3184 707.0100000000
3236 718.7000000000
3285 729.6800000000
3385 732.3400000000
3523 739.4100000000
3532 739.8800000000
3645 762.0600000000
4249 762.3700000000
4688 765.2700000000
4707 772.6200000000
4749 776.4000000000
4835 776.5100000000
4880 776.8900000000
4892 781.6800000000
4945 790.6500000000
5070 795.7300000000
7381 802.1000000000
7453 808.0700000000
7693 823.2900000000
7829 835.6900000000
8287 838.0900000000
8405 838.7700000000
8407 841.5500000000
8505 848.3300000000
9119 857.9000000000
9336 864.5800000000
9457 871.3800000000
9549 873.3500000000
9617 889.5600000000
10000 572.7600000000
evaluations raw_y
1 0.0000000000
2 3.9500000000
3 19.9500000000
4 21.2400000000
6 24.7600000000
7 29.9900000000
8 43.5000000000
12 54.0100000000
15 79.3600000000
20 82.3100000000
21 85.1900000000
22 92.2500000000
23 109.9700000000
41 110.6800000000
50 115.9000000000
57 133.9000000000
78 146.6000000000
139 146.7100000000
147 179.5500000000
157 195.4600000000
166 212.0000000000
167 216.0800000000
170 241.1500000000
176 244.6400000000
217 258.2700000000
242 261.5100000000
265 269.8200000000
280 277.2000000000
290 281.5800000000
292 291.7000000000
325 307.8100000000
337 321.2200000000
416 323.8700000000
421 334.8700000000
424 338.9500000000
428 365.7300000000
485 376.0700000000
579 380.6000000000
615 382.6600000000
632 391.3200000000
648 391.5300000000
658 406.4100000000
715 484.3500000000
754 490.5300000000
755 511.5900000000
774 513.1600000000
775 513.6600000000
785 516.5600000000
786 528.0100000000
817 531.2200000000
828 551.8300000000
879 554.7700000000
886 572.4800000000
887 573.6100000000
897 583.9400000000
932 589.9700000000
934 595.7900000000
1050 596.6200000000
1071 599.5000000000
1124 608.5900000000
1218 611.0800000000
1309 613.8200000000
1349 636.9800000000
1406 664.5700000000
1478 665.7000000000
1509 669.1800000000
1510 683.8900000000
1520 691.1900000000
1531 694.2400000000
1543 701.8400000000
1551 723.1600000000
1554 726.1400000000
1597 738.1600000000
1629 741.5200000000
1816 755.7900000000
2047 761.0800000000
2501 764.0500000000
2516 770.9600000000
3627 775.0000000000
3638 793.4200000000
3643 802.2800000000
3664 802.4300000000
3723 805.3800000000
3729 819.1100000000
3748 819.8900000000
3791 826.3100000000
3796 830.6600000000
4069 833.1600000000
4512 838.2400000000
4537 859.6000000000
4561 922.7000000000
4614 943.1400000000
4752 949.9800000000
4793 959.3200000000
4929 959.7500000000
5116 960.1900000000
5156 963.3400000000
5222 967.8500000000
5246 972.4000000000
5260 976.4900000000
5274 993.8600000000
5463 997.7900000000
5479 998.3000000000
5546 1003.2300000000
5831 1006.1200000000
5862 1020.7800000000
8136 1023.6800000000
8296 1026.9500000000
8331 1041.0600000000
9479 1047.1500000000
10000 978.3500000000
evaluations raw_y
1 0.0000000000
2 10.5000000000
3 25.8200000000
5 48.9700000000
7 90.8100000000
9 120.9000000000
13 137.1400000000
15 138.7200000000
18 147.7000000000
22 170.5400000000
35 173.4200000000
37 328.1100000000
47 334.5400000000
50 348.6400000000
57 362.5500000000
61 378.6700000000
65 382.4400000000
94 393.9300000000
98 402.1000000000
114 411.3700000000
135 416.9600000000
150 418.6900000000
183 418.8200000000
319 422.6000000000
353 443.1400000000
362 444.0800000000
372 454.6300000000
394 456.6900000000
405 459.2900000000
425 476.4500000000
437 476.9700000000
450 481.9100000000
495 483.7700000000
608 492.6600000000
676 507.9700000000
690 516.0200000000
706 524.1800000000
707 542.4400000000
794 544.8800000000
823 546.4900000000
896 551.4700000000
914 575.8000000000
1318 589.2700000000
1408 635.0100000000
4053 635.0700000000
4087 635.5900000000
4088 642.7100000000
4123 651.1500000000
4139 675.2400000000
4190 682.0500000000
4220 698.7500000000
4223 713.3200000000
4224 721.6000000000
4251 727.6500000000
4318 730.3400000000
4325 734.1300000000
4403 740.4100000000
4440 741.4600000000
4441 755.8900000000
4564 767.6200000000
4821 792.6000000000
4883 800.0600000000
4980 802.5400000000
5055 803.6900000000
5056 811.8900000000
5066 817.3300000000
5207 822.5900000000
5208 826.8400000000
5251 827.1300000000
5279 840.2000000000
5288 843.9400000000
5298 848.8400000000
5327 852.1500000000
5358 865.5400000000
5596 874.7700000000
5671 879.2400000000
6232 887.5500000000
7415 896.2200000000
7625 903.5900000000
7714 904.3200000000
7999 910.4800000000
8835 925.8000000000
9177 937.3500000000
9267 942.9300000000
9302 952.2100000000
10000 245.6600000000
evaluations raw_y
1 0.0000000000
2 3.2100000000
3 27.8800000000
4 42.4300000000
8 58.6400000000
13 79.0800000000
20 79.5000000000
21 82.7900000000
31 90.4700000000
37 97.3100000000
63 102.3600000000
64 118.4400000000
72 142.7300000000
73 164.2600000000
79 167.0100000000
86 195.5900000000
103 217.4400000000
120 233.5100000000
147 237.4800000000
266 244.6600000000
304 246.6300000000
305 258.8200000000
320 265.5500000000
350 268.1600000000
402 275.3700000000
426 282.8100000000
432 295.9900000000
440 309.4100000000
455 324.0000000000
484 336.7500000000
528 347.1000000000
535 370.5100000000
547 379.3400000000
555 393.5500000000
556 395.7100000000
569 405.1700000000
572 421.6400000000
720 425.5200000000
749 435.8000000000
769 448.2100000000
888 455.7500000000
926 457.5300000000
936 484.3000000000
991 486.2300000000
995 489.0200000000
1037 491.1300000000
1124 492.9700000000
1162 506.8400000000
1181 513.8400000000
1205 524.0300000000
1309 531.2100000000
1313 548.0400000000
1397 552.6900000000
1495 556.0600000000
1539 559.3300000000
1579 567.0400000000
1733 577.1400000000
2312 582.3100000000
2554 626.2400000000
2600 628.8900000000
2628 663.0900000000
2775 663.2400000000
2824 666.8100000000
2857 672.4400000000
2861 676.3600000000
2874 703.1400000000
2925 706.1200000000
2931 718.5200000000
2943 726.6400000000
2954 728.7400000000
2971 730.9500000000
2989 736.9200000000
2991 748.2600000000
3443 755.2900000000
3546 758.1300000000
3553 763.4200000000
3585 766.8900000000
3792 767.8500000000
3815 785.2000000000
3972 789.7300000000
4000 794.9400000000
4006 797.9400000000
4034 805.6100000000
4346 818.3400000000
4394 825.5100000000
5146 837.3000000000
5279 904.7900000000
5606 906.7200000000
5758 912.1500000000
5812 912.4800000000
6126 913.8700000000
6166 921.4100000000
6271 930.6600000000
6306 935.4300000000
6404 948.1000000000
6407 954.4100000000
6453 959.7100000000
6481 979.5800000000
7049 983.1800000000
7182 993.4800000000
7841 994.1300000000
7975 996.0800000000
8157 998.3500000000
8308 1000.9400000000
8375 1006.7200000000
8417 1010.9000000000
8501 1019.0000000000
8613 1021.0300000000
9209 1023.4900000000
9398 1040.2800000000
9402 1041.9000000000
9422 1045.8900000000
9694 1050.7400000000
9738 1075.0300000000
10000 724.4700000000
evaluations raw_y
1 0.0000000000
2 8.4500000000
3 17.5000000000
4 41.1000000000
8 46.0700000000
11 113.7600000000
25 126.5200000000
26 135.2000000000
27 162.0300000000
33 168.6500000000
47 180.9000000000
54 180.9600000000
60 181.4100000000
61 188.9300000000
62 204.1700000000
87 212.4800000000
106 215.6600000000
164 225.3000000000
170 229.7500000000
174 243.8800000000
175 251.3800000000
178 258.2300000000
179 266.3700000000
182 289.9200000000
226 303.5400000000
245 320.5300000000
258 330.1300000000
285 331.5100000000
289 341.2900000000
291 349.5200000000
312 350.6100000000
313 353.2600000000
315 385.9800000000
327 396.0200000000
364 409.1600000000
392 417.1700000000
411 421.0700000000
442 432.2900000000
540 448.7500000000
745 448.9100000000
784 451.5000000000
787 452.9900000000
810 465.5400000000
868 467.7000000000
902 469.4000000000
1015 475.6200000000
1049 485.0000000000
1447 488.9500000000
1461 495.2700000000
1487 497.5900000000
1600 497.6000000000
1612 499.0400000000
1618 501.3800000000
1621 520.6500000000
1624 542.1100000000
1673 544.0000000000
1677 545.4500000000
1679 551.3700000000
1680 551.7900000000
1704 564.7700000000
1718 590.3400000000
1825 594.7500000000
2059 599.3200000000
2140 610.4700000000
2164 622.4600000000
2183 634.7200000000
2242 643.1400000000
2248 645.2500000000
2250 645.3200000000
2338 648.3600000000
2367 663.8200000000
2558 672.8600000000
2585 674.6700000000
2603 685.3400000000
2811 689.2500000000
2831 698.5200000000
3180 708.8800000000
3246 709.8500000000
3252 723.4000000000
3365 735.2900000000
3558 735.4600000000
3597 742.0100000000
3700 750.5600000000
4025 754.3100000000
4084 761.6500000000
4108 762.6500000000
4122 765.0200000000
4232 766.9300000000
4244 767.2200000000
4382 775.5600000000
4416 788.1400000000
4625 793.7500000000
5018 800.7000000000
5034 807.0400000000
5059 811.5900000000
5096 821.3200000000
5168 826.8100000000
5239 828.1900000000
5281 833.0900000000
5657 835.4600000000
5709 835.6300000000
5787 843.9300000000
5790 868.2900000000
6015 876.3500000000
6115 886.8900000000
6187 888.0400000000
6386 888.9800000000
6439 890.1200000000
6481 903.8500000000
6957 907.2300000000
7070 915.8200000000
7193 916.7900000000
7784 918.7500000000
7937 923.0800000000
8035 928.6900000000
8777 972.3400000000
8953 983.8300000000
8981 997.6500000000
9293 1026.8300000000
9423 1032.3900000000
9562 1047.5800000000
9837 1048.4500000000
9888 1051.9600000000
10000 276.2000000000
evaluations raw_y
1 0.0000000000
2 5.2700000000
3 18.1800000000
5 23.3200000000
6 59.9100000000
8 86.4600000000
11 92.4500000000
16 99.2600000000
44 103.5700000000
50 123.3100000000
53 167.8700000000
72 175.1500000000
76 183.2200000000
77 190.5600000000
86 194.2100000000
119 202.1000000000
126 215.8700000000
154 222.1000000000
159 222.1500000000
185 260.0900000000
195 282.2100000000
210 293.5400000000
213 321.5100000000
229 324.1300000000
240 344.5700000000
271 355.4300000000
300 366.6800000000
304 376.3700000000
475 389.6400000000
476 403.2900000000
608 410.0400000000
629 438.2000000000
701 473.4900000000
733 510.5500000000
830 521.1200000000
834 526.3300000000
2065 531.9000000000
2148 611.3200000000
2215 627.3800000000
2260 639.8400000000
2326 640.5900000000
2358 649.1700000000
2403 680.3900000000
2687 683.7900000000
2829 684.8900000000
2872 693.3900000000
2913 697.2000000000
2914 715.4700000000
2921 717.1100000000
2942 724.7500000000
3152 725.4000000000
3183 727.5700000000
3186 735.7600000000
3237 736.3800000000
3240 736.9400000000
3252 747.3300000000
3329 749.1100000000
3336 776.2300000000
3408 776.6900000000
3443 803.6100000000
4100 806.7800000000
4114 811.3600000000
4139 821.9100000000
4323 823.5200000000
4342 839.8600000000
4347 843.2300000000
5051 847.2700000000
6770 858.3700000000
6787 864.1300000000
6904 868.4400000000
6964 882.0800000000
7307 882.1800000000
7330 894.2700000000
7377 898.8300000000
7519 902.0300000000
7902 910.9400000000
8242 927.9400000000
10000 185.4700000000
evaluations raw_y
1 0.0000000000
2 25.5400000000
3 42.6700000000
6 56.2900000000
8 69.1700000000
10 73.0500000000
12 130.8900000000
86 131.2600000000
95 135.2700000000
98 138.1000000000
134 155.4900000000
163 157.4600000000
185 176.6100000000
238 183.6100000000
240 188.6800000000
268 190.6500000000
269 199.8700000000
304 215.0600000000
305 219.3100000000
310 230.2000000000
316 244.9100000000
322 247.7200000000
323 272.8100000000
337 275.2100000000
338 281.2800000000
356 288.2400000000
370 291.3600000000
383 305.1000000000
392 333.8000000000
404 363.7500000000
425 369.6700000000
444 384.1900000000
471 395.2000000000
485 396.6000000000
505 403.3600000000
513 411.7500000000
531 418.6600000000
539 431.6800000000
582 432.5600000000
612 433.0700000000
655 441.3800000000
669 450.1500000000
694 462.6900000000
755 467.0500000000
761 476.6100000000
796 488.9000000000
817 491.4000000000
825 507.7800000000
901 509.1600000000
949 522.0600000000
998 542.0500000000
1224 543.3600000000
1237 560.4100000000
1271 562.9700000000
1286 575.7300000000
1294 585.1500000000
1313 585.8200000000
1317 592.1800000000
1362 602.4900000000
1364 613.6000000000
1376 633.3000000000
1426 667.8100000000
1577 671.4000000000
1612 676.2600000000
1615 694.0500000000
1629 700.7300000000
1691 705.3900000000
1727 705.8300000000
1863 708.0100000000
1864 709.6600000000
1919 714.3200000000
2080 731.1300000000
2250 732.1300000000
2271 742.2900000000
2295 751.4100000000
2448 757.8900000000
2641 758.7500000000
2720 771.1600000000
3000 777.9000000000
3328 787.5800000000
4041 789.3400000000
4310 794.1500000000
4393 798.1300000000
4465 802.0300000000
4477 867.7400000000
4514 871.0200000000
4545 877.6800000000
4564 889.0000000000
4568 901.5800000000
4594 915.3200000000
6064 915.5700000000
6130 923.1700000000
6171 930.2900000000
6410 934.1800000000
6886 943.2100000000
7321 944.4200000000
7376 950.3400000000
7381 951.9200000000
7482 959.3700000000
7575 960.4500000000
7582 966.9700000000
7654 974.4600000000
7720 989.0400000000
7978 994.0000000000
9017 994.8900000000
9510 995.9500000000
9549 997.5200000000
9748 1001.9400000000
10000 368.0100000000
evaluations raw_y
1 0.0000000000
2 17.9500000000
3 18.4000000000
5 20.1800000000
6 26.2400000000
10 27.5400000000
11 63.3900000000
13 71.9600000000
30 85.9800000000
42 88.6400000000
45 99.5600000000
48 114.5400000000
66 121.6600000000
81 149.3900000000
84 152.4000000000
86 161.0500000000
109 169.2000000000
118 172.9700000000
142 185.5900000000
144 190.9700000000
170 318.1100000000
180 367.1000000000
201 378.5400000000
208 400.2600000000
218 405.6300000000
223 415.0000000000
251 432.2700000000
289 435.5000000000
297 448.3200000000
309 455.4000000000
329 462.3100000000
336 468.7900000000
364 480.9400000000
366 484.7500000000
367 488.7100000000
436 492.2700000000
520 497.6800000000
638 577.0300000000
652 609.9200000000
703 631.1400000000
913 640.9600000000
1093 644.5500000000
1347 648.7600000000
1396 699.6000000000
1445 726.8500000000
1513 730.1600000000
1523 737.3500000000
1581 737.7100000000
1613 786.9800000000
1851 788.6900000000
1895 790.0800000000
2129 793.9800000000
2131 797.0500000000
2149 817.3200000000
4869 819.3500000000
4873 821.7400000000
5252 831.3900000000
5501 831.6700000000
5754 833.6900000000
5839 834.1800000000
5894 840.7600000000
6322 865.3500000000
6993 895.2400000000
7084 910.9700000000
7887 912.5800000000
8439 915.4900000000
8870 916.4100000000
8916 926.8200000000
9071 932.5200000000
9314 935.3600000000
9352 942.2700000000
9359 946.7800000000
9374 950.9000000000
9380 955.9000000000
9601 966.6400000000
9645 967.0000000000
9664 975.8900000000
9858 982.7900000000
9877 1003.7900000000
9963 1007.1100000000
10000 711.0600000000
evaluations raw_y
1 0.0000000000
2 35.0700000000
4 37.7200000000
5 43.3100000000
6 46.6100000000
9 53.3700000000
11 56.3400000000
12 57.9300000000
16 58.6300000000
22 62.8700000000
26 65.5800000000
27 85.2500000000
39 97.0400000000
46 101.4000000000
51 119.8900000000
52 122.8200000000
53 151.9900000000
55 168.9600000000
78 195.6000000000
147 203.2700000000
156 209.0500000000
168 219.2400000000
195 224.2700000000
196 232.6400000000
216 359.7600000000
243 382.9500000000
254 410.3200000000
281 419.7100000000
291 430.8300000000
450 432.4900000000
509 440.2100000000
528 473.9900000000
868 483.0500000000
935 503.0700000000
3407 516.5200000000
3540 517.7300000000
3563 518.1600000000
3581 539.9900000000
3596 545.3700000000
3608 574.5100000000
3616 577.3800000000
3677 588.8100000000
3697 597.9900000000
3761 619.2900000000
3763 649.0600000000
3822 651.4100000000
3828 669.7900000000
4001 675.6300000000
4122 687.2400000000
4207 697.8000000000
4274 700.4100000000
4303 705.1800000000
4369 725.0600000000
4923 727.9900000000
4981 770.2700000000
5003 791.2600000000
5107 804.2100000000
5205 806.9100000000
5352 813.0500000000
5421 830.5000000000
5559 836.7400000000
5771 852.3100000000
6293 858.6200000000
7991 862.4700000000
8041 893.3100000000
8140 896.2300000000
8176 905.6600000000
8196 914.9100000000
8220 918.0900000000
8238 924.3600000000
8891 930.9000000000
10000 627.3400000000
evaluations raw_y
1 0.0000000000
2 23.6600000000
6 41.4200000000
7 57.9800000000
13 61.1600000000
14 63.2900000000
18 74.8600000000
20 79.8100000000
21 80.2600000000
26 94.2800000000
27 99.8000000000
62 115.8500000000
66 125.0600000000
79 130.2300000000
96 130.5800000000
101 149.4700000000
127 159.5700000000
137 184.2800000000
164 204.3000000000
180 222.3200000000
185 223.0900000000
190 223.8300000000
201 231.0400000000
236 236.2700000000
247 237.3700000000
259 248.9000000000
268 266.4800000000
293 278.2400000000
294 282.2700000000
311 286.3200000000
325 300.8000000000
333 314.1600000000
340 322.3100000000
372 334.4100000000
416 346.2800000000
426 350.4800000000
429 355.8200000000
438 357.0600000000
454 366.9700000000
465 378.6300000000
473 379.3000000000
499 382.5200000000
530 400.4900000000
611 418.6100000000
612 419.8800000000
630 431.8700000000
645 443.5700000000
703 446.2500000000
704 468.7300000000
740 483.0200000000
1001 489.4600000000
1079 489.8800000000
1154 498.3800000000
1157 518.4000000000
1173 541.0200000000
1285 548.6400000000
1301 571.7600000000
2456 575.0400000000
2619 583.5200000000
2838 585.1000000000
2856 591.0300000000
2862 602.8800000000
2891 605.9000000000
3105 616.9000000000
3144 621.6700000000
3220 622.4400000000
3221 623.8800000000
3232 642.9700000000
3301 647.0800000000
3353 657.2700000000
3455 658.2400000000
3457 663.1600000000
3482 668.1200000000
3724 673.3200000000
3887 675.1000000000
3967 682.2500000000
3998 703.9700000000
4203 704.8500000000
4743 712.1600000000
5334 720.0400000000
5383 728.1500000000
5391 736.3800000000
5610 743.7300000000
6076 744.3500000000
6080 766.3700000000
6208 772.1700000000
6924 778.3400000000
6984 783.8900000000
7077 789.1400000000
7242 791.1600000000
7381 802.4200000000
7638 806.8200000000
8610 810.5200000000
8947 814.6400000000
9316 820.8100000000
9469 822.2900000000
9498 831.3500000000
9580 832.6000000000
10000 729.1500000000
evaluations raw_y
1 0.0000000000
2 9.5200000000
3 25.3000000000
11 32.8900000000
13 48.0900000000
19 49.2100000000
20 91.1700000000
24 108.6000000000
45 110.7300000000
51 119.1600000000
52 154.1300000000
54 164.5900000000
92 180.3100000000
119 180.3700000000
124 208.8700000000
146 322.8300000000
203 326.6400000000
226 329.9000000000
229 332.8200000000
239 335.5700000000
263 337.8700000000
274 345.7600000000
305 347.6200000000
322 354.8100000000
344 370.0600000000
345 370.3700000000
361 372.5800000000
374 382.6600000000
381 386.5300000000
425 396.8700000000
429 402.7000000000
436 403.6200000000
443 411.4300000000
470 429.4300000000
488 438.3500000000
521 451.0200000000
541 451.5600000000
580 455.0100000000
612 459.8700000000
616 487.4400000000
683 489.8800000000
709 502.0400000000
745 506.9300000000
809 521.6400000000
984 525.3000000000
1060 547.9800000000
1079 550.0400000000
1082 556.0600000000
1164 574.1700000000
1199 609.5600000000
1247 618.9200000000
1452 628.0800000000
1565 634.5700000000
1570 650.5400000000
1786 661.4000000000
1825 665.8400000000
1880 671.3500000000
1890 682.5300000000
1923 687.3100000000
1983 688.0100000000
2060 721.8000000000
2648 723.5700000000
2678 725.6000000000
2746 729.4400000000
2845 742.5700000000
2892 746.6400000000
3054 762.6500000000
3647 779.1700000000
5445 783.8400000000
5719 788.8500000000
5912 789.2400000000
5918 812.3800000000
5958 818.2600000000
5988 821.8000000000
6312 831.0800000000
6436 838.5500000000
6479 849.9900000000
6704 854.0400000000
6771 862.3700000000
6961 866.5100000000
6993 869.1800000000
7063 872.5200000000
7085 878.6100000000
7117 891.3700000000
7255 897.5400000000
7283 906.0700000000
7301 918.0200000000
7320 922.0400000000
7381 932.9600000000
7382 947.8900000000
7492 953.0300000000
7782 953.1300000000
7859 957.7500000000
7897 959.4700000000
7910 962.3100000000
8110 964.4000000000
8117 978.1700000000
8163 986.6000000000
8614 987.2700000000
8873 993.0900000000
8946 1000.0000000000
8988 1002.1100000000
8999 1003.9200000000
9029 1009.5600000000
9050 1014.5800000000
9208 1016.5500000000
9270 1020.1600000000
9668 1026.2100000000
10000 987.1000000000
evaluations raw_y
1 0.0000000000
2 15.1700000000
5 18.7800000000
6 26.8500000000
7 28.4200000000
10 31.8600000000
12 32.6200000000
15 47.1900000000
18 55.7600000000
20 60.6800000000
22 63.6800000000
23 100.6200000000
24 110.8200000000
29 112.8800000000
31 148.8400000000
51 161.1000000000
57 179.6600000000
67 186.6200000000
77 219.0100000000
97 226.6500000000
106 244.7200000000
108 247.5100000000
117 269.7200000000
127 281.5900000000
138 305.5700000000
142 365.3000000000
167 377.1300000000
253 377.5900000000
254 405.4100000000
281 424.9200000000
343 428.9700000000
385 429.4700000000
440 431.3300000000
474 432.0300000000
485 450.3400000000
595 451.0400000000
662 461.6500000000
680 488.4800000000
878 490.0000000000
925 498.3300000000
958 505.0300000000
1015 508.1900000000
1151 514.0800000000
1315 514.6900000000
1443 528.1400000000
1485 538.6600000000
1507 578.3500000000
1712 581.5800000000
1768 586.7400000000
1787 597.9700000000
1829 599.2300000000
1862 611.8100000000
1913 614.8300000000
1924 636.2000000000
1962 656.4600000000
1966 662.2000000000
2082 663.6200000000
2164 683.4100000000
2208 689.8200000000
2374 691.8800000000
2383 703.9500000000
2397 720.3200000000
2985 721.5800000000
3049 778.8900000000
3088 795.9200000000
3357 797.1200000000
3375 803.5500000000
3420 807.7400000000
3428 809.0900000000
3432 813.1400000000
3461 818.6900000000
3508 832.0400000000
3872 838.6100000000
3879 838.9100000000
3936 839.6100000000
3957 844.0400000000
4072 873.7300000000
4478 874.6600000000
4705 878.2800000000
4716 890.5200000000
4926 899.4700000000
4990 908.0600000000
5232 924.3900000000
5252 930.0300000000
5473 932.2900000000
5624 937.8500000000
5702 947.4200000000
6191 960.1800000000
6246 968.1100000000
6435 973.6900000000
6501 974.9700000000
6653 989.1400000000
8348 990.8200000000
8834 991.1500000000
9096 1000.4100000000
9102 1007.9400000000
9136 1010.4000000000
9226 1011.7100000000
9263 1018.8500000000
9454 1019.2400000000
9633 1022.1300000000
9683 1026.7600000000
10000 868.3400000000
evaluations raw_y
1 0.0000000000
2 23.5600000000
3 31.0200000000
6 41.3900000000
7 43.4800000000
11 51.1200000000
14 51.5100000000
15 51.5400000000
18 59.1600000000
19 79.1200000000
23 89.5600000000
24 121.9100000000
36 131.7300000000
37 137.3700000000
40 150.1600000000
43 166.2700000000
46 167.8100000000
48 172.4700000000
49 207.8600000000
58 223.9500000000
82 226.8300000000
85 244.5500000000
108 247.5700000000
111 247.8700000000
133 259.8900000000
166 269.2200000000
209 287.0200000000
226 319.5800000000
272 324.6700000000
288 327.6100000000
306 346.5100000000
437 354.6400000000
624 354.8800000000
645 380.7800000000
694 394.7700000000
889 408.0700000000
953 427.9900000000
977 489.6800000000
1017 499.7200000000
1025 508.7900000000
1077 511.6000000000
1134 542.8300000000
1231 553.7000000000
1235 553.7200000000
1244 558.7900000000
1261 587.8100000000
1315 609.4200000000
1360 613.9900000000
1399 615.3800000000
1416 632.4500000000
1498 636.9800000000
1515 644.4600000000
1529 652.0000000000
1554 665.7400000000
1738 669.5200000000
1893 675.4000000000
2182 689.4000000000
2204 710.3600000000
2819 712.3100000000
2865 715.2200000000
2920 720.1900000000
2923 722.9400000000
3306 726.4000000000
3617 727.2200000000
3730 727.4200000000
3774 728.8500000000
3836 733.5400000000
3874 741.0400000000
3895 770.0800000000
4081 773.6300000000
4282 775.6600000000
4350 778.9000000000
4677 788.1500000000
5576 794.5700000000
5634 795.9600000000
5779 800.8800000000
5802 825.2300000000
7198 833.0100000000
7200 846.2000000000
7392 851.2000000000
7564 860.6000000000
8292 868.7800000000
8346 869.9100000000
8447 887.3100000000
8483 908.4400000000
8835 916.2200000000
9139 927.0400000000
9174 929.2300000000
9234 931.8500000000
9320 935.9400000000
9423 963.8800000000
9528 969.7600000000
9844 977.2600000000
9960 1001.7500000000
10000 447.6200000000
evaluations raw_y
1 0.0000000000
2 39.4200000000
3 47.6500000000
4 51.3600000000
5 56.4400000000
7 89.8300000000
8 98.9600000000
9 106.2900000000
12 139.4800000000
20 182.5800000000
26 184.6200000000
28 196.7800000000
30 200.6600000000
34 227.0100000000
71 246.9600000000
123 249.6300000000
159 261.3200000000
182 270.3200000000
187 289.9900000000
199 294.5200000000
210 296.7400000000
280 300.4300000000
295 306.2800000000
331 307.9100000000
350 336.1200000000
416 345.5300000000
446 368.8900000000
472 370.4500000000
529 391.1700000000
605 393.9400000000
720 401.5800000000
743 419.9800000000
780 432.0400000000
826 433.2500000000
877 444.9500000000
907 446.3100000000
918 466.5000000000
927 468.7700000000
1026 475.6600000000
1037 489.9200000000
1045 490.4500000000
1191 496.7700000000
1209 515.3100000000
1248 518.2900000000
1312 519.2900000000
1383 546.7000000000
1426 549.6000000000
1754 568.2500000000
2163 571.3700000000
2164 615.9200000000
3319 658.1100000000
3485 661.6100000000
3636 672.4300000000
3694 675.2600000000
3739 696.7900000000
4041 697.0600000000
4043 697.5100000000
4295 699.2200000000
4473 715.9500000000
4483 716.4100000000
4635 731.1400000000
4848 737.9800000000
4853 752.7800000000
4899 753.1000000000
5090 778.0200000000
6249 783.2200000000
6619 817.7200000000
6626 841.5800000000
6636 844.3800000000
6852 869.3700000000
7990 885.2000000000
8092 885.3700000000
8094 885.6900000000
8117 894.0500000000
8292 939.4100000000
8316 939.6000000000
8425 941.9600000000
8443 952.6800000000
8444 965.1800000000
8475 978.2900000000
9036 981.7800000000
9568 988.5000000000
9574 1001.1400000000
9813 1004.7200000000
9940 1014.3800000000
10000 9.5700000000
evaluations raw_y
1 0.0000000000
2 34.8700000000
3 46.0900000000
5 71.7600000000
12 77.4900000000
19 83.0900000000
37 90.0800000000
46 96.2200000000
60 105.8800000000
68 114.9000000000
70 138.2100000000
75 140.7900000000
76 167.5400000000
125 172.1000000000
141 213.1200000000
152 233.4500000000
182 233.8100000000
187 235.6700000000
194 247.5900000000
218 252.7700000000
232 259.2400000000
248 262.5400000000
249 295.6300000000
288 298.7000000000
300 303.7400000000
303 310.7800000000
314 316.1500000000
351 323.1400000000
567 358.3000000000
653 378.7500000000
675 381.0400000000
727 396.8800000000
771 408.7100000000
897 417.7000000000
905 426.4700000000
911 427.0100000000
933 430.3600000000
934 434.8500000000
966 442.4600000000
976 445.6000000000
980 458.0900000000
986 469.8200000000
999 476.0100000000
1047 477.8900000000
1062 485.5400000000
1107 491.2300000000
1108 508.8400000000
1332 514.5100000000
1335 519.4400000000
1336 530.7700000000
1497 532.6100000000
1526 550.1200000000
1869 553.2200000000
1911 556.3000000000
1921 563.0300000000
1922 586.5700000000
1943 588.8900000000
2006 589.2300000000
2149 619.3200000000
2256 623.0800000000
2260 634.5800000000
2272 647.3800000000
2309 648.7000000000
2662 652.5900000000
2706 661.8800000000
3003 667.3300000000
3004 669.1800000000
3374 669.4600000000
3422 682.8400000000
3614 686.4800000000
3661 691.8200000000
3740 714.2800000000
3822 726.8300000000
3850 741.5400000000
3852 772.5700000000
3866 776.9500000000
3887 788.2700000000
3944 792.6600000000
4012 807.8100000000
4069 815.8500000000
4085 819.7400000000
4168 827.4200000000
4269 831.0400000000
4494 838.2900000000
4572 843.8800000000
4638 844.0900000000
4660 854.5700000000
4757 859.9200000000
4780 889.4500000000
6109 899.7500000000
7456 906.2000000000
9808 906.8500000000
10000 542.9600000000
evaluations raw_y
1 0.0000000000
2 8.7900000000
3 17.1100000000
5 17.2900000000
6 20.0400000000
7 31.6200000000
8 32.2000000000
11 53.2100000000
14 70.2600000000
24 78.8600000000
30 100.9600000000
34 114.5500000000
37 220.6000000000
52 220.8400000000
53 230.1500000000
55 233.1800000000
56 234.0300000000
67 240.0300000000
73 249.0100000000
74 256.0900000000
75 271.0400000000
78 291.3300000000
81 307.8900000000
104 310.8000000000
111 312.8000000000
124 319.4900000000
130 330.8200000000
138 336.8100000000
139 355.2600000000
166 361.7700000000
187 381.5500000000
198 385.0300000000
222 399.9900000000
237 404.8000000000
247 406.9600000000
261 418.4900000000
268 423.5700000000
270 426.6900000000
282 435.6800000000
298 442.0000000000
304 449.8700000000
349 459.5700000000
367 468.1500000000
385 479.7600000000
412 483.9900000000
425 550.7700000000
572 555.3400000000
602 556.7100000000
651 579.4700000000
699 581.9200000000
785 589.1400000000
1094 601.7900000000
1096 603.2100000000
1099 613.4100000000
1154 633.7800000000
1210 644.8800000000
1237 659.5300000000
1240 662.7400000000
1293 673.1700000000
1341 680.4300000000
1365 680.4800000000
1435 694.8900000000
1451 694.9700000000
1471 704.1000000000
1499 709.5000000000
1512 719.6900000000
1527 727.8800000000
1645 728.9500000000
1646 748.6600000000
2398 749.7600000000
2434 752.8000000000
2487 761.7200000000
2891 766.9100000000
3314 775.6200000000
3327 786.5200000000
3366 801.9000000000
3378 817.9800000000
3396 827.9900000000
3427 840.1600000000
3552 842.2700000000
3832 854.7100000000
3912 861.2200000000
4341 867.3100000000
5776 874.8900000000
6181 879.4700000000
6185 902.1700000000
6209 910.6500000000
6241 915.1900000000
6314 939.1500000000
6408 940.9500000000
6439 946.3600000000
6521 947.4100000000
6540 955.3700000000
6629 957.7000000000
6644 958.9500000000
6724 959.6600000000
6835 964.6200000000
7079 972.0100000000
7224 973.5400000000
7385 991.6400000000
7540 996.4400000000
8086 999.5400000000
8150 999.7600000000
8495 1001.3500000000
8722 1003.8200000000
8979 1009.2700000000
9367 1014.4700000000
9833 1014.8800000000
9843 1018.6000000000
10000 976.8700000000
evaluations raw_y
1 0.0000000000
2 12.9200000000
3 23.4200000000
10 39.5800000000
11 60.3400000000
14 189.6400000000
15 211.8200000000
21 219.3300000000
44 233.7400000000
81 248.4200000000
92 250.4300000000
95 268.1600000000
127 270.0200000000
155 383.5000000000
170 414.6000000000
218 422.1500000000
226 424.3600000000
307 429.6400000000
312 448.0300000000
361 452.1200000000
363 463.1600000000
365 463.7900000000
367 470.2600000000
484 474.9500000000
489 481.5000000000
509 489.0100000000
571 499.8700000000
624 500.4500000000
630 513.9300000000
667 518.5100000000
670 527.2900000000
699 556.9400000000
752 558.7500000000
825 559.9200000000
827 567.7500000000
829 574.8700000000
870 584.5800000000
888 593.3500000000
898 614.1500000000
1073 632.4100000000
1140 636.9700000000
1160 640.0900000000
1187 647.7900000000
1273 648.7500000000
1385 651.6300000000
1400 662.7500000000
1674 672.9400000000
1696 687.5700000000
1887 687.8600000000
1895 706.9500000000
2020 711.9600000000
2045 736.3300000000
2130 749.7700000000
2472 751.4500000000
2473 767.1200000000
2521 769.1100000000
2730 771.7200000000
2736 776.8400000000
2782 784.8800000000
2785 794.1100000000
3034 797.2200000000
3171 797.3000000000
3207 801.2200000000
3275 806.9600000000
3411 815.9300000000
3429 819.5800000000
3439 824.8100000000
3451 833.7200000000
3640 839.8700000000
3702 847.0300000000
3736 851.1400000000
3748 852.6900000000
3794 862.5300000000
3965 865.3400000000
3980 871.9200000000
4058 877.4600000000
4063 886.5800000000
4095 890.7700000000
4232 900.9200000000
4836 995.6000000000
4873 1011.4200000000
5087 1015.6900000000
5162 1016.9600000000
5426 1029.3300000000
5627 1029.4000000000
5687 1030.7900000000
5711 1032.0900000000
5754 1037.8600000000
5765 1041.5700000000
5830 1043.6200000000
5833 1048.1100000000
5919 1048.9000000000
5933 1057.9200000000
6042 1072.0200000000
7407 1074.7800000000
7731 1078.6900000000
8202 1082.7800000000
8208 1084.5700000000
8505 1091.2600000000
8547 1094.2300000000
8608 1095.6400000000
8630 1100.7400000000
8759 1114.8700000000
9202 1115.9200000000
9339 1118.7700000000
9421 1122.9200000000
9449 1128.1700000000
10000 680.2500000000
evaluations raw_y
1 0.0000000000
2 11.2300000000
3 21.1200000000
4 51.7000000000
5 62.8300000000
9 75.1100000000
10 98.3400000000
14 119.6000000000
15 132.4600000000
19 142.9300000000
27 143.3100000000
37 163.3400000000
40 169.1000000000
45 172.9800000000
63 186.8000000000
70 188.7100000000
77 201.0700000000
82 210.9100000000
104 240.4500000000
119 249.4900000000
127 266.2900000000
128 280.5500000000
130 282.2700000000
132 284.1800000000
136 286.4200000000
148 290.1200000000
154 306.2200000000
159 337.2800000000
189 341.5500000000
198 350.4000000000
212 353.2100000000
237 366.9900000000
251 390.7300000000
277 393.1300000000
293 414.3100000000
295 420.9700000000
310 430.1700000000
333 435.8800000000
362 460.1800000000
400 463.8800000000
460 468.0600000000
463 475.9700000000
499 513.9200000000
841 523.6400000000
866 530.4900000000
896 534.3100000000
930 548.2500000000
1036 566.1100000000
1049 566.6000000000
1061 585.5800000000
1203 592.8300000000
1239 623.6900000000
1643 649.6800000000
1791 662.1200000000
1878 677.4800000000
1992 731.9400000000
2008 736.9300000000
2012 752.7600000000
2054 764.8100000000
2101 766.6500000000
2256 774.2100000000
3281 778.8600000000
3286 789.3600000000
3990 802.6800000000
4036 804.1600000000
4038 825.1000000000
4081 827.9600000000
4083 836.5900000000
4093 851.0600000000
4182 856.3900000000
4186 862.6100000000
4253 874.0500000000
4348 878.3900000000
4393 886.5700000000
4488 895.1300000000
5191 902.9700000000
5231 912.6200000000
5650 914.2000000000
5862 919.3800000000
6003 923.6700000000
6272 924.4800000000
6437 943.8400000000
7084 1035.1400000000
7115 1038.1300000000
7361 1038.4700000000
7438 1043.5800000000
7550 1055.0000000000
7699 1071.7600000000
7806 1074.0700000000
7874 1076.0300000000
7904 1100.8100000000
8389 1101.2700000000
8588 1101.2800000000
8604 1103.8400000000
8702 1111.5300000000
8830 1120.6700000000
8937 1133.0300000000
9014 1135.2500000000
9076 1135.5100000000
9229 1143.8600000000
9894 1144.2700000000
10000 538.7900000000
evaluations raw_y
1 0.0000000000
2 6.1400000000
3 9.9600000000
4 28.4600000000
5 34.4700000000
6 36.5500000000
13 54.6700000000
15 60.3100000000
18 81.0800000000
19 85.5600000000
21 98.6700000000
26 114.1500000000
28 118.0500000000
32 123.0000000000
35 135.9500000000
38 147.7700000000
60 149.5700000000
75 165.1100000000
83 176.2900000000
97 188.7000000000
120 211.4900000000
146 233.3600000000
214 252.4100000000
222 266.8000000000
234 267.1300000000
240 277.6100000000
274 290.3700000000
276 297.6700000000
285 299.5700000000
296 316.2500000000
317 324.4900000000
330 330.0600000000
333 332.2700000000
343 339.4200000000
372 354.7100000000
376 359.2800000000
378 448.2800000000
394 461.6500000000
440 461.6800000000
444 464.1100000000
450 470.5900000000
451 479.5500000000
462 484.1800000000
484 487.2800000000
505 496.7900000000
514 512.6600000000
530 527.1100000000
563 535.0300000000
564 537.6300000000
597 541.0000000000
651 550.0700000000
726 563.2700000000
889 578.6300000000
957 599.6400000000
966 603.4900000000
970 604.5900000000
1000 604.6700000000
1017 608.8600000000
1024 614.7800000000
1123 617.8400000000
1132 623.6800000000
1179 637.9200000000
1227 641.1900000000
1236 648.4900000000
1497 650.9200000000
1503 651.5200000000
1530 659.1900000000
1582 666.0600000000
1596 685.9100000000
1862 692.5800000000
1986 694.5700000000
1989 701.0400000000
1993 712.8300000000
2006 722.3400000000
2131 728.0500000000
2735 739.4400000000
3102 740.1400000000
3141 755.0600000000
3453 757.0900000000
3555 759.0100000000
3564 774.2300000000
3759 777.8100000000
3797 781.8500000000
3801 797.3200000000
4366 812.6400000000
4398 815.2600000000
4404 820.5000000000
4414 824.0100000000
4450 828.4700000000
4486 833.3300000000
4496 852.1400000000
4514 861.2700000000
4626 870.7000000000
4870 881.3400000000
4961 894.2500000000
5215 897.3100000000
5805 899.1500000000
6081 918.9200000000
6271 927.1200000000
6379 929.3100000000
6380 942.5900000000
6492 948.9000000000
6518 957.3400000000
7008 966.7600000000
7038 967.4400000000
7287 969.2200000000
7301 980.2100000000
7333 981.8600000000
7561 999.1600000000
7643 1000.7400000000
7951 1005.3600000000
8003 1009.4800000000
8061 1013.2000000000
8087 1020.3200000000
8341 1021.0100000000
8601 1026.8300000000
8819 1038.1300000000
9197 1047.5700000000
9436 1048.0500000000
9804 1049.7300000000
10000 651.9800000000
