evaluations raw_y
1 0.0000000000
2 158.0000000000
3 260.0000000000
7 424.0000000000
8 501.0000000000
12 531.0000000000
13 564.0000000000
15 567.0000000000
19 609.0000000000
50 629.0000000000
63 631.0000000000
78 642.0000000000
79 645.0000000000
84 656.0000000000
114 657.0000000000
119 677.0000000000
297 682.0000000000
506 689.0000000000
828 693.0000000000
1147 699.0000000000
1999 702.0000000000
3993 705.0000000000
7984 709.0000000000
10283 710.0000000000
13066 711.0000000000
13124 713.0000000000
19479 714.0000000000
25362 715.0000000000
39259 718.0000000000
100000 371.0000000000
evaluations raw_y
1 0.0000000000
2 135.0000000000
4 311.0000000000
7 381.0000000000
9 405.0000000000
14 487.0000000000
15 514.0000000000
20 552.0000000000
21 619.0000000000
51 628.0000000000
56 634.0000000000
85 639.0000000000
86 651.0000000000
105 656.0000000000
130 667.0000000000
251 671.0000000000
259 672.0000000000
276 674.0000000000
297 677.0000000000
699 678.0000000000
718 687.0000000000
836 689.0000000000
1234 694.0000000000
2074 697.0000000000
2314 699.0000000000
2877 702.0000000000
3767 703.0000000000
3995 704.0000000000
4307 710.0000000000
4618 711.0000000000
5498 712.0000000000
5964 715.0000000000
43161 716.0000000000
57558 717.0000000000
66834 720.0000000000
74618 721.0000000000
100000 393.0000000000
evaluations raw_y
1 0.0000000000
2 110.0000000000
3 241.0000000000
6 401.0000000000
9 467.0000000000
12 533.0000000000
16 569.0000000000
17 588.0000000000
20 618.0000000000
34 627.0000000000
100 643.0000000000
130 644.0000000000
141 653.0000000000
167 655.0000000000
194 663.0000000000
217 665.0000000000
344 666.0000000000
518 679.0000000000
908 681.0000000000
949 683.0000000000
1190 686.0000000000
1359 691.0000000000
1889 692.0000000000
1915 698.0000000000
2843 700.0000000000
3553 706.0000000000
6795 707.0000000000
7811 708.0000000000
8353 710.0000000000
10685 713.0000000000
12307 714.0000000000
17092 715.0000000000
18282 716.0000000000
23418 717.0000000000
25179 718.0000000000
35236 719.0000000000
59514 722.0000000000
100000 265.0000000000
evaluations raw_y
1 0.0000000000
2 145.0000000000
5 224.0000000000
7 231.0000000000
10 285.0000000000
12 417.0000000000
13 455.0000000000
14 496.0000000000
15 527.0000000000
16 538.0000000000
17 557.0000000000
21 564.0000000000
25 579.0000000000
30 597.0000000000
53 619.0000000000
65 658.0000000000
145 668.0000000000
266 669.0000000000
299 670.0000000000
369 681.0000000000
434 685.0000000000
867 688.0000000000
1155 693.0000000000
1614 694.0000000000
2115 695.0000000000
2252 696.0000000000
2429 698.0000000000
2555 699.0000000000
2671 704.0000000000
4057 705.0000000000
4452 707.0000000000
6557 709.0000000000
10227 711.0000000000
10255 713.0000000000
12547 714.0000000000
14782 720.0000000000
100000 112.0000000000
evaluations raw_y
1 0.0000000000
2 99.0000000000
3 189.0000000000
4 309.0000000000
5 408.0000000000
10 516.0000000000
13 554.0000000000
19 581.0000000000
42 606.0000000000
66 626.0000000000
82 627.0000000000
110 628.0000000000
126 634.0000000000
167 641.0000000000
235 646.0000000000
271 657.0000000000
283 659.0000000000
319 661.0000000000
462 669.0000000000
648 678.0000000000
731 680.0000000000
749 685.0000000000
1013 687.0000000000
1121 689.0000000000
1906 690.0000000000
1910 691.0000000000
1912 693.0000000000
2694 694.0000000000
3655 698.0000000000
3734 700.0000000000
3934 702.0000000000
4668 705.0000000000
5998 708.0000000000
6053 709.0000000000
8149 712.0000000000
11597 713.0000000000
20161 715.0000000000
27696 716.0000000000
32347 717.0000000000
35553 718.0000000000
42116 720.0000000000
51761 721.0000000000
63307 723.0000000000
100000 246.0000000000
evaluations raw_y
1 0.0000000000
2 181.0000000000
3 248.0000000000
4 316.0000000000
6 461.0000000000
11 489.0000000000
17 527.0000000000
25 530.0000000000
30 593.0000000000
42 598.0000000000
45 619.0000000000
65 627.0000000000
69 641.0000000000
94 646.0000000000
203 656.0000000000
204 661.0000000000
258 665.0000000000
281 675.0000000000
287 683.0000000000
416 693.0000000000
469 702.0000000000
983 703.0000000000
2452 705.0000000000
2938 706.0000000000
5669 707.0000000000
6709 711.0000000000
7864 713.0000000000
9225 715.0000000000
12001 716.0000000000
31066 717.0000000000
100000 374.0000000000
evaluations raw_y
1 0.0000000000
2 126.0000000000
3 223.0000000000
5 282.0000000000
6 410.0000000000
7 515.0000000000
9 555.0000000000
11 612.0000000000
35 627.0000000000
91 645.0000000000
99 646.0000000000
105 653.0000000000
116 679.0000000000
322 685.0000000000
343 686.0000000000
376 688.0000000000
503 690.0000000000
524 691.0000000000
763 694.0000000000
818 698.0000000000
1213 700.0000000000
2162 702.0000000000
2459 704.0000000000
2576 707.0000000000
9204 709.0000000000
10228 711.0000000000
11146 712.0000000000
13543 715.0000000000
17853 717.0000000000
21796 719.0000000000
35160 722.0000000000
65255 723.0000000000
100000 0.0000000000
evaluations raw_y
1 0.0000000000
2 438.0000000000
3 501.0000000000
8 543.0000000000
13 564.0000000000
14 592.0000000000
21 613.0000000000
27 621.0000000000
37 624.0000000000
71 627.0000000000
74 642.0000000000
85 644.0000000000
114 646.0000000000
230 654.0000000000
341 660.0000000000
371 676.0000000000
388 679.0000000000
413 681.0000000000
458 683.0000000000
466 685.0000000000
487 689.0000000000
574 693.0000000000
681 694.0000000000
949 698.0000000000
1294 705.0000000000
1305 716.0000000000
20353 717.0000000000
22240 718.0000000000
23654 721.0000000000
30332 723.0000000000
100000 386.0000000000
evaluations raw_y
1 0.0000000000
2 100.0000000000
3 228.0000000000
5 229.0000000000
6 247.0000000000
7 317.0000000000
9 376.0000000000
11 417.0000000000
17 451.0000000000
20 492.0000000000
29 520.0000000000
30 567.0000000000
31 582.0000000000
34 596.0000000000
36 598.0000000000
40 599.0000000000
48 601.0000000000
64 624.0000000000
67 628.0000000000
123 637.0000000000
126 659.0000000000
233 672.0000000000
368 675.0000000000
377 681.0000000000
581 686.0000000000
611 695.0000000000
747 696.0000000000
806 700.0000000000
1081 704.0000000000
2063 705.0000000000
3496 706.0000000000
5964 707.0000000000
6279 710.0000000000
7692 711.0000000000
9923 713.0000000000
10064 714.0000000000
22619 715.0000000000
25759 716.0000000000
47819 718.0000000000
53460 719.0000000000
77856 720.0000000000
100000 596.0000000000
evaluations raw_y
1 0.0000000000
2 137.0000000000
3 196.0000000000
4 239.0000000000
9 291.0000000000
12 304.0000000000
14 323.0000000000
20 346.0000000000
22 390.0000000000
24 566.0000000000
27 590.0000000000
35 604.0000000000
60 634.0000000000
85 648.0000000000
90 652.0000000000
155 654.0000000000
158 660.0000000000
224 666.0000000000
289 667.0000000000
341 668.0000000000
346 675.0000000000
633 676.0000000000
987 685.0000000000
1204 686.0000000000
1206 687.0000000000
1208 692.0000000000
1309 694.0000000000
1516 699.0000000000
2633 700.0000000000
6231 704.0000000000
8244 707.0000000000
11099 708.0000000000
12094 710.0000000000
12098 713.0000000000
13424 716.0000000000
14975 717.0000000000
20678 719.0000000000
24419 721.0000000000
100000 462.0000000000
evaluations raw_y
1 0.0000000000
2 111.0000000000
3 288.0000000000
5 326.0000000000
7 374.0000000000
8 419.0000000000
12 454.0000000000
15 504.0000000000
17 540.0000000000
23 556.0000000000
30 573.0000000000
36 589.0000000000
54 612.0000000000
63 629.0000000000
69 631.0000000000
76 635.0000000000
113 651.0000000000
240 652.0000000000
249 658.0000000000
299 668.0000000000
316 670.0000000000
323 676.0000000000
481 677.0000000000
552 679.0000000000
657 684.0000000000
881 689.0000000000
1005 693.0000000000
1662 698.0000000000
2573 699.0000000000
4321 701.0000000000
4397 703.0000000000
6225 705.0000000000
6539 706.0000000000
7114 707.0000000000
8446 711.0000000000
11444 712.0000000000
12881 713.0000000000
13117 714.0000000000
16138 716.0000000000
18999 717.0000000000
24881 718.0000000000
31293 722.0000000000
100000 664.0000000000
evaluations raw_y
1 0.0000000000
2 136.0000000000
3 200.0000000000
4 275.0000000000
7 376.0000000000
9 513.0000000000
16 526.0000000000
20 559.0000000000
36 569.0000000000
38 587.0000000000
46 602.0000000000
58 610.0000000000
64 640.0000000000
120 644.0000000000
141 647.0000000000
198 654.0000000000
353 659.0000000000
363 663.0000000000
364 669.0000000000
411 673.0000000000
422 676.0000000000
435 678.0000000000
472 683.0000000000
511 684.0000000000
546 685.0000000000
560 693.0000000000
906 697.0000000000
1066 700.0000000000
2248 701.0000000000
2468 702.0000000000
2735 705.0000000000
2976 708.0000000000
4247 713.0000000000
5944 714.0000000000
5955 716.0000000000
6995 717.0000000000
7183 719.0000000000
10033 720.0000000000
11381 724.0000000000
14136 725.0000000000
14400 726.0000000000
100000 -1.0000000000
evaluations raw_y
1 0.0000000000
2 66.0000000000
3 198.0000000000
4 359.0000000000
7 528.0000000000
10 570.0000000000
14 593.0000000000
26 614.0000000000
63 623.0000000000
81 632.0000000000
102 645.0000000000
108 648.0000000000
112 660.0000000000
122 661.0000000000
131 662.0000000000
132 672.0000000000
525 681.0000000000
1027 685.0000000000
1065 697.0000000000
1171 702.0000000000
1303 703.0000000000
1834 705.0000000000
2000 707.0000000000
2281 709.0000000000
2652 710.0000000000
4027 712.0000000000
5523 713.0000000000
7193 714.0000000000
10105 717.0000000000
10559 718.0000000000
27784 719.0000000000
39914 720.0000000000
64422 721.0000000000
100000 399.0000000000
evaluations raw_y
1 0.0000000000
2 111.0000000000
3 260.0000000000
6 404.0000000000
9 428.0000000000
14 478.0000000000
16 481.0000000000
17 513.0000000000
22 515.0000000000
28 540.0000000000
31 561.0000000000
32 592.0000000000
38 609.0000000000
47 627.0000000000
50 633.0000000000
124 641.0000000000
128 650.0000000000
129 660.0000000000
217 662.0000000000
236 671.0000000000
550 674.0000000000
657 679.0000000000
893 680.0000000000
924 686.0000000000
1094 687.0000000000
1164 690.0000000000
1180 692.0000000000
1304 693.0000000000
1627 694.0000000000
2791 697.0000000000
3654 702.0000000000
6094 703.0000000000
6660 709.0000000000
9990 711.0000000000
16681 712.0000000000
17455 713.0000000000
22564 717.0000000000
28143 722.0000000000
51832 723.0000000000
80487 726.0000000000
100000 128.0000000000
evaluations raw_y
1 0.0000000000
2 78.0000000000
3 79.0000000000
4 192.0000000000
6 216.0000000000
8 327.0000000000
9 372.0000000000
10 413.0000000000
15 456.0000000000
20 511.0000000000
23 599.0000000000
56 603.0000000000
95 619.0000000000
101 650.0000000000
165 651.0000000000
175 652.0000000000
192 660.0000000000
254 663.0000000000
308 666.0000000000
393 671.0000000000
406 676.0000000000
550 681.0000000000
697 688.0000000000
1352 690.0000000000
1353 698.0000000000
1559 699.0000000000
1568 700.0000000000
1917 701.0000000000
2037 706.0000000000
2601 707.0000000000
4224 711.0000000000
4404 714.0000000000
7439 718.0000000000
14685 719.0000000000
15741 720.0000000000
18303 721.0000000000
19268 722.0000000000
21209 724.0000000000
66772 725.0000000000
100000 396.0000000000
evaluations raw_y
1 0.0000000000
2 193.0000000000
3 286.0000000000
4 378.0000000000
5 414.0000000000
8 527.0000000000
10 563.0000000000
19 607.0000000000
76 618.0000000000
112 637.0000000000
206 641.0000000000
234 645.0000000000
248 656.0000000000
362 661.0000000000
547 683.0000000000
760 685.0000000000
804 691.0000000000
1025 692.0000000000
1272 694.0000000000
1953 697.0000000000
2378 698.0000000000
2571 704.0000000000
4126 705.0000000000
4284 706.0000000000
4887 714.0000000000
13430 716.0000000000
14175 717.0000000000
20027 718.0000000000
23376 719.0000000000
100000 225.0000000000
evaluations raw_y
1 0.0000000000
2 90.0000000000
3 220.0000000000
5 285.0000000000
6 293.0000000000
10 329.0000000000
11 380.0000000000
12 421.0000000000
13 430.0000000000
14 479.0000000000
16 520.0000000000
22 589.0000000000
30 615.0000000000
69 641.0000000000
110 645.0000000000
141 652.0000000000
165 653.0000000000
184 655.0000000000
303 658.0000000000
340 660.0000000000
348 666.0000000000
403 667.0000000000
527 674.0000000000
642 675.0000000000
757 679.0000000000
1085 686.0000000000
1313 687.0000000000
1660 691.0000000000
2953 696.0000000000
3150 697.0000000000
3254 698.0000000000
3352 701.0000000000
4157 705.0000000000
4361 709.0000000000
8689 711.0000000000
8930 714.0000000000
15594 718.0000000000
17073 720.0000000000
31646 721.0000000000
100000 658.0000000000
evaluations raw_y
1 0.0000000000
2 97.0000000000
3 126.0000000000
4 224.0000000000
7 297.0000000000
9 299.0000000000
10 318.0000000000
17 381.0000000000
21 440.0000000000
30 441.0000000000
31 495.0000000000
36 496.0000000000
38 528.0000000000
45 605.0000000000
51 609.0000000000
70 610.0000000000
78 619.0000000000
81 633.0000000000
96 645.0000000000
195 652.0000000000
292 659.0000000000
300 663.0000000000
325 664.0000000000
392 665.0000000000
414 673.0000000000
718 674.0000000000
839 679.0000000000
917 680.0000000000
1271 685.0000000000
1332 691.0000000000
2136 695.0000000000
2778 697.0000000000
2844 698.0000000000
2965 699.0000000000
3761 700.0000000000
4042 704.0000000000
4921 705.0000000000
5408 710.0000000000
7856 711.0000000000
8464 712.0000000000
10644 713.0000000000
14791 715.0000000000
32554 716.0000000000
36888 717.0000000000
51760 718.0000000000
100000 -1.0000000000
evaluations raw_y
1 0.0000000000
2 92.0000000000
3 175.0000000000
4 260.0000000000
6 272.0000000000
8 386.0000000000
13 401.0000000000
15 466.0000000000
21 514.0000000000
24 520.0000000000
26 548.0000000000
27 584.0000000000
46 595.0000000000
55 605.0000000000
63 618.0000000000
112 623.0000000000
166 640.0000000000
174 648.0000000000
262 664.0000000000
312 671.0000000000
313 673.0000000000
570 676.0000000000
613 677.0000000000
691 678.0000000000
725 688.0000000000
798 690.0000000000
1271 692.0000000000
2580 699.0000000000
2602 700.0000000000
4025 703.0000000000
4435 704.0000000000
4561 705.0000000000
5187 706.0000000000
5674 707.0000000000
5719 710.0000000000
8236 715.0000000000
22382 716.0000000000
27221 717.0000000000
31275 718.0000000000
78052 719.0000000000
94331 721.0000000000
100000 118.0000000000
evaluations raw_y
1 0.0000000000
2 207.0000000000
3 266.0000000000
4 374.0000000000
5 412.0000000000
6 499.0000000000
17 514.0000000000
19 552.0000000000
20 589.0000000000
29 606.0000000000
34 619.0000000000
56 622.0000000000
84 624.0000000000
101 653.0000000000
180 656.0000000000
195 661.0000000000
205 664.0000000000
279 667.0000000000
349 670.0000000000
393 684.0000000000
625 686.0000000000
1032 692.0000000000
1656 694.0000000000
2490 697.0000000000
2508 699.0000000000
2743 705.0000000000
3830 706.0000000000
4350 708.0000000000
5975 710.0000000000
7789 713.0000000000
8650 714.0000000000
11193 715.0000000000
13385 718.0000000000
13454 720.0000000000
17304 721.0000000000
29989 724.0000000000
100000 395.0000000000
evaluations raw_y
1 0.0000000000
2 98.0000000000
3 261.0000000000
11 321.0000000000
13 334.0000000000
16 382.0000000000
17 466.0000000000
18 533.0000000000
19 561.0000000000
22 579.0000000000
25 601.0000000000
35 609.0000000000
122 620.0000000000
126 627.0000000000
128 647.0000000000
197 653.0000000000
222 655.0000000000
242 656.0000000000
347 668.0000000000
412 672.0000000000
779 677.0000000000
801 678.0000000000
857 679.0000000000
1186 682.0000000000
1220 690.0000000000
2699 691.0000000000
2721 692.0000000000
2784 693.0000000000
2833 694.0000000000
2838 696.0000000000
2981 697.0000000000
3073 701.0000000000
3249 705.0000000000
10460 707.0000000000
10573 708.0000000000
15171 711.0000000000
16275 713.0000000000
21119 714.0000000000
24304 716.0000000000
100000 588.0000000000
evaluations raw_y
1 0.0000000000
2 108.0000000000
3 184.0000000000
7 245.0000000000
8 365.0000000000
10 454.0000000000
12 501.0000000000
15 539.0000000000
16 580.0000000000
27 585.0000000000
56 597.0000000000
69 637.0000000000
71 647.0000000000
96 658.0000000000
230 665.0000000000
490 666.0000000000
501 673.0000000000
534 679.0000000000
595 684.0000000000
683 686.0000000000
719 695.0000000000
2230 698.0000000000
2562 699.0000000000
2639 701.0000000000
2796 704.0000000000
3307 706.0000000000
4574 712.0000000000
6934 714.0000000000
9210 715.0000000000
9465 716.0000000000
11664 717.0000000000
12094 718.0000000000
12557 719.0000000000
13954 720.0000000000
23363 721.0000000000
91057 724.0000000000
100000 591.0000000000
evaluations raw_y
1 0.0000000000
2 105.0000000000
3 302.0000000000
4 365.0000000000
6 421.0000000000
8 470.0000000000
10 502.0000000000
18 531.0000000000
23 549.0000000000
27 568.0000000000
28 576.0000000000
31 579.0000000000
43 596.0000000000
54 612.0000000000
55 623.0000000000
74 627.0000000000
101 629.0000000000
115 635.0000000000
117 656.0000000000
337 658.0000000000
348 660.0000000000
353 661.0000000000
372 662.0000000000
388 664.0000000000
448 670.0000000000
545 671.0000000000
664 676.0000000000
689 685.0000000000
868 686.0000000000
1206 694.0000000000
1544 697.0000000000
2612 698.0000000000
3429 699.0000000000
3456 700.0000000000
3758 701.0000000000
3958 703.0000000000
4132 708.0000000000
4809 710.0000000000
5204 713.0000000000
5271 717.0000000000
7531 719.0000000000
7903 721.0000000000
25714 722.0000000000
33148 724.0000000000
100000 394.0000000000
evaluations raw_y
1 0.0000000000
2 189.0000000000
4 208.0000000000
5 291.0000000000
6 393.0000000000
8 430.0000000000
11 505.0000000000
17 578.0000000000
22 580.0000000000
27 581.0000000000
40 604.0000000000
46 606.0000000000
50 611.0000000000
68 621.0000000000
71 635.0000000000
79 654.0000000000
214 655.0000000000
259 659.0000000000
286 663.0000000000
411 679.0000000000
430 683.0000000000
688 686.0000000000
740 693.0000000000
1458 696.0000000000
1532 699.0000000000
2067 700.0000000000
2122 704.0000000000
3622 705.0000000000
4376 708.0000000000
4438 711.0000000000
7157 713.0000000000
16305 717.0000000000
23988 719.0000000000
25227 723.0000000000
26097 724.0000000000
100000 279.0000000000
evaluations raw_y
1 0.0000000000
2 304.0000000000
7 379.0000000000
8 457.0000000000
10 481.0000000000
12 556.0000000000
16 590.0000000000
25 591.0000000000
37 620.0000000000
76 632.0000000000
80 645.0000000000
204 648.0000000000
213 668.0000000000
325 672.0000000000
446 674.0000000000
770 676.0000000000
776 679.0000000000
821 680.0000000000
946 681.0000000000
949 689.0000000000
1034 690.0000000000
1200 691.0000000000
1216 695.0000000000
2557 700.0000000000
2731 705.0000000000
2850 707.0000000000
4565 708.0000000000
4822 709.0000000000
14252 710.0000000000
18696 713.0000000000
100000 532.0000000000
evaluations raw_y
1 0.0000000000
2 110.0000000000
3 212.0000000000
4 356.0000000000
8 456.0000000000
9 502.0000000000
14 524.0000000000
16 587.0000000000
29 591.0000000000
61 611.0000000000
75 629.0000000000
77 642.0000000000
128 645.0000000000
160 659.0000000000
293 661.0000000000
304 674.0000000000
353 679.0000000000
395 681.0000000000
842 683.0000000000
960 699.0000000000
3554 701.0000000000
3630 704.0000000000
3858 705.0000000000
4069 707.0000000000
4093 708.0000000000
5041 709.0000000000
6346 710.0000000000
7690 711.0000000000
9464 712.0000000000
9806 713.0000000000
10132 715.0000000000
16744 716.0000000000
100000 458.0000000000
evaluations raw_y
1 0.0000000000
2 179.0000000000
3 392.0000000000
9 435.0000000000
11 510.0000000000
17 562.0000000000
21 592.0000000000
25 597.0000000000
37 613.0000000000
66 616.0000000000
73 631.0000000000
74 637.0000000000
95 649.0000000000
105 655.0000000000
211 659.0000000000
231 662.0000000000
276 668.0000000000
319 678.0000000000
370 690.0000000000
689 693.0000000000
1677 697.0000000000
1928 699.0000000000
1954 700.0000000000
2004 702.0000000000
2607 705.0000000000
4958 706.0000000000
5722 707.0000000000
6398 708.0000000000
7003 709.0000000000
12655 710.0000000000
12907 711.0000000000
13967 712.0000000000
14269 713.0000000000
15995 714.0000000000
17369 715.0000000000
29178 716.0000000000
100000 398.0000000000
evaluations raw_y
1 0.0000000000
2 82.0000000000
3 197.0000000000
6 384.0000000000
19 543.0000000000
22 575.0000000000
35 597.0000000000
45 607.0000000000
58 623.0000000000
70 632.0000000000
95 635.0000000000
135 642.0000000000
156 653.0000000000
218 656.0000000000
280 665.0000000000
432 667.0000000000
464 671.0000000000
659 677.0000000000
691 679.0000000000
821 680.0000000000
1204 688.0000000000
1497 692.0000000000
1970 693.0000000000
2163 695.0000000000
2198 698.0000000000
2689 701.0000000000
2854 703.0000000000
3073 706.0000000000
3870 707.0000000000
13956 708.0000000000
13992 710.0000000000
14749 711.0000000000
15002 714.0000000000
55493 716.0000000000
62627 717.0000000000
67768 719.0000000000
89856 720.0000000000
92197 721.0000000000
93452 723.0000000000
100000 665.0000000000
evaluations raw_y
1 0.0000000000
2 90.0000000000
3 186.0000000000
4 198.0000000000
6 256.0000000000
9 304.0000000000
10 361.0000000000
11 371.0000000000
17 426.0000000000
18 490.0000000000
22 524.0000000000
27 541.0000000000
32 571.0000000000
48 648.0000000000
69 656.0000000000
72 664.0000000000
111 666.0000000000
124 674.0000000000
337 678.0000000000
592 679.0000000000
884 680.0000000000
996 682.0000000000
1216 687.0000000000
1229 688.0000000000
1438 690.0000000000
1520 691.0000000000
1606 694.0000000000
1686 699.0000000000
3162 700.0000000000
3495 704.0000000000
12594 707.0000000000
12973 708.0000000000
13235 710.0000000000
13617 712.0000000000
14760 714.0000000000
15939 715.0000000000
17026 716.0000000000
18799 718.0000000000
59864 719.0000000000
69288 720.0000000000
79994 723.0000000000
100000 396.0000000000
evaluations raw_y
1 0.0000000000
2 256.0000000000
3 299.0000000000
5 304.0000000000
6 331.0000000000
10 366.0000000000
11 437.0000000000
13 491.0000000000
21 522.0000000000
28 554.0000000000
43 575.0000000000
49 607.0000000000
63 626.0000000000
118 639.0000000000
135 642.0000000000
208 645.0000000000
221 649.0000000000
226 654.0000000000
236 662.0000000000
287 664.0000000000
366 666.0000000000
404 670.0000000000
426 674.0000000000
433 679.0000000000
437 682.0000000000
699 683.0000000000
1121 684.0000000000
1245 685.0000000000
1391 686.0000000000
1565 687.0000000000
1660 688.0000000000
1796 689.0000000000
1836 691.0000000000
2074 692.0000000000
2153 697.0000000000
2721 698.0000000000
3068 700.0000000000
3223 701.0000000000
3481 703.0000000000
5173 704.0000000000
5287 705.0000000000
6497 708.0000000000
6960 709.0000000000
6982 710.0000000000
6998 712.0000000000
7483 713.0000000000
9034 715.0000000000
13378 716.0000000000
13915 717.0000000000
22419 720.0000000000
23395 721.0000000000
63805 723.0000000000
67221 724.0000000000
100000 389.0000000000
