evaluations raw_y
1 2392.0000000000
2 3057.0000000000
13 3272.0000000000
23 3332.0000000000
28 3347.0000000000
30 3386.0000000000
35 3428.0000000000
40 3499.0000000000
44 3571.0000000000
47 3665.0000000000
62 3700.0000000000
69 3718.0000000000
79 3852.0000000000
86 3927.0000000000
90 3939.0000000000
110 3950.0000000000
111 4043.0000000000
122 4084.0000000000
131 4187.0000000000
151 4253.0000000000
173 4336.0000000000
176 4351.0000000000
188 4385.0000000000
198 4390.0000000000
206 4404.0000000000
217 4444.0000000000
227 4466.0000000000
233 4467.0000000000
241 4502.0000000000
244 4545.0000000000
263 4551.0000000000
265 4593.0000000000
266 4602.0000000000
274 4607.0000000000
284 4613.0000000000
291 4638.0000000000
299 4647.0000000000
322 4741.0000000000
336 4802.0000000000
381 4815.0000000000
382 4857.0000000000
389 4889.0000000000
415 4899.0000000000
430 4926.0000000000
448 4970.0000000000
526 4983.0000000000
633 5031.0000000000
700 5047.0000000000
733 5050.0000000000
100000 5050.0000000000
evaluations raw_y
1 2795.0000000000
7 2903.0000000000
10 3072.0000000000
18 3196.0000000000
29 3227.0000000000
37 3344.0000000000
38 3357.0000000000
49 3422.0000000000
56 3443.0000000000
65 3563.0000000000
75 3585.0000000000
79 3623.0000000000
81 3635.0000000000
90 3648.0000000000
91 3697.0000000000
94 3738.0000000000
126 3761.0000000000
130 3877.0000000000
141 3883.0000000000
151 3947.0000000000
164 4015.0000000000
175 4053.0000000000
201 4080.0000000000
204 4211.0000000000
207 4246.0000000000
212 4288.0000000000
223 4311.0000000000
233 4319.0000000000
237 4336.0000000000
244 4354.0000000000
253 4425.0000000000
282 4435.0000000000
288 4482.0000000000
305 4567.0000000000
335 4571.0000000000
340 4652.0000000000
343 4654.0000000000
366 4703.0000000000
379 4714.0000000000
450 4724.0000000000
508 4785.0000000000
566 4809.0000000000
571 4879.0000000000
576 4946.0000000000
667 4953.0000000000
668 4958.0000000000
673 4988.0000000000
773 5005.0000000000
879 5046.0000000000
885 5050.0000000000
100000 5046.0000000000
evaluations raw_y
1 2302.0000000000
2 2453.0000000000
4 2483.0000000000
6 2870.0000000000
12 3046.0000000000
20 3342.0000000000
28 3420.0000000000
39 3543.0000000000
51 3733.0000000000
56 3756.0000000000
66 3827.0000000000
77 3877.0000000000
82 3892.0000000000
98 3985.0000000000
101 4025.0000000000
109 4040.0000000000
132 4165.0000000000
141 4187.0000000000
152 4195.0000000000
156 4231.0000000000
159 4247.0000000000
173 4251.0000000000
177 4263.0000000000
181 4276.0000000000
188 4311.0000000000
200 4325.0000000000
203 4327.0000000000
211 4360.0000000000
214 4393.0000000000
221 4406.0000000000
225 4409.0000000000
254 4449.0000000000
257 4450.0000000000
281 4476.0000000000
283 4533.0000000000
287 4551.0000000000
313 4561.0000000000
315 4589.0000000000
320 4615.0000000000
346 4637.0000000000
356 4640.0000000000
359 4649.0000000000
381 4653.0000000000
385 4689.0000000000
393 4737.0000000000
400 4773.0000000000
410 4780.0000000000
443 4824.0000000000
468 4847.0000000000
485 4894.0000000000
558 4905.0000000000
607 4939.0000000000
616 4985.0000000000
813 5010.0000000000
834 5020.0000000000
1049 5041.0000000000
1174 5050.0000000000
100000 4968.0000000000
evaluations raw_y
1 2640.0000000000
2 2709.0000000000
3 3059.0000000000
10 3288.0000000000
21 3606.0000000000
44 3610.0000000000
45 3629.0000000000
48 3698.0000000000
51 3890.0000000000
76 3986.0000000000
99 4062.0000000000
111 4130.0000000000
131 4157.0000000000
139 4197.0000000000
150 4248.0000000000
156 4320.0000000000
201 4414.0000000000
215 4432.0000000000
227 4488.0000000000
232 4512.0000000000
235 4586.0000000000
258 4596.0000000000
271 4645.0000000000
275 4655.0000000000
279 4706.0000000000
286 4716.0000000000
303 4727.0000000000
331 4750.0000000000
345 4758.0000000000
397 4760.0000000000
407 4795.0000000000
429 4813.0000000000
462 4817.0000000000
483 4865.0000000000
488 4895.0000000000
512 4902.0000000000
562 4928.0000000000
586 4955.0000000000
630 4995.0000000000
636 5004.0000000000
815 5007.0000000000
835 5035.0000000000
838 5038.0000000000
876 5050.0000000000
100000 5050.0000000000
evaluations raw_y
1 2332.0000000000
2 3050.0000000000
11 3417.0000000000
21 3487.0000000000
28 3492.0000000000
29 3538.0000000000
31 3583.0000000000
36 3606.0000000000
39 3657.0000000000
40 3665.0000000000
41 3751.0000000000
52 3835.0000000000
55 3895.0000000000
70 3966.0000000000
80 3977.0000000000
83 3981.0000000000
87 4053.0000000000
100 4212.0000000000
119 4265.0000000000
124 4275.0000000000
131 4292.0000000000
142 4349.0000000000
144 4363.0000000000
153 4364.0000000000
167 4405.0000000000
170 4420.0000000000
174 4484.0000000000
192 4516.0000000000
201 4546.0000000000
222 4615.0000000000
247 4633.0000000000
259 4655.0000000000
264 4682.0000000000
272 4703.0000000000
282 4778.0000000000
288 4784.0000000000
299 4799.0000000000
336 4847.0000000000
342 4849.0000000000
366 4862.0000000000
396 4897.0000000000
411 4907.0000000000
427 4933.0000000000
430 4935.0000000000
433 4961.0000000000
460 4972.0000000000
471 4977.0000000000
509 5006.0000000000
616 5030.0000000000
776 5050.0000000000
100000 4983.0000000000
evaluations raw_y
1 2188.0000000000
2 2597.0000000000
3 2716.0000000000
9 2791.0000000000
10 2912.0000000000
15 3144.0000000000
20 3222.0000000000
23 3281.0000000000
34 3303.0000000000
37 3314.0000000000
43 3490.0000000000
47 3500.0000000000
55 3554.0000000000
57 3602.0000000000
59 3685.0000000000
67 3702.0000000000
71 3820.0000000000
77 3834.0000000000
83 3956.0000000000
89 3975.0000000000
102 3991.0000000000
105 4004.0000000000
113 4111.0000000000
127 4118.0000000000
142 4201.0000000000
160 4286.0000000000
164 4314.0000000000
170 4329.0000000000
174 4351.0000000000
180 4358.0000000000
191 4368.0000000000
205 4382.0000000000
206 4466.0000000000
218 4478.0000000000
226 4535.0000000000
269 4538.0000000000
286 4550.0000000000
299 4583.0000000000
315 4606.0000000000
320 4612.0000000000
325 4635.0000000000
332 4665.0000000000
361 4717.0000000000
428 4768.0000000000
449 4807.0000000000
494 4848.0000000000
506 4862.0000000000
551 4880.0000000000
557 4887.0000000000
572 4905.0000000000
574 4929.0000000000
578 4947.0000000000
585 5001.0000000000
751 5033.0000000000
804 5050.0000000000
100000 5050.0000000000
evaluations raw_y
1 2732.0000000000
4 2948.0000000000
19 2969.0000000000
21 3179.0000000000
34 3267.0000000000
41 3348.0000000000
61 3351.0000000000
64 3357.0000000000
67 3438.0000000000
76 3523.0000000000
91 3526.0000000000
93 3619.0000000000
103 3652.0000000000
107 3714.0000000000
116 3819.0000000000
125 3905.0000000000
159 3911.0000000000
174 3912.0000000000
179 3937.0000000000
186 3991.0000000000
193 4000.0000000000
195 4110.0000000000
201 4139.0000000000
205 4152.0000000000
208 4166.0000000000
211 4227.0000000000
237 4244.0000000000
249 4313.0000000000
284 4320.0000000000
295 4324.0000000000
298 4424.0000000000
309 4460.0000000000
341 4488.0000000000
364 4547.0000000000
377 4577.0000000000
379 4615.0000000000
402 4626.0000000000
403 4663.0000000000
429 4690.0000000000
448 4745.0000000000
522 4769.0000000000
558 4781.0000000000
570 4820.0000000000
581 4832.0000000000
586 4842.0000000000
588 4854.0000000000
599 4912.0000000000
601 4953.0000000000
700 4974.0000000000
713 4982.0000000000
783 5001.0000000000
795 5021.0000000000
812 5033.0000000000
963 5044.0000000000
1016 5050.0000000000
100000 4921.0000000000
evaluations raw_y
1 2190.0000000000
2 2638.0000000000
3 2777.0000000000
8 2822.0000000000
9 3121.0000000000
15 3174.0000000000
25 3218.0000000000
27 3328.0000000000
32 3408.0000000000
36 3483.0000000000
41 3560.0000000000
42 3567.0000000000
46 3604.0000000000
50 3612.0000000000
52 3621.0000000000
59 3762.0000000000
84 3802.0000000000
88 3826.0000000000
94 3861.0000000000
97 3896.0000000000
121 3928.0000000000
125 3983.0000000000
129 4015.0000000000
134 4020.0000000000
152 4140.0000000000
161 4150.0000000000
180 4183.0000000000
185 4215.0000000000
188 4298.0000000000
196 4302.0000000000
213 4377.0000000000
245 4401.0000000000
271 4426.0000000000
278 4446.0000000000
295 4454.0000000000
302 4478.0000000000
306 4588.0000000000
318 4596.0000000000
323 4622.0000000000
330 4660.0000000000
348 4683.0000000000
351 4769.0000000000
361 4780.0000000000
362 4783.0000000000
365 4823.0000000000
376 4836.0000000000
395 4846.0000000000
421 4909.0000000000
432 4910.0000000000
499 4937.0000000000
518 4944.0000000000
566 4979.0000000000
604 5030.0000000000
670 5041.0000000000
1270 5047.0000000000
1333 5050.0000000000
100000 5050.0000000000
evaluations raw_y
1 2429.0000000000
3 2511.0000000000
4 2699.0000000000
5 2917.0000000000
18 2967.0000000000
25 3052.0000000000
29 3094.0000000000
30 3118.0000000000
34 3344.0000000000
44 3372.0000000000
46 3435.0000000000
50 3517.0000000000
70 3549.0000000000
79 3619.0000000000
82 3779.0000000000
92 3811.0000000000
99 3948.0000000000
112 3997.0000000000
114 4065.0000000000
135 4070.0000000000
138 4100.0000000000
141 4108.0000000000
145 4184.0000000000
148 4191.0000000000
152 4194.0000000000
159 4195.0000000000
161 4267.0000000000
173 4308.0000000000
183 4340.0000000000
195 4346.0000000000
196 4364.0000000000
199 4392.0000000000
203 4396.0000000000
212 4417.0000000000
217 4433.0000000000
222 4457.0000000000
229 4497.0000000000
288 4509.0000000000
291 4517.0000000000
310 4524.0000000000
313 4577.0000000000
318 4584.0000000000
325 4598.0000000000
336 4605.0000000000
339 4651.0000000000
342 4672.0000000000
351 4681.0000000000
357 4702.0000000000
384 4743.0000000000
390 4763.0000000000
394 4796.0000000000
414 4819.0000000000
419 4834.0000000000
453 4840.0000000000
491 4896.0000000000
505 4901.0000000000
507 4919.0000000000
515 4972.0000000000
686 4986.0000000000
767 5034.0000000000
930 5039.0000000000
1034 5050.0000000000
100000 4972.0000000000
evaluations raw_y
1 2724.0000000000
5 2995.0000000000
7 3164.0000000000
8 3284.0000000000
16 3291.0000000000
21 3359.0000000000
25 3599.0000000000
28 3702.0000000000
40 3843.0000000000
48 3877.0000000000
52 3898.0000000000
56 3925.0000000000
70 3965.0000000000
73 3973.0000000000
77 4051.0000000000
102 4107.0000000000
106 4141.0000000000
107 4197.0000000000
127 4242.0000000000
131 4278.0000000000
132 4362.0000000000
150 4454.0000000000
156 4515.0000000000
185 4532.0000000000
195 4581.0000000000
209 4591.0000000000
227 4598.0000000000
231 4626.0000000000
238 4669.0000000000
253 4694.0000000000
270 4748.0000000000
273 4764.0000000000
300 4766.0000000000
319 4798.0000000000
345 4810.0000000000
346 4850.0000000000
374 4873.0000000000
423 4893.0000000000
461 4940.0000000000
561 4945.0000000000
587 4967.0000000000
612 4968.0000000000
628 5020.0000000000
749 5021.0000000000
756 5039.0000000000
759 5040.0000000000
861 5050.0000000000
100000 4791.0000000000
