evaluations raw_y
1 5.8000000000
2 6.0000000000
5 6.8000000000
7 7.4000000000
10 7.6000000000
11 7.8000000000
13 8.0000000000
14 8.2000000000
18 8.4000000000
24 8.6000000000
35 8.8000000000
40 9.2000000000
44 9.6000000000
54 10.0000000000
84 10.2000000000
89 10.4000000000
93 10.6000000000
96 11.0000000000
97 11.4000000000
118 11.6000000000
121 11.8000000000
134 12.0000000000
154 12.2000000000
172 12.4000000000
176 12.6000000000
192 12.8000000000
194 13.0000000000
207 13.2000000000
215 13.4000000000
238 13.6000000000
240 13.8000000000
260 14.0000000000
290 14.2000000000
348 14.4000000000
395 14.6000000000
423 14.8000000000
499 15.0000000000
549 15.2000000000
566 15.4000000000
683 15.6000000000
776 15.8000000000
947 16.0000000000
1106 16.2000000000
100000 16.0000000000
evaluations raw_y
1 6.8000000000
3 7.0000000000
25 7.2000000000
26 7.4000000000
30 7.6000000000
34 7.8000000000
35 8.0000000000
38 8.2000000000
43 8.4000000000
44 8.6000000000
48 9.6000000000
49 10.6000000000
65 10.8000000000
72 11.2000000000
77 11.4000000000
84 11.6000000000
132 12.0000000000
148 12.2000000000
150 12.4000000000
158 12.6000000000
160 13.0000000000
167 13.2000000000
178 13.4000000000
187 13.6000000000
205 13.8000000000
225 14.0000000000
229 14.2000000000
232 14.4000000000
238 14.6000000000
252 14.8000000000
256 15.0000000000
331 15.4000000000
349 15.6000000000
352 15.8000000000
372 16.0000000000
666 16.2000000000
1473 16.4000000000
100000 16.4000000000
evaluations raw_y
1 4.8000000000
3 5.2000000000
5 5.4000000000
10 5.6000000000
13 5.8000000000
14 6.0000000000
19 6.2000000000
23 6.4000000000
31 6.6000000000
33 6.8000000000
35 7.0000000000
42 7.6000000000
45 7.8000000000
46 8.0000000000
50 8.2000000000
52 8.4000000000
56 8.8000000000
57 9.2000000000
63 9.4000000000
71 9.6000000000
74 9.8000000000
77 10.0000000000
95 10.2000000000
100 10.4000000000
109 10.6000000000
112 10.8000000000
133 11.0000000000
144 11.2000000000
156 11.4000000000
163 11.6000000000
168 11.8000000000
185 12.0000000000
197 12.6000000000
199 12.8000000000
217 13.0000000000
228 13.2000000000
232 13.4000000000
244 13.6000000000
248 13.8000000000
251 14.0000000000
253 14.2000000000
266 14.4000000000
270 14.6000000000
279 14.8000000000
315 15.0000000000
317 15.2000000000
323 15.4000000000
405 15.6000000000
425 15.8000000000
486 16.0000000000
517 16.2000000000
804 16.4000000000
811 16.6000000000
100000 16.6000000000
evaluations raw_y
1 6.8000000000
2 7.0000000000
3 8.2000000000
5 8.4000000000
6 8.6000000000
15 8.8000000000
16 9.2000000000
21 9.4000000000
29 9.8000000000
31 10.0000000000
48 10.2000000000
74 10.4000000000
78 10.8000000000
81 11.0000000000
98 11.2000000000
100 11.4000000000
114 11.6000000000
117 11.8000000000
118 12.0000000000
120 12.2000000000
125 12.4000000000
135 12.6000000000
149 12.8000000000
173 13.0000000000
186 13.2000000000
193 13.4000000000
198 13.6000000000
205 13.8000000000
216 14.0000000000
217 14.2000000000
239 14.4000000000
253 14.6000000000
258 14.8000000000
345 15.0000000000
347 15.2000000000
402 15.4000000000
403 15.6000000000
428 15.8000000000
506 16.0000000000
527 16.2000000000
539 16.4000000000
586 16.6000000000
100000 16.6000000000
evaluations raw_y
1 7.8000000000
4 8.8000000000
13 9.0000000000
22 9.4000000000
30 9.6000000000
33 9.8000000000
34 10.6000000000
38 10.8000000000
43 11.0000000000
60 11.2000000000
71 11.4000000000
77 11.6000000000
90 12.0000000000
107 12.2000000000
113 12.4000000000
124 12.8000000000
197 13.2000000000
201 13.6000000000
211 13.8000000000
264 14.0000000000
276 14.2000000000
302 14.4000000000
315 14.6000000000
352 14.8000000000
387 15.0000000000
396 15.2000000000
400 15.4000000000
430 15.6000000000
457 15.8000000000
518 16.0000000000
632 16.2000000000
797 16.4000000000
1339 16.6000000000
100000 16.2000000000
evaluations raw_y
1 7.0000000000
7 8.0000000000
17 8.2000000000
18 8.4000000000
23 8.6000000000
27 8.8000000000
29 9.0000000000
35 9.2000000000
51 9.6000000000
68 9.8000000000
71 10.0000000000
73 10.2000000000
77 10.4000000000
80 10.6000000000
105 10.8000000000
116 11.0000000000
144 11.2000000000
145 11.4000000000
155 11.6000000000
163 11.8000000000
164 12.0000000000
170 12.2000000000
188 12.4000000000
195 12.6000000000
211 12.8000000000
223 13.0000000000
236 13.2000000000
267 13.4000000000
306 13.6000000000
324 13.8000000000
361 14.0000000000
376 14.2000000000
396 14.4000000000
440 14.6000000000
448 14.8000000000
467 15.0000000000
504 15.2000000000
525 15.4000000000
654 15.6000000000
693 15.8000000000
757 16.0000000000
2786 16.2000000000
100000 16.2000000000
evaluations raw_y
1 5.8000000000
3 6.0000000000
4 6.2000000000
7 7.0000000000
10 7.6000000000
12 7.8000000000
13 8.0000000000
18 8.2000000000
22 8.6000000000
25 8.8000000000
26 9.0000000000
28 9.2000000000
29 9.6000000000
35 9.8000000000
38 10.0000000000
49 10.2000000000
55 10.4000000000
63 10.6000000000
68 10.8000000000
72 11.0000000000
96 11.2000000000
98 11.4000000000
100 11.6000000000
115 11.8000000000
121 12.0000000000
137 12.2000000000
144 12.4000000000
161 12.6000000000
162 12.8000000000
163 13.0000000000
194 13.2000000000
247 13.4000000000
248 13.6000000000
263 13.8000000000
283 14.0000000000
286 14.2000000000
296 14.4000000000
302 14.6000000000
356 14.8000000000
401 15.0000000000
493 15.2000000000
503 15.4000000000
525 15.6000000000
536 15.8000000000
610 16.0000000000
761 16.2000000000
822 16.4000000000
100000 16.4000000000
evaluations raw_y
1 7.2000000000
9 7.4000000000
16 8.2000000000
17 8.6000000000
32 8.8000000000
37 9.0000000000
38 9.4000000000
44 9.8000000000
45 10.0000000000
50 10.2000000000
54 10.4000000000
55 10.6000000000
62 10.8000000000
65 11.0000000000
71 11.2000000000
97 11.4000000000
111 11.6000000000
123 11.8000000000
130 12.2000000000
143 12.4000000000
146 12.6000000000
148 12.8000000000
167 13.0000000000
217 13.2000000000
235 13.4000000000
244 13.6000000000
278 14.0000000000
284 14.2000000000
336 14.4000000000
340 14.6000000000
352 14.8000000000
407 15.0000000000
420 15.2000000000
440 15.4000000000
491 15.6000000000
503 15.8000000000
556 16.0000000000
100000 15.6000000000
evaluations raw_y
1 7.2000000000
9 7.4000000000
12 7.6000000000
15 8.0000000000
18 8.2000000000
21 8.4000000000
27 8.6000000000
33 9.4000000000
36 9.6000000000
45 10.8000000000
46 11.2000000000
51 11.4000000000
89 11.6000000000
94 11.8000000000
118 12.0000000000
124 12.2000000000
148 12.4000000000
164 12.8000000000
171 13.0000000000
199 13.4000000000
226 13.6000000000
235 13.8000000000
254 14.0000000000
264 14.2000000000
269 14.4000000000
275 14.6000000000
276 14.8000000000
286 15.0000000000
431 15.2000000000
443 15.4000000000
509 15.6000000000
596 15.8000000000
873 16.0000000000
1055 16.2000000000
1170 16.4000000000
100000 16.2000000000
evaluations raw_y
1 5.2000000000
4 6.0000000000
6 6.6000000000
7 6.8000000000
8 7.0000000000
9 7.2000000000
11 8.2000000000
18 8.4000000000
19 8.6000000000
26 8.8000000000
27 9.0000000000
44 9.2000000000
49 9.4000000000
69 9.6000000000
71 9.8000000000
81 10.0000000000
91 10.2000000000
93 10.4000000000
122 10.6000000000
129 10.8000000000
143 11.0000000000
149 11.2000000000
196 11.4000000000
200 11.6000000000
202 12.0000000000
205 12.2000000000
211 12.4000000000
214 12.6000000000
222 12.8000000000
240 13.0000000000
259 13.2000000000
274 13.4000000000
275 13.6000000000
297 13.8000000000
352 14.0000000000
375 14.2000000000
404 14.4000000000
416 14.6000000000
452 14.8000000000
489 15.0000000000
492 15.2000000000
577 15.4000000000
668 15.6000000000
748 15.8000000000
788 16.0000000000
950 16.2000000000
100000 15.6000000000
