evaluations raw_y
1 0.0000000000
2 117.0000000000
3 189.0000000000
4 267.0000000000
5 349.0000000000
8 411.0000000000
11 460.0000000000
14 461.0000000000
32 474.0000000000
35 481.0000000000
37 511.0000000000
45 521.0000000000
83 530.0000000000
111 531.0000000000
192 532.0000000000
219 538.0000000000
300 545.0000000000
548 549.0000000000
1111 551.0000000000
1339 552.0000000000
1827 555.0000000000
1881 556.0000000000
2877 558.0000000000
3107 560.0000000000
3341 562.0000000000
10000 245.0000000000
evaluations raw_y
1 0.0000000000
2 75.0000000000
3 158.0000000000
4 237.0000000000
5 287.0000000000
6 315.0000000000
9 324.0000000000
12 367.0000000000
15 403.0000000000
25 413.0000000000
30 437.0000000000
32 463.0000000000
39 480.0000000000
40 497.0000000000
60 510.0000000000
91 513.0000000000
101 524.0000000000
157 525.0000000000
238 528.0000000000
332 532.0000000000
390 536.0000000000
925 539.0000000000
1244 540.0000000000
1997 550.0000000000
2694 551.0000000000
3537 553.0000000000
3759 556.0000000000
4613 558.0000000000
5817 559.0000000000
7582 560.0000000000
10000 433.0000000000
evaluations raw_y
1 0.0000000000
2 230.0000000000
3 384.0000000000
6 447.0000000000
23 489.0000000000
33 490.0000000000
41 511.0000000000
67 513.0000000000
82 514.0000000000
83 515.0000000000
103 527.0000000000
185 531.0000000000
253 537.0000000000
401 543.0000000000
1056 546.0000000000
1310 549.0000000000
2307 552.0000000000
3774 557.0000000000
5670 558.0000000000
5730 559.0000000000
6133 561.0000000000
8220 562.0000000000
8956 563.0000000000
9006 566.0000000000
10000 534.0000000000
evaluations raw_y
1 0.0000000000
2 78.0000000000
3 159.0000000000
4 283.0000000000
5 332.0000000000
7 432.0000000000
8 456.0000000000
9 495.0000000000
24 500.0000000000
27 506.0000000000
64 509.0000000000
78 511.0000000000
145 519.0000000000
158 522.0000000000
202 524.0000000000
214 531.0000000000
381 532.0000000000
433 533.0000000000
453 535.0000000000
705 536.0000000000
721 539.0000000000
1006 543.0000000000
1101 549.0000000000
1554 550.0000000000
2899 552.0000000000
3485 553.0000000000
4014 556.0000000000
6791 557.0000000000
7031 558.0000000000
7193 559.0000000000
10000 -1.0000000000
evaluations raw_y
1 0.0000000000
2 224.0000000000
6 381.0000000000
7 411.0000000000
8 430.0000000000
11 460.0000000000
13 471.0000000000
15 484.0000000000
39 501.0000000000
41 520.0000000000
189 522.0000000000
273 526.0000000000
303 527.0000000000
381 529.0000000000
425 531.0000000000
573 538.0000000000
630 539.0000000000
1428 540.0000000000
1707 542.0000000000
2006 545.0000000000
2867 547.0000000000
3038 549.0000000000
3159 550.0000000000
4796 552.0000000000
5045 553.0000000000
6356 554.0000000000
6932 555.0000000000
8212 556.0000000000
8227 557.0000000000
10000 494.0000000000
evaluations raw_y
1 0.0000000000
2 209.0000000000
4 274.0000000000
5 328.0000000000
7 343.0000000000
8 384.0000000000
20 411.0000000000
22 433.0000000000
31 453.0000000000
50 487.0000000000
56 508.0000000000
84 524.0000000000
237 531.0000000000
438 532.0000000000
500 535.0000000000
652 536.0000000000
713 541.0000000000
880 545.0000000000
925 546.0000000000
1009 547.0000000000
1114 548.0000000000
1172 551.0000000000
2192 552.0000000000
3647 555.0000000000
5722 556.0000000000
6900 557.0000000000
8608 560.0000000000
9513 561.0000000000
10000 207.0000000000
evaluations raw_y
1 0.0000000000
2 247.0000000000
5 347.0000000000
15 376.0000000000
22 405.0000000000
25 422.0000000000
26 475.0000000000
29 509.0000000000
33 510.0000000000
52 519.0000000000
99 523.0000000000
106 529.0000000000
201 531.0000000000
227 536.0000000000
486 539.0000000000
795 542.0000000000
807 545.0000000000
890 548.0000000000
1109 549.0000000000
1177 554.0000000000
1865 555.0000000000
1889 556.0000000000
4443 558.0000000000
4465 564.0000000000
10000 -1.0000000000
evaluations raw_y
1 0.0000000000
2 239.0000000000
5 245.0000000000
6 313.0000000000
7 345.0000000000
11 359.0000000000
12 459.0000000000
26 477.0000000000
31 489.0000000000
32 503.0000000000
49 513.0000000000
62 519.0000000000
70 523.0000000000
180 526.0000000000
204 527.0000000000
207 531.0000000000
217 537.0000000000
384 539.0000000000
471 544.0000000000
642 548.0000000000
2366 551.0000000000
3652 555.0000000000
4893 556.0000000000
4999 558.0000000000
5319 560.0000000000
7851 562.0000000000
8346 563.0000000000
9030 564.0000000000
10000 -1.0000000000
evaluations raw_y
1 0.0000000000
2 100.0000000000
4 224.0000000000
7 264.0000000000
8 274.0000000000
9 359.0000000000
11 405.0000000000
13 425.0000000000
16 483.0000000000
18 496.0000000000
50 511.0000000000
52 527.0000000000
164 528.0000000000
232 530.0000000000
265 531.0000000000
277 541.0000000000
423 545.0000000000
477 548.0000000000
489 549.0000000000
963 551.0000000000
1446 552.0000000000
1957 553.0000000000
2631 555.0000000000
3042 556.0000000000
3471 558.0000000000
3697 559.0000000000
6013 560.0000000000
10000 118.0000000000
evaluations raw_y
1 0.0000000000
2 202.0000000000
3 325.0000000000
4 356.0000000000
5 420.0000000000
8 431.0000000000
9 488.0000000000
21 503.0000000000
37 508.0000000000
96 539.0000000000
433 542.0000000000
490 543.0000000000
550 544.0000000000
563 545.0000000000
733 547.0000000000
820 549.0000000000
2977 551.0000000000
3398 556.0000000000
5971 559.0000000000
10000 360.0000000000
evaluations raw_y
1 0.0000000000
2 91.0000000000
3 220.0000000000
4 293.0000000000
10 330.0000000000
11 345.0000000000
15 428.0000000000
32 431.0000000000
34 448.0000000000
35 452.0000000000
54 468.0000000000
56 481.0000000000
59 504.0000000000
103 510.0000000000
133 515.0000000000
147 521.0000000000
196 527.0000000000
201 537.0000000000
495 539.0000000000
502 543.0000000000
547 546.0000000000
1377 548.0000000000
2811 550.0000000000
3065 552.0000000000
3329 554.0000000000
5575 557.0000000000
6540 558.0000000000
7453 559.0000000000
8733 560.0000000000
10000 178.0000000000
evaluations raw_y
1 0.0000000000
2 73.0000000000
3 110.0000000000
4 195.0000000000
6 244.0000000000
7 297.0000000000
10 340.0000000000
12 346.0000000000
13 390.0000000000
21 416.0000000000
25 488.0000000000
34 491.0000000000
35 508.0000000000
93 513.0000000000
143 520.0000000000
180 523.0000000000
293 524.0000000000
302 525.0000000000
371 529.0000000000
400 534.0000000000
473 538.0000000000
571 539.0000000000
689 544.0000000000
702 547.0000000000
2066 549.0000000000
2326 550.0000000000
2357 551.0000000000
2416 553.0000000000
2457 554.0000000000
2649 555.0000000000
2718 556.0000000000
3955 557.0000000000
5372 559.0000000000
5835 560.0000000000
6709 561.0000000000
10000 553.0000000000
evaluations raw_y
1 0.0000000000
2 111.0000000000
3 165.0000000000
4 226.0000000000
6 263.0000000000
7 328.0000000000
10 386.0000000000
11 453.0000000000
12 476.0000000000
13 480.0000000000
16 488.0000000000
21 505.0000000000
40 509.0000000000
53 522.0000000000
102 527.0000000000
146 529.0000000000
234 538.0000000000
360 539.0000000000
362 540.0000000000
544 541.0000000000
615 542.0000000000
621 546.0000000000
867 549.0000000000
1045 555.0000000000
2390 556.0000000000
5152 558.0000000000
5655 559.0000000000
7210 560.0000000000
10000 553.0000000000
evaluations raw_y
1 0.0000000000
2 181.0000000000
3 263.0000000000
4 321.0000000000
6 387.0000000000
10 436.0000000000
17 449.0000000000
18 474.0000000000
27 482.0000000000
30 510.0000000000
108 527.0000000000
213 535.0000000000
376 538.0000000000
429 539.0000000000
735 543.0000000000
950 544.0000000000
1080 547.0000000000
1358 552.0000000000
2678 553.0000000000
3529 555.0000000000
6101 556.0000000000
6433 557.0000000000
7683 559.0000000000
8935 560.0000000000
10000 314.0000000000
evaluations raw_y
1 0.0000000000
2 72.0000000000
3 199.0000000000
4 239.0000000000
5 340.0000000000
8 369.0000000000
10 410.0000000000
12 445.0000000000
23 485.0000000000
44 493.0000000000
63 494.0000000000
70 501.0000000000
74 502.0000000000
104 527.0000000000
226 529.0000000000
484 543.0000000000
880 545.0000000000
962 550.0000000000
1463 551.0000000000
1971 552.0000000000
2018 554.0000000000
2026 555.0000000000
3043 559.0000000000
4750 562.0000000000
4931 563.0000000000
10000 84.0000000000
evaluations raw_y
1 0.0000000000
2 238.0000000000
3 337.0000000000
4 396.0000000000
6 407.0000000000
7 420.0000000000
8 449.0000000000
14 462.0000000000
16 466.0000000000
35 481.0000000000
39 495.0000000000
48 509.0000000000
53 510.0000000000
64 517.0000000000
85 525.0000000000
233 528.0000000000
244 529.0000000000
349 533.0000000000
522 535.0000000000
534 537.0000000000
641 540.0000000000
943 541.0000000000
1258 544.0000000000
1386 545.0000000000
1528 547.0000000000
1773 549.0000000000
2579 551.0000000000
3958 553.0000000000
4165 555.0000000000
5232 556.0000000000
6021 558.0000000000
7588 561.0000000000
10000 451.0000000000
evaluations raw_y
1 0.0000000000
2 91.0000000000
3 149.0000000000
4 312.0000000000
7 389.0000000000
8 425.0000000000
21 430.0000000000
26 434.0000000000
28 466.0000000000
32 485.0000000000
35 498.0000000000
37 500.0000000000
42 516.0000000000
43 521.0000000000
58 528.0000000000
159 535.0000000000
316 538.0000000000
779 541.0000000000
1515 543.0000000000
1562 544.0000000000
1753 545.0000000000
1821 546.0000000000
1874 547.0000000000
1948 549.0000000000
2118 551.0000000000
2538 552.0000000000
3465 555.0000000000
5835 556.0000000000
8371 557.0000000000
10000 -1.0000000000
evaluations raw_y
1 0.0000000000
2 96.0000000000
3 252.0000000000
4 322.0000000000
5 424.0000000000
13 465.0000000000
27 481.0000000000
39 483.0000000000
47 504.0000000000
124 505.0000000000
138 512.0000000000
152 520.0000000000
280 524.0000000000
284 526.0000000000
369 530.0000000000
491 534.0000000000
570 536.0000000000
797 540.0000000000
949 541.0000000000
1000 543.0000000000
1310 545.0000000000
1347 546.0000000000
1583 547.0000000000
1680 548.0000000000
1770 554.0000000000
1836 557.0000000000
3128 561.0000000000
10000 558.0000000000
evaluations raw_y
1 0.0000000000
2 163.0000000000
5 175.0000000000
6 227.0000000000
7 283.0000000000
9 324.0000000000
10 409.0000000000
20 430.0000000000
26 434.0000000000
34 490.0000000000
35 491.0000000000
38 504.0000000000
43 511.0000000000
116 516.0000000000
143 519.0000000000
192 521.0000000000
223 529.0000000000
306 533.0000000000
330 534.0000000000
332 537.0000000000
439 543.0000000000
871 545.0000000000
932 548.0000000000
2753 552.0000000000
3187 553.0000000000
3715 554.0000000000
4853 556.0000000000
5439 557.0000000000
5501 559.0000000000
6365 560.0000000000
6708 561.0000000000
8182 562.0000000000
8237 563.0000000000
10000 272.0000000000
evaluations raw_y
1 0.0000000000
2 82.0000000000
3 214.0000000000
4 243.0000000000
6 306.0000000000
7 389.0000000000
10 405.0000000000
14 425.0000000000
20 446.0000000000
22 475.0000000000
35 496.0000000000
48 512.0000000000
57 515.0000000000
80 518.0000000000
87 520.0000000000
165 524.0000000000
219 527.0000000000
228 541.0000000000
241 542.0000000000
335 543.0000000000
547 544.0000000000
1316 547.0000000000
1739 553.0000000000
2350 554.0000000000
2701 555.0000000000
2856 558.0000000000
4717 559.0000000000
6203 560.0000000000
6539 561.0000000000
9424 564.0000000000
10000 420.0000000000
evaluations raw_y
1 0.0000000000
2 149.0000000000
3 219.0000000000
5 305.0000000000
7 382.0000000000
9 448.0000000000
11 496.0000000000
16 501.0000000000
18 513.0000000000
59 521.0000000000
111 526.0000000000
176 528.0000000000
255 529.0000000000
287 530.0000000000
390 535.0000000000
434 539.0000000000
672 544.0000000000
820 545.0000000000
1169 546.0000000000
1420 547.0000000000
1683 549.0000000000
1909 551.0000000000
2042 552.0000000000
2070 553.0000000000
2372 560.0000000000
3673 562.0000000000
4649 564.0000000000
6776 566.0000000000
9838 567.0000000000
10000 335.0000000000
evaluations raw_y
1 0.0000000000
2 129.0000000000
3 392.0000000000
6 417.0000000000
7 424.0000000000
8 479.0000000000
9 498.0000000000
21 516.0000000000
81 520.0000000000
89 521.0000000000
109 522.0000000000
110 525.0000000000
185 539.0000000000
337 541.0000000000
525 542.0000000000
544 547.0000000000
588 549.0000000000
1021 551.0000000000
2051 556.0000000000
3843 557.0000000000
7535 559.0000000000
9538 565.0000000000
10000 438.0000000000
evaluations raw_y
1 0.0000000000
2 256.0000000000
5 373.0000000000
9 443.0000000000
12 475.0000000000
13 507.0000000000
81 510.0000000000
93 526.0000000000
255 528.0000000000
329 530.0000000000
330 533.0000000000
337 534.0000000000
355 539.0000000000
487 542.0000000000
520 545.0000000000
1435 547.0000000000
2047 553.0000000000
4412 554.0000000000
6466 555.0000000000
6915 556.0000000000
7127 557.0000000000
7524 558.0000000000
7898 559.0000000000
9856 560.0000000000
10000 463.0000000000
evaluations raw_y
1 0.0000000000
2 101.0000000000
3 196.0000000000
4 316.0000000000
8 372.0000000000
12 400.0000000000
17 439.0000000000
18 466.0000000000
28 468.0000000000
31 519.0000000000
106 520.0000000000
125 526.0000000000
207 528.0000000000
240 532.0000000000
459 536.0000000000
507 538.0000000000
566 540.0000000000
636 542.0000000000
764 543.0000000000
792 545.0000000000
982 547.0000000000
1205 552.0000000000
1884 555.0000000000
2115 556.0000000000
2568 559.0000000000
3396 561.0000000000
4985 566.0000000000
10000 -1.0000000000
evaluations raw_y
1 0.0000000000
2 103.0000000000
6 302.0000000000
7 327.0000000000
8 418.0000000000
12 447.0000000000
17 494.0000000000
18 511.0000000000
81 512.0000000000
82 517.0000000000
97 520.0000000000
118 521.0000000000
126 529.0000000000
165 530.0000000000
212 532.0000000000
306 535.0000000000
463 540.0000000000
527 543.0000000000
850 545.0000000000
1213 546.0000000000
1399 547.0000000000
1649 548.0000000000
1820 551.0000000000
2650 554.0000000000
3657 557.0000000000
4198 558.0000000000
4252 559.0000000000
4322 561.0000000000
4453 562.0000000000
5414 567.0000000000
7081 570.0000000000
10000 159.0000000000
evaluations raw_y
1 0.0000000000
2 107.0000000000
3 181.0000000000
6 292.0000000000
8 331.0000000000
9 346.0000000000
10 415.0000000000
19 454.0000000000
26 484.0000000000
31 496.0000000000
43 510.0000000000
50 523.0000000000
209 528.0000000000
380 531.0000000000
385 533.0000000000
456 535.0000000000
537 539.0000000000
588 540.0000000000
669 542.0000000000
1013 546.0000000000
1325 548.0000000000
1508 549.0000000000
2128 551.0000000000
2197 552.0000000000
2426 555.0000000000
4082 557.0000000000
4225 558.0000000000
4459 560.0000000000
10000 225.0000000000
evaluations raw_y
1 0.0000000000
2 205.0000000000
3 328.0000000000
4 371.0000000000
10 394.0000000000
11 416.0000000000
12 438.0000000000
16 451.0000000000
17 499.0000000000
34 501.0000000000
42 507.0000000000
61 512.0000000000
72 521.0000000000
118 522.0000000000
167 525.0000000000
195 528.0000000000
221 533.0000000000
329 535.0000000000
359 538.0000000000
438 543.0000000000
520 546.0000000000
2351 547.0000000000
2492 552.0000000000
4358 555.0000000000
4697 558.0000000000
6968 560.0000000000
9351 561.0000000000
10000 422.0000000000
evaluations raw_y
1 0.0000000000
2 120.0000000000
3 297.0000000000
5 351.0000000000
13 376.0000000000
17 409.0000000000
22 468.0000000000
39 488.0000000000
52 491.0000000000
63 514.0000000000
108 525.0000000000
177 529.0000000000
304 536.0000000000
521 537.0000000000
598 543.0000000000
825 544.0000000000
849 545.0000000000
932 547.0000000000
1220 549.0000000000
1232 551.0000000000
1841 553.0000000000
2132 554.0000000000
2668 555.0000000000
3740 557.0000000000
4127 559.0000000000
5526 560.0000000000
9986 561.0000000000
10000 458.0000000000
evaluations raw_y
1 0.0000000000
2 140.0000000000
4 243.0000000000
6 278.0000000000
9 301.0000000000
10 346.0000000000
19 397.0000000000
20 442.0000000000
26 450.0000000000
38 460.0000000000
48 472.0000000000
52 474.0000000000
54 477.0000000000
73 495.0000000000
87 496.0000000000
96 498.0000000000
108 508.0000000000
134 518.0000000000
161 525.0000000000
247 529.0000000000
328 530.0000000000
344 532.0000000000
404 533.0000000000
461 536.0000000000
491 544.0000000000
1305 547.0000000000
1737 548.0000000000
2896 551.0000000000
3497 552.0000000000
3583 553.0000000000
4299 554.0000000000
5013 559.0000000000
5321 561.0000000000
5667 564.0000000000
10000 446.0000000000
evaluations raw_y
1 0.0000000000
2 98.0000000000
3 339.0000000000
4 358.0000000000
5 429.0000000000
12 476.0000000000
13 508.0000000000
74 509.0000000000
95 511.0000000000
137 520.0000000000
166 524.0000000000
185 532.0000000000
231 535.0000000000
393 537.0000000000
593 539.0000000000
600 544.0000000000
1228 545.0000000000
1872 548.0000000000
1961 550.0000000000
2117 551.0000000000
2202 552.0000000000
2852 553.0000000000
3086 554.0000000000
3619 556.0000000000
3797 557.0000000000
4280 560.0000000000
5138 561.0000000000
6386 562.0000000000
10000 275.0000000000
