evaluations raw_y
1 2355.0000000000
3 2591.0000000000
4 2728.0000000000
11 2939.0000000000
17 3266.0000000000
79 3332.0000000000
97 3382.0000000000
113 3520.0000000000
142 3734.0000000000
187 3901.0000000000
253 4044.0000000000
280 4099.0000000000
306 4114.0000000000
308 4194.0000000000
363 4233.0000000000
408 4284.0000000000
419 4299.0000000000
431 4304.0000000000
452 4353.0000000000
473 4362.0000000000
475 4397.0000000000
476 4434.0000000000
483 4509.0000000000
541 4545.0000000000
575 4586.0000000000
603 4587.0000000000
617 4696.0000000000
644 4744.0000000000
721 4745.0000000000
741 4753.0000000000
748 4780.0000000000
792 4792.0000000000
801 4815.0000000000
874 4866.0000000000
960 4885.0000000000
997 4891.0000000000
1002 4897.0000000000
1020 4907.0000000000
1073 4910.0000000000
1088 4925.0000000000
1160 4928.0000000000
1176 4950.0000000000
1248 4957.0000000000
1260 4960.0000000000
1285 4985.0000000000
1297 5009.0000000000
1349 5026.0000000000
1468 5037.0000000000
1763 5040.0000000000
1780 5044.0000000000
1933 5045.0000000000
1959 5047.0000000000
1970 5048.0000000000
2191 5050.0000000000
100000 5050.0000000000
evaluations raw_y
1 2254.0000000000
2 2385.0000000000
3 2794.0000000000
8 3015.0000000000
22 3021.0000000000
25 3209.0000000000
76 3266.0000000000
86 3354.0000000000
90 3374.0000000000
111 3520.0000000000
125 3692.0000000000
133 3773.0000000000
210 3926.0000000000
260 4044.0000000000
262 4093.0000000000
311 4187.0000000000
347 4200.0000000000
349 4230.0000000000
368 4321.0000000000
390 4330.0000000000
402 4343.0000000000
405 4363.0000000000
417 4422.0000000000
444 4433.0000000000
453 4492.0000000000
481 4510.0000000000
490 4538.0000000000
551 4544.0000000000
553 4613.0000000000
651 4643.0000000000
668 4700.0000000000
700 4703.0000000000
708 4712.0000000000
735 4722.0000000000
793 4767.0000000000
902 4773.0000000000
921 4778.0000000000
931 4812.0000000000
945 4814.0000000000
962 4845.0000000000
1068 4854.0000000000
1083 4881.0000000000
1137 4887.0000000000
1283 4917.0000000000
1376 4919.0000000000
1388 4956.0000000000
1452 4982.0000000000
1611 5004.0000000000
1667 5025.0000000000
1710 5047.0000000000
1771 5049.0000000000
2225 5050.0000000000
100000 4893.0000000000
evaluations raw_y
1 2347.0000000000
2 2889.0000000000
4 2918.0000000000
16 3266.0000000000
33 3480.0000000000
47 3488.0000000000
62 3506.0000000000
67 3637.0000000000
99 3736.0000000000
178 3870.0000000000
179 3922.0000000000
212 3982.0000000000
215 4045.0000000000
273 4176.0000000000
319 4192.0000000000
327 4244.0000000000
344 4385.0000000000
406 4395.0000000000
411 4412.0000000000
441 4466.0000000000
476 4487.0000000000
516 4491.0000000000
538 4519.0000000000
585 4541.0000000000
587 4559.0000000000
646 4576.0000000000
663 4683.0000000000
778 4688.0000000000
827 4692.0000000000
863 4719.0000000000
868 4732.0000000000
876 4735.0000000000
885 4751.0000000000
910 4753.0000000000
932 4755.0000000000
941 4763.0000000000
962 4764.0000000000
983 4767.0000000000
995 4797.0000000000
1040 4813.0000000000
1052 4818.0000000000
1116 4840.0000000000
1163 4841.0000000000
1209 4852.0000000000
1258 4857.0000000000
1319 4866.0000000000
1331 4877.0000000000
1376 4892.0000000000
1409 4903.0000000000
1420 4908.0000000000
1463 4917.0000000000
1483 4919.0000000000
1543 4952.0000000000
1638 4968.0000000000
1684 4978.0000000000
1706 4993.0000000000
1725 5007.0000000000
1792 5011.0000000000
2098 5012.0000000000
2683 5042.0000000000
2930 5050.0000000000
100000 4938.0000000000
evaluations raw_y
1 2768.0000000000
7 2990.0000000000
18 3008.0000000000
23 3252.0000000000
27 3262.0000000000
47 3335.0000000000
82 3409.0000000000
104 3692.0000000000
168 3758.0000000000
193 4009.0000000000
258 4040.0000000000
298 4070.0000000000
307 4118.0000000000
336 4154.0000000000
351 4250.0000000000
406 4333.0000000000
433 4338.0000000000
441 4345.0000000000
447 4360.0000000000
505 4364.0000000000
507 4369.0000000000
528 4413.0000000000
561 4478.0000000000
601 4489.0000000000
626 4561.0000000000
644 4611.0000000000
670 4638.0000000000
713 4650.0000000000
719 4653.0000000000
809 4654.0000000000
828 4667.0000000000
835 4702.0000000000
868 4707.0000000000
916 4716.0000000000
919 4810.0000000000
983 4834.0000000000
1042 4844.0000000000
1108 4872.0000000000
1152 4931.0000000000
1248 4941.0000000000
1380 4959.0000000000
1437 5017.0000000000
1492 5021.0000000000
1537 5039.0000000000
2018 5050.0000000000
100000 4887.0000000000
evaluations raw_y
1 2722.0000000000
8 2877.0000000000
26 3142.0000000000
52 3143.0000000000
60 3150.0000000000
74 3201.0000000000
91 3277.0000000000
114 3370.0000000000
116 3407.0000000000
131 3583.0000000000
177 3585.0000000000
186 3662.0000000000
226 3673.0000000000
231 3752.0000000000
233 3782.0000000000
245 3811.0000000000
253 3861.0000000000
272 3917.0000000000
290 3928.0000000000
295 4053.0000000000
353 4106.0000000000
362 4188.0000000000
369 4189.0000000000
423 4196.0000000000
433 4438.0000000000
546 4457.0000000000
551 4473.0000000000
554 4502.0000000000
556 4511.0000000000
561 4513.0000000000
578 4586.0000000000
600 4596.0000000000
629 4613.0000000000
692 4626.0000000000
694 4644.0000000000
709 4657.0000000000
755 4660.0000000000
772 4667.0000000000
794 4686.0000000000
813 4729.0000000000
814 4760.0000000000
904 4794.0000000000
938 4857.0000000000
1030 4871.0000000000
1060 4903.0000000000
1101 4934.0000000000
1157 4957.0000000000
1322 4982.0000000000
1362 5011.0000000000
1511 5016.0000000000
1549 5025.0000000000
1572 5026.0000000000
2763 5045.0000000000
2776 5050.0000000000
100000 4910.0000000000
evaluations raw_y
1 2177.0000000000
2 2417.0000000000
4 2717.0000000000
5 2782.0000000000
8 2944.0000000000
9 3119.0000000000
14 3317.0000000000
55 3473.0000000000
97 3516.0000000000
99 3533.0000000000
131 3678.0000000000
168 3682.0000000000
177 3786.0000000000
186 3801.0000000000
199 3886.0000000000
245 3966.0000000000
246 3981.0000000000
261 4068.0000000000
289 4093.0000000000
318 4192.0000000000
348 4318.0000000000
364 4342.0000000000
376 4378.0000000000
476 4453.0000000000
494 4462.0000000000
514 4470.0000000000
515 4502.0000000000
526 4584.0000000000
603 4606.0000000000
674 4612.0000000000
706 4667.0000000000
726 4673.0000000000
815 4676.0000000000
826 4694.0000000000
860 4748.0000000000
888 4779.0000000000
981 4830.0000000000
1002 4861.0000000000
1068 4906.0000000000
1317 4935.0000000000
1467 4939.0000000000
1474 4952.0000000000
1569 4978.0000000000
1601 4995.0000000000
1715 4999.0000000000
1804 5013.0000000000
1844 5026.0000000000
2103 5034.0000000000
2197 5035.0000000000
2209 5049.0000000000
2303 5050.0000000000
100000 4965.0000000000
evaluations raw_y
1 1996.0000000000
3 2859.0000000000
11 2866.0000000000
16 2961.0000000000
25 3020.0000000000
30 3059.0000000000
37 3126.0000000000
54 3330.0000000000
108 3391.0000000000
118 3418.0000000000
126 3525.0000000000
135 3619.0000000000
174 3678.0000000000
191 3969.0000000000
246 4063.0000000000
298 4069.0000000000
324 4104.0000000000
337 4115.0000000000
340 4149.0000000000
352 4275.0000000000
358 4321.0000000000
407 4326.0000000000
412 4413.0000000000
437 4539.0000000000
558 4575.0000000000
559 4619.0000000000
577 4653.0000000000
634 4659.0000000000
662 4678.0000000000
677 4681.0000000000
685 4699.0000000000
726 4713.0000000000
786 4736.0000000000
833 4800.0000000000
887 4819.0000000000
945 4827.0000000000
977 4843.0000000000
1018 4856.0000000000
1057 4906.0000000000
1280 4916.0000000000
1310 4934.0000000000
1398 4991.0000000000
1425 4995.0000000000
1451 5000.0000000000
1514 5003.0000000000
1606 5010.0000000000
1633 5013.0000000000
1642 5015.0000000000
1676 5018.0000000000
1742 5040.0000000000
1944 5041.0000000000
2149 5050.0000000000
100000 5012.0000000000
evaluations raw_y
1 2929.0000000000
4 2945.0000000000
9 2946.0000000000
26 3016.0000000000
27 3020.0000000000
37 3166.0000000000
44 3319.0000000000
50 3348.0000000000
87 3475.0000000000
126 3557.0000000000
139 3782.0000000000
196 3960.0000000000
233 4006.0000000000
252 4056.0000000000
313 4279.0000000000
344 4286.0000000000
355 4316.0000000000
362 4332.0000000000
387 4339.0000000000
417 4362.0000000000
437 4371.0000000000
440 4374.0000000000
443 4393.0000000000
445 4457.0000000000
510 4490.0000000000
552 4502.0000000000
567 4522.0000000000
575 4537.0000000000
595 4595.0000000000
655 4611.0000000000
656 4612.0000000000
670 4641.0000000000
679 4692.0000000000
799 4693.0000000000
800 4694.0000000000
831 4735.0000000000
916 4742.0000000000
1008 4797.0000000000
1035 4830.0000000000
1242 4854.0000000000
1344 4864.0000000000
1355 4880.0000000000
1417 4908.0000000000
1438 4935.0000000000
1455 4945.0000000000
1481 4973.0000000000
1583 4977.0000000000
1666 4982.0000000000
1668 4983.0000000000
1687 4991.0000000000
1699 4999.0000000000
1728 5001.0000000000
1767 5005.0000000000
1817 5006.0000000000
1861 5027.0000000000
1911 5045.0000000000
1925 5049.0000000000
2332 5050.0000000000
100000 5050.0000000000
evaluations raw_y
1 2785.0000000000
19 2984.0000000000
33 3027.0000000000
48 3032.0000000000
65 3247.0000000000
66 3539.0000000000
71 3563.0000000000
125 3608.0000000000
141 3709.0000000000
158 3769.0000000000
178 3793.0000000000
191 3822.0000000000
209 3908.0000000000
218 4113.0000000000
283 4214.0000000000
301 4276.0000000000
313 4305.0000000000
335 4410.0000000000
393 4477.0000000000
426 4478.0000000000
430 4543.0000000000
478 4587.0000000000
489 4623.0000000000
511 4650.0000000000
543 4662.0000000000
578 4667.0000000000
585 4673.0000000000
600 4727.0000000000
670 4761.0000000000
693 4799.0000000000
711 4803.0000000000
742 4806.0000000000
778 4812.0000000000
779 4835.0000000000
789 4866.0000000000
825 4923.0000000000
843 4939.0000000000
1000 4963.0000000000
1057 4988.0000000000
1168 4994.0000000000
1192 4995.0000000000
1194 5003.0000000000
1359 5009.0000000000
1362 5010.0000000000
1517 5016.0000000000
1882 5027.0000000000
2255 5050.0000000000
100000 4976.0000000000
evaluations raw_y
1 2857.0000000000
6 3043.0000000000
31 3421.0000000000
83 3440.0000000000
94 3444.0000000000
124 3448.0000000000
135 3634.0000000000
148 3672.0000000000
185 3762.0000000000
200 3833.0000000000
241 3881.0000000000
243 3902.0000000000
283 4025.0000000000
317 4028.0000000000
333 4170.0000000000
351 4181.0000000000
357 4295.0000000000
403 4322.0000000000
449 4480.0000000000
497 4483.0000000000
515 4486.0000000000
520 4502.0000000000
553 4514.0000000000
566 4533.0000000000
580 4598.0000000000
600 4663.0000000000
641 4740.0000000000
687 4744.0000000000
772 4751.0000000000
786 4756.0000000000
791 4768.0000000000
817 4796.0000000000
861 4798.0000000000
872 4841.0000000000
909 4843.0000000000
921 4863.0000000000
969 4907.0000000000
1103 4926.0000000000
1119 4929.0000000000
1191 4934.0000000000
1235 4938.0000000000
1257 4944.0000000000
1287 4949.0000000000
1307 4959.0000000000
1343 4974.0000000000
1521 4983.0000000000
1581 4985.0000000000
1611 5028.0000000000
1614 5037.0000000000
1714 5047.0000000000
2377 5050.0000000000
100000 5050.0000000000
