evaluations raw_y
1 -1556.0000000000
2 -1517.0000000000
7 -1478.0000000000
9 -1439.0000000000
10 -1429.0000000000
12 -1400.0000000000
13 -1322.0000000000
19 -1283.0000000000
22 -1244.0000000000
24 -1215.0000000000
33 -1166.0000000000
42 -1127.0000000000
44 -1088.0000000000
48 -1020.0000000000
49 -991.0000000000
53 -962.0000000000
56 -923.0000000000
59 -913.0000000000
61 -903.0000000000
62 -874.0000000000
63 -835.0000000000
71 -796.0000000000
72 -786.0000000000
88 -767.0000000000
93 -699.0000000000
118 -689.0000000000
119 -660.0000000000
120 -631.0000000000
135 -621.0000000000
136 -582.0000000000
148 -572.0000000000
173 -543.0000000000
182 -514.0000000000
183 -485.0000000000
186 -456.0000000000
204 -417.0000000000
209 -398.0000000000
213 -379.0000000000
215 -350.0000000000
239 -311.0000000000
249 -282.0000000000
260 -253.0000000000
263 -214.0000000000
268 -185.0000000000
276 -184.0000000000
297 -155.0000000000
310 -97.0000000000
343 -78.0000000000
376 -49.0000000000
417 -40.0000000000
511 -31.0000000000
524 -22.0000000000
527 -14.0000000000
528 -13.0000000000
575 -12.0000000000
659 -11.0000000000
660 -10.0000000000
723 -1.0000000000
789 8.0000000000
8638 9.0000000000
75027 10.0000000000
100000 -29.0000000000
evaluations raw_y
1 -1722.0000000000
7 -1683.0000000000
8 -1644.0000000000
11 -1605.0000000000
16 -1566.0000000000
18 -1527.0000000000
21 -1488.0000000000
30 -1449.0000000000
32 -1410.0000000000
39 -1371.0000000000
42 -1352.0000000000
48 -1323.0000000000
57 -1284.0000000000
59 -1255.0000000000
60 -1245.0000000000
61 -1206.0000000000
62 -1177.0000000000
72 -1138.0000000000
88 -1128.0000000000
92 -1060.0000000000
94 -1050.0000000000
96 -1021.0000000000
101 -982.0000000000
107 -914.0000000000
111 -875.0000000000
123 -797.0000000000
133 -758.0000000000
136 -719.0000000000
139 -690.0000000000
142 -651.0000000000
155 -612.0000000000
160 -593.0000000000
169 -554.0000000000
173 -525.0000000000
179 -496.0000000000
196 -477.0000000000
197 -438.0000000000
205 -408.0000000000
207 -379.0000000000
220 -360.0000000000
226 -321.0000000000
236 -302.0000000000
247 -292.0000000000
250 -273.0000000000
251 -234.0000000000
254 -215.0000000000
282 -176.0000000000
302 -147.0000000000
305 -138.0000000000
332 -118.0000000000
369 -108.0000000000
377 -89.0000000000
432 -70.0000000000
449 -51.0000000000
488 -32.0000000000
495 -13.0000000000
534 6.0000000000
535 7.0000000000
1088 8.0000000000
8594 9.0000000000
34565 10.0000000000
100000 -29.0000000000
evaluations raw_y
1 -1410.0000000000
7 -1371.0000000000
11 -1361.0000000000
18 -1332.0000000000
20 -1293.0000000000
26 -1225.0000000000
36 -1186.0000000000
37 -1147.0000000000
39 -1108.0000000000
41 -1069.0000000000
51 -1030.0000000000
54 -991.0000000000
55 -923.0000000000
58 -845.0000000000
60 -806.0000000000
65 -787.0000000000
77 -758.0000000000
81 -719.0000000000
85 -680.0000000000
86 -651.0000000000
95 -622.0000000000
100 -612.0000000000
104 -602.0000000000
105 -573.0000000000
119 -505.0000000000
122 -495.0000000000
125 -456.0000000000
133 -427.0000000000
135 -398.0000000000
139 -359.0000000000
140 -330.0000000000
149 -282.0000000000
155 -253.0000000000
160 -214.0000000000
165 -205.0000000000
186 -166.0000000000
190 -147.0000000000
205 -137.0000000000
206 -128.0000000000
210 -109.0000000000
223 -108.0000000000
227 -99.0000000000
232 -89.0000000000
253 -70.0000000000
265 -61.0000000000
266 -52.0000000000
325 -13.0000000000
401 -12.0000000000
603 7.0000000000
664 8.0000000000
729 9.0000000000
100000 9.0000000000
evaluations raw_y
1 -1293.0000000000
2 -1254.0000000000
6 -1176.0000000000
14 -1137.0000000000
15 -1118.0000000000
17 -1050.0000000000
24 -1011.0000000000
31 -972.0000000000
38 -962.0000000000
43 -894.0000000000
54 -855.0000000000
65 -787.0000000000
80 -709.0000000000
82 -670.0000000000
94 -631.0000000000
116 -602.0000000000
118 -563.0000000000
128 -534.0000000000
142 -495.0000000000
145 -456.0000000000
153 -437.0000000000
157 -398.0000000000
158 -369.0000000000
171 -340.0000000000
179 -292.0000000000
181 -224.0000000000
191 -156.0000000000
193 -137.0000000000
274 -118.0000000000
276 -89.0000000000
306 -80.0000000000
310 -70.0000000000
323 -51.0000000000
373 -42.0000000000
435 -41.0000000000
441 -22.0000000000
447 -21.0000000000
508 -12.0000000000
673 -11.0000000000
755 -2.0000000000
818 7.0000000000
939 8.0000000000
46890 9.0000000000
100000 -39.0000000000
evaluations raw_y
1 -1449.0000000000
8 -1410.0000000000
17 -1371.0000000000
19 -1332.0000000000
28 -1293.0000000000
29 -1254.0000000000
37 -1215.0000000000
38 -1147.0000000000
43 -1108.0000000000
44 -1098.0000000000
45 -1059.0000000000
46 -1020.0000000000
52 -981.0000000000
54 -942.0000000000
65 -903.0000000000
66 -835.0000000000
79 -796.0000000000
84 -757.0000000000
88 -718.0000000000
91 -679.0000000000
92 -630.0000000000
94 -591.0000000000
98 -572.0000000000
109 -504.0000000000
111 -465.0000000000
120 -446.0000000000
135 -417.0000000000
168 -388.0000000000
176 -369.0000000000
180 -360.0000000000
181 -331.0000000000
194 -302.0000000000
197 -283.0000000000
201 -254.0000000000
213 -253.0000000000
219 -224.0000000000
224 -195.0000000000
236 -166.0000000000
248 -147.0000000000
250 -137.0000000000
267 -118.0000000000
276 -108.0000000000
291 -99.0000000000
295 -70.0000000000
313 -69.0000000000
315 -60.0000000000
336 -41.0000000000
337 -31.0000000000
339 -12.0000000000
412 -11.0000000000
463 -2.0000000000
718 7.0000000000
876 8.0000000000
943 9.0000000000
100000 9.0000000000
evaluations raw_y
1 -1400.0000000000
10 -1361.0000000000
14 -1322.0000000000
15 -1244.0000000000
19 -1205.0000000000
27 -1166.0000000000
32 -1127.0000000000
37 -1098.0000000000
41 -1088.0000000000
42 -1049.0000000000
46 -1010.0000000000
49 -971.0000000000
60 -961.0000000000
64 -932.0000000000
71 -903.0000000000
74 -835.0000000000
77 -796.0000000000
78 -767.0000000000
88 -728.0000000000
92 -689.0000000000
93 -660.0000000000
96 -631.0000000000
99 -621.0000000000
108 -582.0000000000
111 -553.0000000000
116 -514.0000000000
117 -495.0000000000
124 -475.0000000000
125 -436.0000000000
126 -407.0000000000
141 -369.0000000000
153 -340.0000000000
160 -321.0000000000
168 -292.0000000000
177 -273.0000000000
178 -244.0000000000
179 -205.0000000000
228 -176.0000000000
244 -147.0000000000
248 -118.0000000000
272 -89.0000000000
315 -80.0000000000
340 -71.0000000000
344 -70.0000000000
349 -61.0000000000
365 -42.0000000000
375 -23.0000000000
383 -22.0000000000
418 -13.0000000000
431 -12.0000000000
503 -11.0000000000
516 -2.0000000000
609 6.0000000000
626 7.0000000000
717 8.0000000000
1634 9.0000000000
100000 9.0000000000
evaluations raw_y
1 -1294.0000000000
3 -1255.0000000000
4 -1216.0000000000
7 -1177.0000000000
15 -1138.0000000000
17 -1099.0000000000
24 -1089.0000000000
25 -1050.0000000000
37 -1011.0000000000
42 -982.0000000000
45 -943.0000000000
56 -914.0000000000
64 -875.0000000000
65 -846.0000000000
66 -836.0000000000
70 -797.0000000000
76 -758.0000000000
78 -719.0000000000
91 -680.0000000000
95 -641.0000000000
98 -602.0000000000
105 -592.0000000000
117 -563.0000000000
133 -524.0000000000
140 -495.0000000000
147 -466.0000000000
152 -427.0000000000
153 -408.0000000000
157 -369.0000000000
169 -359.0000000000
174 -330.0000000000
183 -311.0000000000
188 -233.0000000000
192 -214.0000000000
208 -185.0000000000
214 -156.0000000000
235 -137.0000000000
269 -128.0000000000
273 -109.0000000000
279 -80.0000000000
296 -71.0000000000
322 -62.0000000000
345 -53.0000000000
366 -52.0000000000
406 -43.0000000000
430 -34.0000000000
435 -14.0000000000
437 -13.0000000000
456 -4.0000000000
460 -3.0000000000
464 6.0000000000
489 7.0000000000
638 8.0000000000
4222 9.0000000000
5190 10.0000000000
100000 9.0000000000
evaluations raw_y
1 -1498.0000000000
3 -1459.0000000000
5 -1430.0000000000
8 -1391.0000000000
14 -1352.0000000000
20 -1274.0000000000
28 -1264.0000000000
34 -1225.0000000000
37 -1186.0000000000
46 -1147.0000000000
47 -1137.0000000000
50 -1098.0000000000
53 -1069.0000000000
56 -1030.0000000000
62 -1001.0000000000
63 -962.0000000000
64 -923.0000000000
65 -855.0000000000
67 -826.0000000000
74 -748.0000000000
77 -719.0000000000
78 -680.0000000000
80 -641.0000000000
81 -573.0000000000
93 -544.0000000000
116 -515.0000000000
129 -486.0000000000
136 -457.0000000000
149 -418.0000000000
156 -389.0000000000
165 -350.0000000000
167 -331.0000000000
168 -312.0000000000
176 -293.0000000000
184 -264.0000000000
186 -254.0000000000
195 -225.0000000000
205 -196.0000000000
238 -186.0000000000
276 -167.0000000000
287 -148.0000000000
307 -119.0000000000
320 -110.0000000000
326 -80.0000000000
389 -71.0000000000
427 -51.0000000000
442 -32.0000000000
469 -23.0000000000
483 -22.0000000000
506 -21.0000000000
539 -2.0000000000
866 -1.0000000000
1158 8.0000000000
1176 9.0000000000
1220 10.0000000000
100000 -68.0000000000
evaluations raw_y
1 -1400.0000000000
4 -1322.0000000000
7 -1283.0000000000
8 -1244.0000000000
16 -1186.0000000000
18 -1147.0000000000
26 -1108.0000000000
28 -1098.0000000000
30 -1069.0000000000
33 -1030.0000000000
34 -1020.0000000000
39 -981.0000000000
43 -942.0000000000
46 -913.0000000000
50 -884.0000000000
55 -845.0000000000
57 -835.0000000000
58 -796.0000000000
60 -767.0000000000
62 -728.0000000000
64 -689.0000000000
72 -660.0000000000
85 -621.0000000000
86 -602.0000000000
95 -573.0000000000
98 -534.0000000000
115 -505.0000000000
121 -466.0000000000
122 -437.0000000000
129 -398.0000000000
131 -388.0000000000
160 -359.0000000000
170 -330.0000000000
174 -301.0000000000
195 -272.0000000000
206 -253.0000000000
207 -234.0000000000
212 -205.0000000000
228 -186.0000000000
262 -176.0000000000
273 -147.0000000000
285 -118.0000000000
302 -89.0000000000
309 -70.0000000000
452 -41.0000000000
484 -40.0000000000
510 -31.0000000000
613 -22.0000000000
651 -13.0000000000
659 -4.0000000000
663 5.0000000000
682 7.0000000000
737 8.0000000000
1138 9.0000000000
100000 -30.0000000000
evaluations raw_y
1 -1235.0000000000
2 -1196.0000000000
6 -1118.0000000000
10 -1050.0000000000
24 -1011.0000000000
26 -972.0000000000
28 -962.0000000000
37 -933.0000000000
44 -855.0000000000
55 -816.0000000000
77 -777.0000000000
78 -767.0000000000
80 -738.0000000000
81 -670.0000000000
98 -592.0000000000
107 -553.0000000000
108 -495.0000000000
112 -466.0000000000
118 -437.0000000000
119 -398.0000000000
133 -378.0000000000
147 -368.0000000000
156 -310.0000000000
159 -291.0000000000
167 -281.0000000000
168 -272.0000000000
177 -262.0000000000
183 -252.0000000000
193 -223.0000000000
197 -214.0000000000
203 -195.0000000000
221 -166.0000000000
230 -157.0000000000
232 -148.0000000000
233 -119.0000000000
323 -110.0000000000
348 -109.0000000000
354 -91.0000000000
358 -90.0000000000
362 -62.0000000000
375 -52.0000000000
376 -33.0000000000
392 -32.0000000000
446 -23.0000000000
523 -14.0000000000
526 -5.0000000000
558 4.0000000000
574 5.0000000000
585 6.0000000000
587 7.0000000000
651 8.0000000000
962 9.0000000000
22568 10.0000000000
100000 10.0000000000
