evaluations raw_y
1 -0.4760120394
4 -0.4736479521
5 -0.4710164217
6 -0.4640777744
12 -0.4629857612
15 -0.4550064258
17 -0.4543528607
21 -0.4504599835
26 -0.4503863061
28 -0.4493105986
35 -0.4446801165
37 -0.4230859069
50 -0.4156914362
54 -0.4116383551
62 -0.4094332407
69 -0.3991964482
77 -0.3903720606
85 -0.3868850030
86 -0.3790721852
94 -0.3778316515
102 -0.3771651751
104 -0.3698826927
122 -0.3636374344
123 -0.3623766384
126 -0.3609334408
130 -0.3599244290
158 -0.3586941388
161 -0.3520038244
163 -0.3509875367
176 -0.3491845843
252 -0.3484064927
253 -0.3479263727
261 -0.3422314536
324 -0.3409108910
325 -0.3347067323
341 -0.3340901501
342 -0.3322191308
378 -0.3255207676
388 -0.3247797502
443 -0.3246533447
501 -0.3239572939
572 -0.3186376581
651 -0.3151973689
3110 -0.3125030248
3236 -0.3109877645
3798 -0.3075100362
16394 -0.3073922287
16549 -0.3020330329
31333 -0.2985087408
39186 -0.2978798510
50728 -0.2965538531
100000 -0.3027580119
evaluations raw_y
1 -0.5255986713
8 -0.5169714654
14 -0.5130628009
18 -0.4997265624
20 -0.4985551027
36 -0.4970223141
43 -0.4864752478
46 -0.4821269106
52 -0.4748513965
60 -0.4602004002
68 -0.4582420831
70 -0.4543460569
71 -0.4502628375
73 -0.4497774393
94 -0.4431707945
97 -0.4384900771
100 -0.4380503479
105 -0.4367034071
120 -0.4317796010
129 -0.4312955583
130 -0.4301031282
133 -0.4228826818
136 -0.4221609916
139 -0.4199030617
144 -0.4144652949
163 -0.4131410912
171 -0.4117612981
172 -0.4114821829
189 -0.4093954521
190 -0.4091885425
194 -0.4073738688
216 -0.4070491393
217 -0.3973287024
222 -0.3960614415
225 -0.3918550969
230 -0.3903491875
232 -0.3885462351
237 -0.3836147365
241 -0.3787011671
256 -0.3783771288
262 -0.3776361115
279 -0.3749955856
281 -0.3748709211
284 -0.3703570335
285 -0.3604387350
298 -0.3601129547
305 -0.3599060451
331 -0.3585854826
343 -0.3572612788
344 -0.3549617515
348 -0.3536411890
374 -0.3447777293
404 -0.3442976093
415 -0.3398338835
417 -0.3375544351
471 -0.3357514826
479 -0.3285778091
522 -0.3236769729
540 -0.3229146752
659 -0.3175554794
675 -0.3161686104
696 -0.3106232811
743 -0.3093560201
910 -0.3081257300
1503 -0.3042410494
1616 -0.3032400090
6778 -0.2997157170
11365 -0.2950664852
100000 -0.2950664852
evaluations raw_y
1 -0.5474686890
5 -0.5471371149
13 -0.5443455036
14 -0.5274010843
16 -0.5248574740
18 -0.5172147198
24 -0.5124031884
27 -0.5094699457
28 -0.5029365426
31 -0.5009672014
33 -0.4958088226
34 -0.4948412715
45 -0.4927397193
54 -0.4926826565
61 -0.4844190763
62 -0.4819674507
63 -0.4815666367
70 -0.4680948065
73 -0.4524355573
85 -0.4489484997
90 -0.4482949346
102 -0.4437552417
116 -0.4373441807
121 -0.4353016802
128 -0.4321908910
131 -0.4269901098
141 -0.4256574954
150 -0.4176781599
160 -0.4168339483
165 -0.4161378975
182 -0.4153360565
190 -0.4104352204
202 -0.4076401928
209 -0.3984053055
228 -0.3940401198
231 -0.3906449316
243 -0.3862929504
245 -0.3834711850
253 -0.3818883678
262 -0.3784480787
265 -0.3701446433
299 -0.3631810827
301 -0.3612117415
327 -0.3605331524
373 -0.3602270256
383 -0.3529445431
407 -0.3481330116
408 -0.3411917983
414 -0.3399993681
434 -0.3362779046
452 -0.3325138116
470 -0.3318602465
489 -0.3246550617
499 -0.3128629069
664 -0.3123827869
837 -0.3123744017
1495 -0.3116121040
5773 -0.3081343757
18678 -0.3066191154
23862 -0.3042067799
23941 -0.3017589617
24045 -0.3012206767
24434 -0.2995097812
24470 -0.2985087408
97463 -0.2978798510
100000 -0.2978798510
evaluations raw_y
1 -0.5337241618
5 -0.5331596646
6 -0.5283632532
11 -0.5210807707
21 -0.5182259549
22 -0.5115275917
28 -0.5082022343
36 -0.5068620579
38 -0.5011422856
44 -0.4906693319
48 -0.4843812797
52 -0.4786863606
57 -0.4719960462
58 -0.4718246632
60 -0.4612144018
64 -0.4608725727
70 -0.4596117767
71 -0.4520244109
78 -0.4404519832
80 -0.4353214199
88 -0.4256649398
94 -0.4207856850
96 -0.4142606670
98 -0.4080960053
108 -0.4070802585
115 -0.4036174998
123 -0.3996668814
150 -0.3947660453
151 -0.3926716108
192 -0.3884652662
208 -0.3871937579
213 -0.3810987107
216 -0.3713782739
221 -0.3692094930
227 -0.3665675226
229 -0.3652960143
252 -0.3652876291
270 -0.3614680717
280 -0.3569541841
286 -0.3490567440
304 -0.3483606931
314 -0.3408227915
323 -0.3402062092
337 -0.3397260892
352 -0.3379547102
357 -0.3370921992
373 -0.3320477100
386 -0.3315134706
402 -0.3177620614
412 -0.3177049986
450 -0.3169269070
460 -0.3156661110
547 -0.3119020181
560 -0.3065823822
562 -0.3058200845
576 -0.3048190441
603 -0.3024587139
620 -0.3017626631
639 -0.3015892180
1048 -0.3011090980
8402 -0.2995938377
13295 -0.2977551528
67151 -0.2969602763
67422 -0.2947551619
76181 -0.2941262721
76713 -0.2940305644
76765 -0.2928002742
100000 -0.2928002742
evaluations raw_y
1 -0.5298896980
2 -0.5269564554
8 -0.5268921702
17 -0.5251899178
20 -0.5230876718
21 -0.5149960209
23 -0.5040228426
25 -0.4932051425
27 -0.4892578352
28 -0.4890581428
35 -0.4756044323
40 -0.4682317913
41 -0.4646338706
44 -0.4598604831
48 -0.4564331984
58 -0.4562658711
65 -0.4525003291
68 -0.4487098972
72 -0.4480189851
76 -0.4458479796
78 -0.4440117404
79 -0.4435720112
81 -0.4406387685
85 -0.4398977512
88 -0.4348480432
93 -0.4340699516
100 -0.4339435461
103 -0.4315832160
108 -0.4284918070
110 -0.4235867830
114 -0.4138034338
127 -0.4042834830
133 -0.3985658457
150 -0.3972398478
157 -0.3966699639
164 -0.3963136217
165 -0.3929789127
170 -0.3911028742
172 -0.3857832384
176 -0.3847791061
178 -0.3840252056
194 -0.3816625847
199 -0.3679111755
207 -0.3635830553
241 -0.3595299742
252 -0.3557337587
263 -0.3530932328
278 -0.3473089799
293 -0.3420001040
295 -0.3370461154
302 -0.3357219117
317 -0.3268427173
338 -0.3256021837
347 -0.3202825478
348 -0.3201916641
354 -0.3194506468
392 -0.3191845069
395 -0.3142530083
446 -0.3136364260
462 -0.3095711611
651 -0.3034064994
1117 -0.3027529343
1222 -0.3022728143
20437 -0.2987485222
25183 -0.2958002651
100000 -0.3007317637
evaluations raw_y
1 -0.5432774594
2 -0.5344351224
6 -0.5236724573
7 -0.5083947859
8 -0.4982549905
10 -0.4948147013
13 -0.4881155564
14 -0.4854437426
19 -0.4824773160
24 -0.4758622827
35 -0.4730859889
40 -0.4679163984
48 -0.4593772381
50 -0.4510408825
64 -0.4417111548
66 -0.4344264060
80 -0.4344187299
82 -0.4330389368
83 -0.4280277130
84 -0.4264802520
88 -0.4167598152
92 -0.4105558423
93 -0.4038133477
98 -0.3949341534
116 -0.3833049594
130 -0.3806386760
147 -0.3794552052
148 -0.3735406724
150 -0.3663202259
164 -0.3554510949
170 -0.3504547029
182 -0.3494536625
188 -0.3488370803
198 -0.3471881470
200 -0.3422566485
217 -0.3410667528
220 -0.3410096900
223 -0.3371901326
278 -0.3364453544
306 -0.3326812615
311 -0.3247019260
372 -0.3236129609
389 -0.3208213496
413 -0.3191570703
460 -0.3184610194
483 -0.3158068894
504 -0.3136941385
512 -0.3107491273
540 -0.3102148880
671 -0.3101578251
735 -0.3080450743
1031 -0.3056824534
1137 -0.3049864026
25468 -0.3042004802
54765 -0.3035715904
84225 -0.3017329055
99583 -0.3004069076
100000 -0.3090341135
evaluations raw_y
1 -0.5140890335
10 -0.5028067273
19 -0.5014342641
20 -0.5011577940
21 -0.4998258171
23 -0.4947571267
25 -0.4918238840
27 -0.4824091603
29 -0.4774776618
32 -0.4707792985
33 -0.4640889842
35 -0.4629187305
36 -0.4602646005
47 -0.4541343981
53 -0.4489195971
55 -0.4475471339
56 -0.4421300125
65 -0.4389019293
67 -0.4384502523
69 -0.4339330031
70 -0.4295370533
78 -0.4281645901
80 -0.4257432072
85 -0.4168640128
88 -0.4149563557
95 -0.4062016211
104 -0.4001123323
106 -0.3924621082
126 -0.3903990753
130 -0.3841949166
139 -0.3837198932
147 -0.3811905216
154 -0.3799232607
172 -0.3778602278
175 -0.3740012140
176 -0.3706758566
177 -0.3672355674
189 -0.3649278170
206 -0.3647612994
238 -0.3635207658
268 -0.3626582548
295 -0.3621159284
332 -0.3602398899
334 -0.3523247014
356 -0.3484744776
371 -0.3480001826
374 -0.3433739878
381 -0.3428027543
401 -0.3423881089
455 -0.3421959275
456 -0.3411869156
591 -0.3399944855
636 -0.3362303925
644 -0.3356138103
672 -0.3343835201
691 -0.3320420647
1035 -0.3285645733
1074 -0.3277786509
1131 -0.3251329060
1176 -0.3251245209
2593 -0.3215280340
3034 -0.3170141464
6833 -0.3164427224
7225 -0.3151754615
10049 -0.3151380224
10286 -0.3116977332
18985 -0.3104887906
19611 -0.3070485014
31227 -0.3069306939
50305 -0.3060137580
50406 -0.3058068485
50551 -0.3019221679
69410 -0.3004069076
100000 -0.3150683862
evaluations raw_y
1 -0.5081954789
5 -0.5053031153
15 -0.5043113863
21 -0.5008841016
22 -0.4942774569
23 -0.4913110302
26 -0.4872579492
32 -0.4831747297
34 -0.4808975402
35 -0.4742522149
37 -0.4718124506
44 -0.4706200205
53 -0.4649175363
54 -0.4626373128
64 -0.4611633182
76 -0.4601543064
78 -0.4521578734
81 -0.4397583829
82 -0.4389526334
84 -0.4382597821
88 -0.4375380918
90 -0.4304287837
96 -0.4283428442
98 -0.4220541457
118 -0.4206958324
120 -0.4145990855
128 -0.4115596103
136 -0.4035465636
144 -0.3975010340
151 -0.3908018891
153 -0.3889989367
160 -0.3864304486
193 -0.3839963967
196 -0.3796444155
197 -0.3721234418
214 -0.3713216008
227 -0.3678877719
229 -0.3675398149
231 -0.3660088385
232 -0.3611973070
244 -0.3523084982
263 -0.3500505683
287 -0.3439892016
307 -0.3416814512
321 -0.3378028217
330 -0.3372715221
350 -0.3367914021
409 -0.3330009701
410 -0.3288274503
481 -0.3246567408
513 -0.3197559047
573 -0.3152420171
669 -0.3149960884
690 -0.3143795061
844 -0.3138096222
1211 -0.3035728297
3664 -0.3006245725
9956 -0.2992643749
9969 -0.2982024716
10033 -0.2939051792
30294 -0.2920664943
100000 -0.3030953571
evaluations raw_y
1 -0.5244942739
2 -0.5152024734
5 -0.5110923295
6 -0.5028429494
8 -0.5021793441
13 -0.4941829111
14 -0.4876909481
16 -0.4873593740
18 -0.4699161168
21 -0.4631910797
23 -0.4566680927
24 -0.4485748067
25 -0.4466054655
26 -0.4442571529
34 -0.4369746704
35 -0.4365997994
36 -0.4348889039
43 -0.4274601672
44 -0.4221442074
48 -0.4203728284
49 -0.4122733972
52 -0.4110328636
53 -0.4108655363
58 -0.4070999943
84 -0.4067351625
89 -0.4052896765
102 -0.4048750311
104 -0.4038660192
107 -0.4032529466
112 -0.4008926164
118 -0.3998915760
131 -0.3990759312
145 -0.3975543929
171 -0.3952749445
179 -0.3924719892
184 -0.3879847196
204 -0.3810460722
208 -0.3797218685
213 -0.3763965111
221 -0.3714650125
227 -0.3669511249
229 -0.3666195509
234 -0.3639445152
239 -0.3623402594
270 -0.3600325090
284 -0.3554020269
287 -0.3545578153
297 -0.3545494301
311 -0.3544663588
322 -0.3539862388
325 -0.3537200989
374 -0.3502798097
381 -0.3405593729
383 -0.3402277988
406 -0.3364622569
418 -0.3343039176
447 -0.3258510287
528 -0.3254363833
534 -0.3242078663
537 -0.3224049139
644 -0.3194211144
652 -0.3186192734
865 -0.3127964407
895 -0.3108383615
927 -0.3078206452
929 -0.3074059998
953 -0.3066041588
960 -0.3059875765
1132 -0.3052915257
5201 -0.3017672336
6737 -0.3016494260
6969 -0.2962902303
12544 -0.2956613405
29066 -0.2943353426
34010 -0.2928200823
100000 -0.2928200823
evaluations raw_y
1 -0.5196310174
2 -0.5107422087
3 -0.5064204771
5 -0.5057126907
9 -0.4965301597
13 -0.4921859391
16 -0.4810401502
17 -0.4790785863
19 -0.4786980969
22 -0.4740509612
30 -0.4728712519
41 -0.4706957301
42 -0.4626992972
44 -0.4572762548
54 -0.4539037940
56 -0.4512722637
66 -0.4455133820
70 -0.4454950215
72 -0.4341286319
74 -0.4279639702
78 -0.4175789488
79 -0.4137593914
80 -0.4063258393
93 -0.4033328576
103 -0.4030012835
111 -0.4004520971
118 -0.3967306335
121 -0.3910325945
131 -0.3836038578
165 -0.3801034370
175 -0.3747126546
190 -0.3721241707
192 -0.3661352389
219 -0.3654391881
254 -0.3652322785
261 -0.3647521585
277 -0.3604599093
293 -0.3544187920
312 -0.3510495780
317 -0.3487244723
330 -0.3478928279
332 -0.3453938246
344 -0.3436667223
347 -0.3374625635
349 -0.3348084335
364 -0.3348000484
396 -0.3332690720
398 -0.3320766418
399 -0.3297056193
424 -0.3275005049
487 -0.3261799423
494 -0.3255134659
500 -0.3188268591
557 -0.3178178472
567 -0.3172012650
614 -0.3137609758
646 -0.3130199584
718 -0.3120189180
949 -0.3112687479
1090 -0.3096801465
1136 -0.3095537410
1187 -0.3042341052
2118 -0.3037539852
4706 -0.3002296931
11951 -0.2989036952
39805 -0.2975434976
77424 -0.2974256900
77690 -0.2926363782
79581 -0.2920664943
100000 -0.2920664943
