evaluations raw_y
1 -233.0000000000
2 -226.0000000000
3 -211.0000000000
4 -201.0000000000
13 -194.0000000000
40 -190.0000000000
50 -183.0000000000
84 -182.0000000000
88 -177.0000000000
103 -167.0000000000
164 -166.0000000000
184 -164.0000000000
195 -162.0000000000
198 -158.0000000000
223 -156.0000000000
262 -151.0000000000
286 -149.0000000000
304 -147.0000000000
343 -143.0000000000
385 -140.0000000000
402 -138.0000000000
430 -136.0000000000
445 -134.0000000000
471 -133.0000000000
485 -132.0000000000
527 -130.0000000000
542 -128.0000000000
552 -126.0000000000
588 -125.0000000000
590 -124.0000000000
613 -123.0000000000
628 -122.0000000000
671 -121.0000000000
681 -120.0000000000
704 -119.0000000000
713 -118.0000000000
724 -116.0000000000
742 -114.0000000000
786 -113.0000000000
802 -112.0000000000
837 -111.0000000000
879 -110.0000000000
920 -109.0000000000
975 -108.0000000000
982 -106.0000000000
1026 -105.0000000000
1035 -103.0000000000
1080 -102.0000000000
1150 -101.0000000000
1186 -100.0000000000
1194 -99.0000000000
1244 -98.0000000000
1263 -97.0000000000
1305 -96.0000000000
1344 -95.0000000000
1379 -94.0000000000
1381 -93.0000000000
1429 -91.0000000000
1473 -89.0000000000
1477 -88.0000000000
1508 -86.0000000000
1542 -85.0000000000
1602 -84.0000000000
1630 -83.0000000000
1645 -82.0000000000
1675 -81.0000000000
1695 -80.0000000000
1722 -79.0000000000
1741 -78.0000000000
1781 -77.0000000000
1800 -76.0000000000
1801 -75.0000000000
1826 -73.0000000000
1870 -69.0000000000
1916 -66.0000000000
2009 -65.0000000000
2041 -63.0000000000
2101 -62.0000000000
2149 -61.0000000000
2151 -60.0000000000
2206 -59.0000000000
2207 -58.0000000000
2240 -57.0000000000
2277 -56.0000000000
2306 -55.0000000000
2356 -54.0000000000
2383 -52.0000000000
2456 -51.0000000000
2462 -50.0000000000
2489 -49.0000000000
2504 -47.0000000000
2553 -45.0000000000
2592 -44.0000000000
2662 -42.0000000000
2705 -40.0000000000
2783 -39.0000000000
2811 -38.0000000000
2862 -37.0000000000
2932 -36.0000000000
2961 -35.0000000000
3025 -34.0000000000
3081 -33.0000000000
3116 -32.0000000000
3160 -31.0000000000
3187 -30.0000000000
3245 -29.0000000000
3263 -27.0000000000
3335 -26.0000000000
3383 -25.0000000000
3442 -24.0000000000
3516 -23.0000000000
3543 -22.0000000000
3609 -21.0000000000
3622 -20.0000000000
3727 -19.0000000000
3770 -18.0000000000
3798 -17.0000000000
3829 -16.0000000000
3910 -15.0000000000
3988 -14.0000000000
3992 -13.0000000000
4073 -12.0000000000
4144 -11.0000000000
4185 -10.0000000000
4224 -9.0000000000
4318 -6.0000000000
4426 -5.0000000000
4479 -4.0000000000
4542 -3.0000000000
4700 -2.0000000000
4761 -1.0000000000
4904 391.0000000000
5230 396.0000000000
5365 397.0000000000
5386 398.0000000000
5459 407.0000000000
5747 409.0000000000
5874 411.0000000000
5942 415.0000000000
6080 416.0000000000
8297 420.0000000000
10981 421.0000000000
12787 426.0000000000
22647 427.0000000000
22711 428.0000000000
44075 429.0000000000
44701 432.0000000000
51880 434.0000000000
100020 434.0000000000
evaluations raw_y
1 -201.0000000000
5 -200.0000000000
23 -183.0000000000
71 -180.0000000000
109 -175.0000000000
121 -173.0000000000
149 -170.0000000000
181 -167.0000000000
219 -165.0000000000
222 -160.0000000000
230 -157.0000000000
261 -153.0000000000
304 -150.0000000000
310 -148.0000000000
316 -147.0000000000
333 -141.0000000000
367 -140.0000000000
383 -138.0000000000
418 -136.0000000000
421 -135.0000000000
453 -134.0000000000
466 -132.0000000000
495 -131.0000000000
506 -130.0000000000
520 -127.0000000000
559 -126.0000000000
564 -125.0000000000
577 -124.0000000000
591 -123.0000000000
600 -122.0000000000
623 -118.0000000000
704 -117.0000000000
705 -116.0000000000
743 -113.0000000000
786 -112.0000000000
790 -109.0000000000
861 -108.0000000000
884 -107.0000000000
913 -106.0000000000
929 -105.0000000000
959 -104.0000000000
1032 -103.0000000000
1038 -101.0000000000
1073 -100.0000000000
1079 -98.0000000000
1106 -96.0000000000
1148 -94.0000000000
1184 -93.0000000000
1198 -91.0000000000
1223 -89.0000000000
1255 -88.0000000000
1279 -87.0000000000
1281 -86.0000000000
1283 -83.0000000000
1329 -80.0000000000
1392 -79.0000000000
1394 -78.0000000000
1409 -76.0000000000
1462 -74.0000000000
1509 -73.0000000000
1567 -72.0000000000
1586 -70.0000000000
1623 -69.0000000000
1680 -68.0000000000
1692 -67.0000000000
1703 -65.0000000000
1773 -64.0000000000
1787 -62.0000000000
1809 -61.0000000000
1872 -60.0000000000
1904 -58.0000000000
1960 -56.0000000000
2014 -55.0000000000
2063 -54.0000000000
2072 -53.0000000000
2123 -52.0000000000
2139 -51.0000000000
2146 -50.0000000000
2232 -49.0000000000
2264 -48.0000000000
2326 -47.0000000000
2342 -46.0000000000
2366 -44.0000000000
2407 -42.0000000000
2464 -41.0000000000
2524 -40.0000000000
2554 -39.0000000000
2646 -37.0000000000
2728 -36.0000000000
2750 -35.0000000000
2779 -34.0000000000
2781 -32.0000000000
2874 -31.0000000000
2931 -30.0000000000
2961 -29.0000000000
3035 -28.0000000000
3089 -27.0000000000
3106 -26.0000000000
3206 -25.0000000000
3224 -24.0000000000
3338 -23.0000000000
3394 -22.0000000000
3426 -21.0000000000
3496 -20.0000000000
3526 -19.0000000000
3571 -18.0000000000
3609 -17.0000000000
3676 -15.0000000000
3799 -14.0000000000
3830 -13.0000000000
3930 -12.0000000000
4002 -11.0000000000
4039 -10.0000000000
4065 -9.0000000000
4143 -8.0000000000
4191 -7.0000000000
4256 -6.0000000000
4308 -5.0000000000
4389 -4.0000000000
4452 -3.0000000000
4494 -2.0000000000
4702 -1.0000000000
4805 381.0000000000
5102 388.0000000000
6216 390.0000000000
6225 398.0000000000
6363 400.0000000000
6452 402.0000000000
6465 408.0000000000
6691 412.0000000000
6817 413.0000000000
6878 416.0000000000
6960 422.0000000000
10115 423.0000000000
10291 424.0000000000
10330 429.0000000000
19972 430.0000000000
26390 433.0000000000
32429 435.0000000000
59514 436.0000000000
100020 -1.0000000000
evaluations raw_y
1 -219.0000000000
2 -206.0000000000
4 -202.0000000000
15 -195.0000000000
40 -191.0000000000
75 -187.0000000000
79 -182.0000000000
109 -180.0000000000
113 -179.0000000000
129 -177.0000000000
134 -171.0000000000
166 -165.0000000000
201 -164.0000000000
221 -163.0000000000
230 -158.0000000000
283 -157.0000000000
286 -153.0000000000
314 -151.0000000000
344 -147.0000000000
350 -144.0000000000
404 -142.0000000000
405 -138.0000000000
465 -137.0000000000
467 -135.0000000000
502 -133.0000000000
504 -131.0000000000
544 -130.0000000000
568 -128.0000000000
583 -127.0000000000
589 -125.0000000000
622 -123.0000000000
659 -119.0000000000
707 -116.0000000000
752 -115.0000000000
785 -113.0000000000
826 -112.0000000000
842 -109.0000000000
878 -107.0000000000
919 -106.0000000000
921 -104.0000000000
963 -101.0000000000
1024 -99.0000000000
1063 -97.0000000000
1077 -96.0000000000
1113 -95.0000000000
1136 -94.0000000000
1147 -92.0000000000
1185 -91.0000000000
1205 -90.0000000000
1264 -89.0000000000
1265 -86.0000000000
1324 -85.0000000000
1347 -84.0000000000
1357 -83.0000000000
1369 -82.0000000000
1407 -81.0000000000
1421 -80.0000000000
1436 -79.0000000000
1461 -78.0000000000
1472 -77.0000000000
1514 -74.0000000000
1559 -73.0000000000
1573 -72.0000000000
1588 -71.0000000000
1614 -69.0000000000
1664 -68.0000000000
1667 -67.0000000000
1695 -65.0000000000
1705 -64.0000000000
1767 -63.0000000000
1782 -62.0000000000
1797 -61.0000000000
1833 -59.0000000000
1929 -58.0000000000
1952 -57.0000000000
2006 -56.0000000000
2053 -55.0000000000
2075 -54.0000000000
2110 -53.0000000000
2165 -52.0000000000
2209 -51.0000000000
2236 -50.0000000000
2278 -48.0000000000
2311 -47.0000000000
2341 -46.0000000000
2407 -44.0000000000
2462 -43.0000000000
2504 -42.0000000000
2556 -41.0000000000
2560 -39.0000000000
2610 -38.0000000000
2700 -37.0000000000
2730 -36.0000000000
2772 -35.0000000000
2823 -34.0000000000
2893 -33.0000000000
2941 -32.0000000000
2988 -31.0000000000
3043 -29.0000000000
3113 -28.0000000000
3153 -27.0000000000
3200 -26.0000000000
3262 -25.0000000000
3330 -24.0000000000
3349 -23.0000000000
3413 -22.0000000000
3480 -21.0000000000
3493 -20.0000000000
3554 -18.0000000000
3675 -17.0000000000
3741 -16.0000000000
3792 -15.0000000000
3833 -14.0000000000
3884 -13.0000000000
3945 -12.0000000000
3985 -11.0000000000
4038 -10.0000000000
4205 -9.0000000000
4395 -8.0000000000
4418 -7.0000000000
4484 -6.0000000000
4523 -5.0000000000
4608 -4.0000000000
4682 -3.0000000000
4797 -2.0000000000
4830 -1.0000000000
4967 390.0000000000
5449 396.0000000000
5778 398.0000000000
5787 401.0000000000
5861 406.0000000000
6312 408.0000000000
7418 409.0000000000
7426 416.0000000000
8712 417.0000000000
8749 420.0000000000
19112 424.0000000000
19965 425.0000000000
35119 428.0000000000
44645 429.0000000000
45259 434.0000000000
100020 -2.0000000000
evaluations raw_y
1 -217.0000000000
5 -210.0000000000
6 -207.0000000000
10 -201.0000000000
20 -199.0000000000
21 -197.0000000000
28 -186.0000000000
63 -184.0000000000
102 -182.0000000000
136 -180.0000000000
150 -176.0000000000
173 -174.0000000000
192 -170.0000000000
225 -169.0000000000
229 -166.0000000000
271 -161.0000000000
304 -160.0000000000
326 -157.0000000000
341 -156.0000000000
381 -153.0000000000
384 -152.0000000000
421 -150.0000000000
424 -149.0000000000
464 -148.0000000000
488 -146.0000000000
504 -145.0000000000
508 -143.0000000000
526 -142.0000000000
552 -139.0000000000
597 -138.0000000000
622 -137.0000000000
633 -135.0000000000
663 -134.0000000000
666 -133.0000000000
667 -131.0000000000
727 -130.0000000000
743 -128.0000000000
789 -126.0000000000
823 -122.0000000000
836 -121.0000000000
912 -119.0000000000
919 -118.0000000000
964 -117.0000000000
972 -113.0000000000
989 -111.0000000000
1070 -109.0000000000
1144 -108.0000000000
1177 -107.0000000000
1187 -105.0000000000
1231 -104.0000000000
1281 -103.0000000000
1305 -100.0000000000
1355 -98.0000000000
1389 -96.0000000000
1427 -95.0000000000
1474 -94.0000000000
1487 -93.0000000000
1509 -92.0000000000
1511 -91.0000000000
1550 -90.0000000000
1579 -89.0000000000
1616 -87.0000000000
1621 -84.0000000000
1715 -83.0000000000
1744 -82.0000000000
1785 -81.0000000000
1789 -80.0000000000
1828 -78.0000000000
1887 -76.0000000000
1904 -75.0000000000
1948 -74.0000000000
1962 -73.0000000000
1996 -72.0000000000
2022 -70.0000000000
2066 -69.0000000000
2106 -68.0000000000
2120 -67.0000000000
2141 -66.0000000000
2161 -65.0000000000
2181 -64.0000000000
2245 -62.0000000000
2295 -61.0000000000
2302 -60.0000000000
2321 -59.0000000000
2392 -56.0000000000
2467 -55.0000000000
2520 -54.0000000000
2586 -53.0000000000
2630 -52.0000000000
2641 -51.0000000000
2682 -50.0000000000
2778 -49.0000000000
2844 -48.0000000000
2872 -46.0000000000
2921 -44.0000000000
3011 -43.0000000000
3061 -42.0000000000
3073 -41.0000000000
3120 -39.0000000000
3209 -38.0000000000
3226 -37.0000000000
3239 -36.0000000000
3315 -35.0000000000
3346 -33.0000000000
3353 -32.0000000000
3448 -31.0000000000
3462 -30.0000000000
3513 -29.0000000000
3519 -28.0000000000
3629 -27.0000000000
3689 -26.0000000000
3719 -25.0000000000
3801 -24.0000000000
3814 -23.0000000000
3883 -22.0000000000
3952 -21.0000000000
3982 -20.0000000000
4053 -19.0000000000
4070 -18.0000000000
4119 -17.0000000000
4127 -16.0000000000
4174 -15.0000000000
4249 -14.0000000000
4251 -13.0000000000
4274 -12.0000000000
4344 -11.0000000000
4361 -10.0000000000
4396 -9.0000000000
4538 -8.0000000000
4549 -7.0000000000
4612 -6.0000000000
4700 -5.0000000000
4874 -4.0000000000
4976 -3.0000000000
5124 -2.0000000000
5142 -1.0000000000
5492 385.0000000000
5508 386.0000000000
6258 398.0000000000
6307 400.0000000000
6351 401.0000000000
6381 408.0000000000
7433 409.0000000000
7607 414.0000000000
8328 415.0000000000
8552 418.0000000000
14187 419.0000000000
17690 423.0000000000
23133 426.0000000000
26786 427.0000000000
26840 428.0000000000
38371 429.0000000000
57496 430.0000000000
59771 431.0000000000
100020 -1.0000000000
evaluations raw_y
1 -205.0000000000
2 -199.0000000000
4 -197.0000000000
9 -194.0000000000
46 -185.0000000000
80 -180.0000000000
100 -179.0000000000
105 -178.0000000000
107 -177.0000000000
114 -175.0000000000
124 -170.0000000000
132 -162.0000000000
158 -160.0000000000
160 -159.0000000000
165 -157.0000000000
183 -156.0000000000
194 -147.0000000000
233 -141.0000000000
268 -139.0000000000
309 -137.0000000000
312 -136.0000000000
330 -135.0000000000
341 -134.0000000000
344 -133.0000000000
363 -129.0000000000
393 -127.0000000000
427 -125.0000000000
462 -123.0000000000
470 -120.0000000000
484 -119.0000000000
505 -117.0000000000
553 -115.0000000000
582 -114.0000000000
598 -111.0000000000
630 -109.0000000000
646 -107.0000000000
664 -105.0000000000
702 -104.0000000000
742 -103.0000000000
752 -102.0000000000
766 -101.0000000000
784 -99.0000000000
829 -98.0000000000
836 -96.0000000000
864 -95.0000000000
866 -94.0000000000
901 -93.0000000000
923 -91.0000000000
995 -90.0000000000
1000 -89.0000000000
1058 -88.0000000000
1062 -87.0000000000
1102 -85.0000000000
1141 -81.0000000000
1203 -80.0000000000
1262 -79.0000000000
1276 -78.0000000000
1291 -77.0000000000
1346 -76.0000000000
1360 -74.0000000000
1392 -73.0000000000
1415 -70.0000000000
1436 -69.0000000000
1471 -68.0000000000
1503 -67.0000000000
1524 -66.0000000000
1548 -65.0000000000
1571 -64.0000000000
1616 -63.0000000000
1661 -61.0000000000
1704 -60.0000000000
1705 -58.0000000000
1757 -57.0000000000
1798 -56.0000000000
1803 -55.0000000000
1835 -53.0000000000
1870 -52.0000000000
1923 -51.0000000000
1986 -50.0000000000
1996 -48.0000000000
2063 -46.0000000000
2158 -45.0000000000
2183 -44.0000000000
2266 -42.0000000000
2301 -41.0000000000
2350 -40.0000000000
2354 -39.0000000000
2399 -38.0000000000
2443 -37.0000000000
2477 -36.0000000000
2544 -34.0000000000
2616 -33.0000000000
2625 -32.0000000000
2691 -30.0000000000
2742 -28.0000000000
2798 -27.0000000000
2843 -26.0000000000
2895 -25.0000000000
2901 -24.0000000000
2922 -23.0000000000
2999 -22.0000000000
3071 -21.0000000000
3117 -20.0000000000
3183 -18.0000000000
3273 -17.0000000000
3293 -16.0000000000
3305 -15.0000000000
3350 -14.0000000000
3411 -13.0000000000
3429 -12.0000000000
3505 -11.0000000000
3522 -10.0000000000
3550 -9.0000000000
3623 -8.0000000000
3705 -7.0000000000
3747 -6.0000000000
3790 -5.0000000000
3895 -4.0000000000
3948 -2.0000000000
3977 -1.0000000000
4030 372.0000000000
4040 384.0000000000
4060 388.0000000000
4114 393.0000000000
4171 400.0000000000
4266 402.0000000000
6721 406.0000000000
7117 408.0000000000
7221 409.0000000000
7351 411.0000000000
7386 414.0000000000
7485 415.0000000000
24981 416.0000000000
25145 418.0000000000
26817 419.0000000000
36022 420.0000000000
41181 421.0000000000
41258 423.0000000000
46872 426.0000000000
80028 428.0000000000
80499 430.0000000000
84661 431.0000000000
100020 -1.0000000000
evaluations raw_y
1 -229.0000000000
2 -217.0000000000
3 -202.0000000000
5 -193.0000000000
28 -186.0000000000
67 -177.0000000000
96 -175.0000000000
142 -174.0000000000
145 -173.0000000000
148 -172.0000000000
152 -169.0000000000
154 -168.0000000000
182 -165.0000000000
186 -154.0000000000
261 -153.0000000000
285 -152.0000000000
310 -151.0000000000
311 -150.0000000000
323 -147.0000000000
364 -141.0000000000
381 -138.0000000000
384 -136.0000000000
393 -133.0000000000
442 -130.0000000000
447 -128.0000000000
502 -127.0000000000
522 -126.0000000000
537 -125.0000000000
539 -123.0000000000
555 -122.0000000000
592 -121.0000000000
608 -119.0000000000
628 -118.0000000000
654 -116.0000000000
664 -114.0000000000
717 -112.0000000000
770 -109.0000000000
823 -108.0000000000
848 -107.0000000000
866 -104.0000000000
893 -103.0000000000
902 -102.0000000000
941 -99.0000000000
1004 -97.0000000000
1010 -95.0000000000
1024 -94.0000000000
1067 -91.0000000000
1120 -88.0000000000
1224 -87.0000000000
1230 -85.0000000000
1265 -84.0000000000
1304 -83.0000000000
1310 -82.0000000000
1352 -81.0000000000
1358 -80.0000000000
1384 -79.0000000000
1387 -77.0000000000
1455 -75.0000000000
1501 -74.0000000000
1551 -73.0000000000
1581 -71.0000000000
1622 -68.0000000000
1685 -67.0000000000
1691 -66.0000000000
1751 -65.0000000000
1760 -63.0000000000
1831 -62.0000000000
1839 -61.0000000000
1869 -60.0000000000
1909 -58.0000000000
1950 -57.0000000000
1969 -56.0000000000
2013 -55.0000000000
2028 -53.0000000000
2104 -52.0000000000
2113 -51.0000000000
2142 -50.0000000000
2189 -49.0000000000
2224 -48.0000000000
2249 -47.0000000000
2273 -46.0000000000
2322 -45.0000000000
2336 -44.0000000000
2360 -43.0000000000
2389 -41.0000000000
2438 -40.0000000000
2490 -39.0000000000
2514 -38.0000000000
2608 -37.0000000000
2662 -36.0000000000
2699 -35.0000000000
2713 -34.0000000000
2770 -33.0000000000
2790 -31.0000000000
2871 -30.0000000000
2877 -29.0000000000
2949 -27.0000000000
3028 -26.0000000000
3058 -25.0000000000
3137 -24.0000000000
3156 -22.0000000000
3265 -21.0000000000
3351 -20.0000000000
3382 -19.0000000000
3423 -18.0000000000
3502 -17.0000000000
3547 -15.0000000000
3608 -14.0000000000
3687 -13.0000000000
3736 -12.0000000000
3786 -11.0000000000
3853 -10.0000000000
3901 -9.0000000000
3952 -8.0000000000
4004 -7.0000000000
4023 -4.0000000000
4081 -3.0000000000
4147 -2.0000000000
4184 -1.0000000000
4308 395.0000000000
4370 396.0000000000
4440 405.0000000000
4498 409.0000000000
4514 410.0000000000
4545 414.0000000000
5244 421.0000000000
9517 423.0000000000
10914 428.0000000000
20956 432.0000000000
34744 434.0000000000
100020 -2.0000000000
evaluations raw_y
1 -225.0000000000
2 -210.0000000000
4 -205.0000000000
6 -182.0000000000
25 -180.0000000000
58 -178.0000000000
70 -176.0000000000
73 -174.0000000000
103 -173.0000000000
113 -170.0000000000
127 -169.0000000000
145 -161.0000000000
195 -155.0000000000
229 -152.0000000000
262 -151.0000000000
283 -148.0000000000
299 -147.0000000000
305 -142.0000000000
349 -141.0000000000
359 -139.0000000000
394 -138.0000000000
423 -137.0000000000
430 -132.0000000000
480 -128.0000000000
501 -127.0000000000
517 -126.0000000000
524 -124.0000000000
546 -123.0000000000
579 -122.0000000000
584 -121.0000000000
625 -118.0000000000
673 -117.0000000000
679 -116.0000000000
703 -114.0000000000
708 -113.0000000000
743 -112.0000000000
750 -111.0000000000
752 -109.0000000000
787 -108.0000000000
821 -106.0000000000
865 -104.0000000000
883 -103.0000000000
886 -101.0000000000
945 -99.0000000000
1039 -97.0000000000
1068 -96.0000000000
1071 -93.0000000000
1115 -92.0000000000
1191 -90.0000000000
1205 -88.0000000000
1224 -87.0000000000
1283 -85.0000000000
1301 -83.0000000000
1353 -82.0000000000
1364 -81.0000000000
1422 -80.0000000000
1437 -79.0000000000
1444 -78.0000000000
1475 -77.0000000000
1510 -75.0000000000
1578 -74.0000000000
1616 -73.0000000000
1621 -71.0000000000
1671 -70.0000000000
1703 -69.0000000000
1737 -68.0000000000
1754 -67.0000000000
1765 -66.0000000000
1783 -65.0000000000
1828 -63.0000000000
1852 -62.0000000000
1897 -59.0000000000
1947 -57.0000000000
1981 -55.0000000000
2072 -54.0000000000
2073 -53.0000000000
2126 -51.0000000000
2146 -49.0000000000
2244 -48.0000000000
2265 -47.0000000000
2286 -46.0000000000
2289 -45.0000000000
2337 -44.0000000000
2386 -42.0000000000
2480 -41.0000000000
2506 -40.0000000000
2595 -39.0000000000
2633 -37.0000000000
2727 -36.0000000000
2747 -35.0000000000
2750 -34.0000000000
2791 -33.0000000000
2835 -31.0000000000
2901 -29.0000000000
2961 -28.0000000000
2996 -27.0000000000
3028 -25.0000000000
3032 -24.0000000000
3061 -23.0000000000
3094 -20.0000000000
3173 -19.0000000000
3212 -18.0000000000
3271 -17.0000000000
3324 -16.0000000000
3382 -15.0000000000
3453 -14.0000000000
3505 -13.0000000000
3549 -12.0000000000
3684 -11.0000000000
3713 -10.0000000000
3782 -9.0000000000
3891 -7.0000000000
3948 -6.0000000000
4108 -5.0000000000
4164 -4.0000000000
4185 -3.0000000000
4267 -2.0000000000
4364 404.0000000000
4910 405.0000000000
4991 407.0000000000
5036 414.0000000000
5924 416.0000000000
7795 417.0000000000
8048 419.0000000000
9922 420.0000000000
15605 428.0000000000
18946 429.0000000000
21387 432.0000000000
36255 434.0000000000
100020 -1.0000000000
evaluations raw_y
1 -223.0000000000
2 -209.0000000000
4 -206.0000000000
12 -188.0000000000
21 -183.0000000000
68 -169.0000000000
133 -168.0000000000
137 -167.0000000000
150 -166.0000000000
156 -164.0000000000
160 -160.0000000000
184 -159.0000000000
193 -155.0000000000
206 -144.0000000000
295 -143.0000000000
303 -142.0000000000
306 -139.0000000000
346 -138.0000000000
357 -133.0000000000
405 -131.0000000000
438 -129.0000000000
448 -128.0000000000
466 -125.0000000000
489 -124.0000000000
501 -122.0000000000
510 -118.0000000000
550 -117.0000000000
578 -114.0000000000
583 -110.0000000000
662 -108.0000000000
669 -106.0000000000
704 -105.0000000000
740 -103.0000000000
744 -101.0000000000
794 -99.0000000000
810 -98.0000000000
832 -97.0000000000
864 -95.0000000000
886 -94.0000000000
905 -93.0000000000
947 -92.0000000000
975 -90.0000000000
988 -89.0000000000
1030 -86.0000000000
1064 -84.0000000000
1109 -83.0000000000
1140 -82.0000000000
1145 -81.0000000000
1183 -79.0000000000
1223 -78.0000000000
1269 -76.0000000000
1299 -75.0000000000
1344 -74.0000000000
1349 -73.0000000000
1421 -72.0000000000
1436 -71.0000000000
1469 -69.0000000000
1507 -68.0000000000
1509 -67.0000000000
1558 -65.0000000000
1595 -61.0000000000
1720 -60.0000000000
1758 -59.0000000000
1803 -58.0000000000
1861 -56.0000000000
1898 -55.0000000000
1901 -54.0000000000
1925 -53.0000000000
1974 -52.0000000000
1975 -50.0000000000
1983 -49.0000000000
2022 -46.0000000000
2093 -45.0000000000
2115 -44.0000000000
2185 -42.0000000000
2266 -41.0000000000
2293 -40.0000000000
2313 -39.0000000000
2355 -38.0000000000
2389 -37.0000000000
2457 -36.0000000000
2474 -35.0000000000
2491 -34.0000000000
2521 -33.0000000000
2548 -32.0000000000
2591 -31.0000000000
2617 -30.0000000000
2661 -28.0000000000
2709 -27.0000000000
2759 -26.0000000000
2831 -25.0000000000
2880 -24.0000000000
2892 -23.0000000000
2981 -21.0000000000
3037 -20.0000000000
3062 -19.0000000000
3130 -18.0000000000
3190 -17.0000000000
3233 -16.0000000000
3277 -15.0000000000
3315 -14.0000000000
3393 -13.0000000000
3479 -12.0000000000
3553 -11.0000000000
3612 -10.0000000000
3673 -9.0000000000
3711 -8.0000000000
3749 -7.0000000000
3790 -5.0000000000
3851 -4.0000000000
3927 -2.0000000000
3999 -1.0000000000
4188 385.0000000000
4289 391.0000000000
4292 392.0000000000
4395 397.0000000000
4643 404.0000000000
4746 405.0000000000
4824 406.0000000000
4845 409.0000000000
5451 414.0000000000
5662 417.0000000000
5776 420.0000000000
6406 427.0000000000
10419 428.0000000000
10583 429.0000000000
14499 433.0000000000
32786 435.0000000000
52776 437.0000000000
100020 437.0000000000
evaluations raw_y
1 -209.0000000000
5 -207.0000000000
9 -206.0000000000
14 -204.0000000000
17 -195.0000000000
27 -194.0000000000
32 -191.0000000000
48 -185.0000000000
61 -180.0000000000
71 -174.0000000000
78 -168.0000000000
132 -165.0000000000
145 -164.0000000000
151 -163.0000000000
162 -162.0000000000
181 -156.0000000000
223 -155.0000000000
236 -147.0000000000
268 -146.0000000000
292 -143.0000000000
299 -142.0000000000
306 -141.0000000000
307 -138.0000000000
330 -135.0000000000
351 -134.0000000000
374 -131.0000000000
396 -130.0000000000
397 -127.0000000000
430 -123.0000000000
431 -121.0000000000
433 -119.0000000000
479 -118.0000000000
485 -115.0000000000
513 -114.0000000000
522 -110.0000000000
547 -108.0000000000
606 -107.0000000000
608 -105.0000000000
649 -103.0000000000
655 -101.0000000000
678 -100.0000000000
704 -99.0000000000
708 -98.0000000000
754 -94.0000000000
813 -92.0000000000
842 -91.0000000000
843 -90.0000000000
895 -88.0000000000
913 -87.0000000000
958 -86.0000000000
985 -85.0000000000
997 -83.0000000000
1000 -82.0000000000
1030 -81.0000000000
1073 -80.0000000000
1102 -79.0000000000
1122 -78.0000000000
1139 -77.0000000000
1168 -76.0000000000
1172 -74.0000000000
1237 -73.0000000000
1301 -72.0000000000
1348 -71.0000000000
1360 -70.0000000000
1374 -68.0000000000
1428 -66.0000000000
1483 -65.0000000000
1508 -64.0000000000
1538 -63.0000000000
1541 -62.0000000000
1585 -61.0000000000
1593 -59.0000000000
1620 -58.0000000000
1674 -57.0000000000
1677 -56.0000000000
1701 -55.0000000000
1752 -54.0000000000
1793 -53.0000000000
1827 -51.0000000000
1896 -49.0000000000
1939 -48.0000000000
1989 -47.0000000000
2016 -46.0000000000
2032 -45.0000000000
2085 -44.0000000000
2152 -43.0000000000
2172 -42.0000000000
2184 -41.0000000000
2261 -40.0000000000
2287 -39.0000000000
2364 -38.0000000000
2440 -37.0000000000
2516 -36.0000000000
2548 -35.0000000000
2606 -34.0000000000
2628 -33.0000000000
2687 -30.0000000000
2785 -29.0000000000
2816 -28.0000000000
2873 -27.0000000000
2894 -26.0000000000
2954 -25.0000000000
2957 -24.0000000000
3017 -23.0000000000
3040 -22.0000000000
3117 -21.0000000000
3150 -19.0000000000
3217 -18.0000000000
3261 -17.0000000000
3377 -16.0000000000
3538 -15.0000000000
3674 -14.0000000000
3696 -13.0000000000
3749 -12.0000000000
3836 -11.0000000000
3981 -10.0000000000
4017 -9.0000000000
4111 -8.0000000000
4219 -7.0000000000
4313 -6.0000000000
4383 -5.0000000000
4504 -4.0000000000
4606 -3.0000000000
4622 -2.0000000000
4708 -1.0000000000
4783 361.0000000000
4844 363.0000000000
4847 369.0000000000
4858 378.0000000000
4912 379.0000000000
4917 382.0000000000
4950 389.0000000000
4975 398.0000000000
5120 407.0000000000
5149 409.0000000000
5320 414.0000000000
7172 417.0000000000
16757 418.0000000000
18061 419.0000000000
19838 421.0000000000
20101 422.0000000000
22465 423.0000000000
42465 424.0000000000
48707 426.0000000000
61559 428.0000000000
61740 429.0000000000
73128 431.0000000000
100020 431.0000000000
evaluations raw_y
1 -201.0000000000
14 -192.0000000000
71 -177.0000000000
104 -176.0000000000
105 -175.0000000000
118 -167.0000000000
146 -161.0000000000
181 -160.0000000000
186 -152.0000000000
199 -142.0000000000
226 -139.0000000000
269 -135.0000000000
271 -133.0000000000
308 -129.0000000000
341 -128.0000000000
349 -127.0000000000
374 -122.0000000000
386 -117.0000000000
407 -112.0000000000
443 -110.0000000000
463 -109.0000000000
503 -102.0000000000
547 -98.0000000000
591 -96.0000000000
621 -95.0000000000
640 -94.0000000000
665 -93.0000000000
686 -91.0000000000
718 -90.0000000000
742 -88.0000000000
795 -87.0000000000
802 -86.0000000000
833 -85.0000000000
871 -84.0000000000
901 -83.0000000000
918 -81.0000000000
966 -79.0000000000
1002 -76.0000000000
1039 -75.0000000000
1091 -74.0000000000
1132 -73.0000000000
1148 -72.0000000000
1205 -71.0000000000
1210 -70.0000000000
1234 -68.0000000000
1273 -67.0000000000
1327 -65.0000000000
1384 -64.0000000000
1403 -63.0000000000
1440 -62.0000000000
1460 -61.0000000000
1461 -60.0000000000
1473 -59.0000000000
1531 -58.0000000000
1550 -57.0000000000
1592 -56.0000000000
1600 -54.0000000000
1630 -53.0000000000
1681 -52.0000000000
1706 -51.0000000000
1753 -50.0000000000
1785 -49.0000000000
1850 -46.0000000000
1900 -45.0000000000
1923 -44.0000000000
1961 -43.0000000000
2017 -42.0000000000
2028 -41.0000000000
2102 -40.0000000000
2151 -39.0000000000
2240 -37.0000000000
2316 -36.0000000000
2357 -35.0000000000
2396 -34.0000000000
2436 -33.0000000000
2457 -32.0000000000
2510 -31.0000000000
2590 -30.0000000000
2601 -29.0000000000
2658 -28.0000000000
2691 -27.0000000000
2729 -26.0000000000
2744 -25.0000000000
2840 -24.0000000000
2906 -23.0000000000
2958 -22.0000000000
3034 -21.0000000000
3104 -20.0000000000
3142 -19.0000000000
3164 -18.0000000000
3233 -17.0000000000
3317 -16.0000000000
3341 -15.0000000000
3381 -14.0000000000
3427 -13.0000000000
3480 -12.0000000000
3549 -11.0000000000
3640 -10.0000000000
3705 -9.0000000000
3759 -8.0000000000
3831 -7.0000000000
3903 -6.0000000000
3984 -5.0000000000
4092 -4.0000000000
4126 -3.0000000000
4216 -2.0000000000
4304 -1.0000000000
4421 384.0000000000
4442 389.0000000000
4507 391.0000000000
4612 393.0000000000
4623 396.0000000000
4647 402.0000000000
4751 409.0000000000
4783 413.0000000000
5391 415.0000000000
5532 416.0000000000
5729 417.0000000000
5781 418.0000000000
7846 420.0000000000
7905 421.0000000000
15467 426.0000000000
29827 428.0000000000
42223 429.0000000000
42389 431.0000000000
42660 433.0000000000
47761 434.0000000000
100020 -2.0000000000
evaluations raw_y
1 -217.0000000000
3 -204.0000000000
5 -188.0000000000
48 -184.0000000000
64 -183.0000000000
80 -182.0000000000
83 -179.0000000000
102 -171.0000000000
117 -170.0000000000
144 -165.0000000000
170 -159.0000000000
189 -158.0000000000
200 -157.0000000000
218 -154.0000000000
230 -152.0000000000
259 -151.0000000000
268 -147.0000000000
270 -145.0000000000
273 -144.0000000000
313 -140.0000000000
315 -136.0000000000
357 -134.0000000000
381 -130.0000000000
385 -127.0000000000
425 -126.0000000000
438 -122.0000000000
505 -120.0000000000
536 -118.0000000000
552 -117.0000000000
574 -115.0000000000
613 -114.0000000000
624 -112.0000000000
643 -111.0000000000
678 -110.0000000000
694 -109.0000000000
728 -107.0000000000
756 -106.0000000000
785 -105.0000000000
795 -103.0000000000
827 -102.0000000000
835 -101.0000000000
862 -100.0000000000
874 -99.0000000000
897 -98.0000000000
942 -96.0000000000
953 -95.0000000000
983 -94.0000000000
995 -92.0000000000
1050 -90.0000000000
1101 -89.0000000000
1105 -87.0000000000
1150 -85.0000000000
1166 -84.0000000000
1229 -82.0000000000
1271 -79.0000000000
1347 -78.0000000000
1381 -77.0000000000
1402 -76.0000000000
1421 -75.0000000000
1436 -74.0000000000
1443 -73.0000000000
1479 -71.0000000000
1518 -70.0000000000
1531 -68.0000000000
1584 -67.0000000000
1630 -65.0000000000
1667 -63.0000000000
1704 -62.0000000000
1726 -61.0000000000
1762 -58.0000000000
1834 -57.0000000000
1843 -56.0000000000
1873 -53.0000000000
1944 -50.0000000000
1985 -49.0000000000
2038 -48.0000000000
2046 -47.0000000000
2065 -45.0000000000
2141 -44.0000000000
2180 -43.0000000000
2184 -42.0000000000
2254 -41.0000000000
2255 -40.0000000000
2264 -39.0000000000
2353 -38.0000000000
2384 -37.0000000000
2429 -36.0000000000
2443 -35.0000000000
2503 -33.0000000000
2565 -32.0000000000
2599 -31.0000000000
2743 -30.0000000000
2791 -29.0000000000
2824 -28.0000000000
2878 -27.0000000000
2910 -26.0000000000
2950 -25.0000000000
2951 -24.0000000000
3001 -23.0000000000
3062 -22.0000000000
3144 -21.0000000000
3148 -20.0000000000
3155 -19.0000000000
3192 -17.0000000000
3266 -16.0000000000
3376 -15.0000000000
3462 -14.0000000000
3516 -13.0000000000
3574 -12.0000000000
3615 -11.0000000000
3895 -10.0000000000
3975 -9.0000000000
4043 -8.0000000000
4105 -7.0000000000
4161 -6.0000000000
4245 -5.0000000000
4311 -3.0000000000
4424 -2.0000000000
4502 -1.0000000000
4583 408.0000000000
4688 410.0000000000
4751 411.0000000000
4771 412.0000000000
4859 415.0000000000
4920 416.0000000000
4933 418.0000000000
6308 419.0000000000
6377 421.0000000000
6429 422.0000000000
8657 423.0000000000
9514 424.0000000000
10396 426.0000000000
15192 429.0000000000
27488 430.0000000000
45934 431.0000000000
46881 432.0000000000
100020 432.0000000000
evaluations raw_y
1 -225.0000000000
2 -204.0000000000
9 -201.0000000000
13 -200.0000000000
14 -195.0000000000
28 -190.0000000000
37 -189.0000000000
62 -185.0000000000
63 -176.0000000000
106 -175.0000000000
117 -172.0000000000
144 -171.0000000000
148 -168.0000000000
182 -164.0000000000
184 -163.0000000000
192 -161.0000000000
221 -160.0000000000
229 -159.0000000000
266 -158.0000000000
267 -157.0000000000
271 -156.0000000000
273 -153.0000000000
302 -149.0000000000
305 -147.0000000000
346 -146.0000000000
372 -143.0000000000
382 -142.0000000000
383 -141.0000000000
390 -140.0000000000
395 -138.0000000000
432 -136.0000000000
471 -133.0000000000
490 -130.0000000000
519 -129.0000000000
531 -125.0000000000
552 -124.0000000000
557 -123.0000000000
596 -120.0000000000
642 -116.0000000000
709 -115.0000000000
719 -114.0000000000
746 -113.0000000000
766 -112.0000000000
787 -111.0000000000
799 -110.0000000000
808 -109.0000000000
827 -108.0000000000
840 -107.0000000000
893 -106.0000000000
904 -105.0000000000
938 -103.0000000000
955 -102.0000000000
968 -101.0000000000
995 -100.0000000000
1021 -99.0000000000
1028 -98.0000000000
1105 -94.0000000000
1152 -93.0000000000
1194 -90.0000000000
1225 -89.0000000000
1259 -88.0000000000
1282 -86.0000000000
1302 -82.0000000000
1398 -81.0000000000
1448 -79.0000000000
1499 -78.0000000000
1507 -77.0000000000
1541 -76.0000000000
1564 -75.0000000000
1595 -74.0000000000
1630 -72.0000000000
1661 -71.0000000000
1691 -70.0000000000
1719 -69.0000000000
1746 -67.0000000000
1752 -63.0000000000
1836 -62.0000000000
1843 -61.0000000000
1867 -60.0000000000
1878 -58.0000000000
1970 -57.0000000000
2005 -56.0000000000
2010 -55.0000000000
2030 -54.0000000000
2061 -53.0000000000
2074 -52.0000000000
2102 -51.0000000000
2107 -50.0000000000
2144 -49.0000000000
2187 -48.0000000000
2191 -47.0000000000
2224 -46.0000000000
2261 -45.0000000000
2312 -44.0000000000
2332 -42.0000000000
2354 -40.0000000000
2382 -39.0000000000
2448 -38.0000000000
2479 -37.0000000000
2513 -36.0000000000
2544 -35.0000000000
2581 -34.0000000000
2611 -33.0000000000
2691 -32.0000000000
2778 -31.0000000000
2784 -30.0000000000
2824 -29.0000000000
2860 -28.0000000000
2908 -26.0000000000
2987 -25.0000000000
3027 -24.0000000000
3085 -23.0000000000
3128 -22.0000000000
3187 -21.0000000000
3293 -20.0000000000
3352 -19.0000000000
3396 -17.0000000000
3476 -15.0000000000
3567 -14.0000000000
3678 -13.0000000000
3750 -12.0000000000
3810 -11.0000000000
3963 -10.0000000000
4052 -9.0000000000
4134 -8.0000000000
4190 -7.0000000000
4320 -6.0000000000
4356 -5.0000000000
4501 -4.0000000000
4633 -3.0000000000
4761 -2.0000000000
4789 -1.0000000000
4955 383.0000000000
5064 385.0000000000
5097 394.0000000000
5123 400.0000000000
5146 403.0000000000
5659 405.0000000000
5705 406.0000000000
5707 409.0000000000
5714 413.0000000000
5848 415.0000000000
9844 423.0000000000
9943 428.0000000000
12206 431.0000000000
17429 434.0000000000
27261 437.0000000000
35052 439.0000000000
100020 -3.0000000000
evaluations raw_y
1 -224.0000000000
2 -218.0000000000
3 -202.0000000000
7 -201.0000000000
31 -197.0000000000
38 -196.0000000000
49 -195.0000000000
59 -194.0000000000
62 -193.0000000000
64 -192.0000000000
83 -186.0000000000
103 -185.0000000000
108 -181.0000000000
121 -179.0000000000
163 -167.0000000000
189 -163.0000000000
223 -161.0000000000
241 -157.0000000000
252 -156.0000000000
264 -152.0000000000
302 -151.0000000000
310 -148.0000000000
314 -145.0000000000
348 -144.0000000000
368 -143.0000000000
386 -139.0000000000
428 -137.0000000000
456 -135.0000000000
474 -133.0000000000
477 -128.0000000000
503 -126.0000000000
542 -124.0000000000
565 -122.0000000000
577 -121.0000000000
584 -119.0000000000
632 -118.0000000000
646 -112.0000000000
678 -111.0000000000
701 -109.0000000000
748 -106.0000000000
783 -104.0000000000
825 -103.0000000000
846 -102.0000000000
874 -101.0000000000
905 -100.0000000000
941 -99.0000000000
964 -98.0000000000
1000 -97.0000000000
1010 -96.0000000000
1030 -94.0000000000
1101 -90.0000000000
1185 -88.0000000000
1232 -87.0000000000
1260 -86.0000000000
1264 -82.0000000000
1304 -81.0000000000
1342 -80.0000000000
1416 -79.0000000000
1421 -78.0000000000
1458 -77.0000000000
1477 -76.0000000000
1512 -75.0000000000
1541 -72.0000000000
1596 -71.0000000000
1624 -68.0000000000
1702 -67.0000000000
1746 -66.0000000000
1756 -65.0000000000
1786 -64.0000000000
1834 -61.0000000000
1903 -60.0000000000
1916 -59.0000000000
1941 -58.0000000000
1987 -57.0000000000
2062 -56.0000000000
2073 -55.0000000000
2075 -54.0000000000
2097 -53.0000000000
2147 -50.0000000000
2241 -49.0000000000
2267 -48.0000000000
2318 -47.0000000000
2353 -46.0000000000
2393 -45.0000000000
2472 -44.0000000000
2495 -43.0000000000
2559 -41.0000000000
2582 -39.0000000000
2660 -38.0000000000
2721 -37.0000000000
2765 -36.0000000000
2782 -35.0000000000
2809 -34.0000000000
2907 -32.0000000000
2950 -31.0000000000
3024 -30.0000000000
3039 -29.0000000000
3111 -28.0000000000
3141 -27.0000000000
3199 -26.0000000000
3242 -25.0000000000
3273 -23.0000000000
3338 -22.0000000000
3383 -20.0000000000
3483 -19.0000000000
3557 -18.0000000000
3632 -17.0000000000
3704 -16.0000000000
3749 -15.0000000000
3844 -13.0000000000
3916 -12.0000000000
4011 -11.0000000000
4045 -10.0000000000
4080 -9.0000000000
4101 -7.0000000000
4192 -6.0000000000
4239 -5.0000000000
4261 -4.0000000000
4310 -3.0000000000
4369 -2.0000000000
4384 -1.0000000000
4431 397.0000000000
4513 398.0000000000
4675 406.0000000000
5089 407.0000000000
5551 412.0000000000
6819 419.0000000000
7204 420.0000000000
11215 421.0000000000
12423 424.0000000000
13693 425.0000000000
14671 426.0000000000
20928 428.0000000000
26059 429.0000000000
26405 432.0000000000
84769 433.0000000000
95216 434.0000000000
100020 -2.0000000000
evaluations raw_y
1 -220.0000000000
2 -201.0000000000
11 -200.0000000000
20 -196.0000000000
24 -191.0000000000
40 -186.0000000000
69 -175.0000000000
95 -174.0000000000
114 -173.0000000000
117 -168.0000000000
144 -166.0000000000
173 -164.0000000000
182 -158.0000000000
226 -149.0000000000
268 -147.0000000000
303 -144.0000000000
322 -143.0000000000
328 -140.0000000000
361 -136.0000000000
410 -132.0000000000
432 -125.0000000000
469 -124.0000000000
517 -121.0000000000
547 -118.0000000000
583 -117.0000000000
617 -116.0000000000
627 -115.0000000000
636 -114.0000000000
665 -112.0000000000
704 -111.0000000000
731 -110.0000000000
741 -109.0000000000
750 -108.0000000000
766 -107.0000000000
790 -106.0000000000
794 -103.0000000000
856 -102.0000000000
872 -100.0000000000
942 -99.0000000000
953 -98.0000000000
969 -97.0000000000
1021 -95.0000000000
1024 -94.0000000000
1066 -92.0000000000
1112 -91.0000000000
1144 -89.0000000000
1192 -88.0000000000
1223 -86.0000000000
1270 -84.0000000000
1271 -83.0000000000
1278 -82.0000000000
1309 -81.0000000000
1373 -78.0000000000
1391 -77.0000000000
1420 -76.0000000000
1507 -75.0000000000
1510 -74.0000000000
1528 -73.0000000000
1555 -72.0000000000
1620 -71.0000000000
1624 -70.0000000000
1642 -69.0000000000
1716 -68.0000000000
1730 -67.0000000000
1747 -66.0000000000
1795 -65.0000000000
1824 -64.0000000000
1866 -63.0000000000
1871 -62.0000000000
1918 -61.0000000000
1962 -59.0000000000
1998 -58.0000000000
2004 -57.0000000000
2071 -55.0000000000
2109 -54.0000000000
2120 -53.0000000000
2192 -52.0000000000
2227 -51.0000000000
2261 -50.0000000000
2266 -48.0000000000
2341 -47.0000000000
2387 -46.0000000000
2396 -45.0000000000
2443 -43.0000000000
2503 -42.0000000000
2550 -41.0000000000
2556 -40.0000000000
2613 -39.0000000000
2628 -38.0000000000
2672 -36.0000000000
2778 -35.0000000000
2790 -34.0000000000
2822 -33.0000000000
2891 -31.0000000000
2961 -30.0000000000
3000 -29.0000000000
3066 -28.0000000000
3094 -26.0000000000
3182 -25.0000000000
3255 -24.0000000000
3275 -23.0000000000
3306 -22.0000000000
3381 -21.0000000000
3395 -20.0000000000
3427 -19.0000000000
3511 -18.0000000000
3515 -17.0000000000
3572 -16.0000000000
3641 -15.0000000000
3714 -14.0000000000
3757 -13.0000000000
3786 -12.0000000000
3815 -11.0000000000
3842 -10.0000000000
3987 -9.0000000000
3995 -8.0000000000
4068 -7.0000000000
4087 -6.0000000000
4102 -5.0000000000
4200 -4.0000000000
4320 -3.0000000000
4408 -2.0000000000
4480 -1.0000000000
4590 354.0000000000
4603 360.0000000000
4628 375.0000000000
4810 385.0000000000
4908 400.0000000000
4979 401.0000000000
5089 408.0000000000
6187 409.0000000000
6262 411.0000000000
6285 413.0000000000
6323 414.0000000000
6413 415.0000000000
7130 417.0000000000
9394 420.0000000000
9676 422.0000000000
10235 424.0000000000
10580 428.0000000000
11569 430.0000000000
18012 431.0000000000
76936 432.0000000000
100020 -1.0000000000
evaluations raw_y
1 -219.0000000000
3 -205.0000000000
10 -185.0000000000
67 -177.0000000000
79 -175.0000000000
111 -169.0000000000
141 -168.0000000000
159 -166.0000000000
164 -164.0000000000
171 -163.0000000000
187 -162.0000000000
191 -157.0000000000
196 -156.0000000000
226 -154.0000000000
235 -152.0000000000
264 -151.0000000000
268 -150.0000000000
270 -149.0000000000
271 -145.0000000000
303 -137.0000000000
311 -135.0000000000
359 -131.0000000000
387 -123.0000000000
421 -121.0000000000
474 -115.0000000000
512 -114.0000000000
517 -113.0000000000
536 -112.0000000000
546 -111.0000000000
549 -109.0000000000
570 -104.0000000000
595 -103.0000000000
634 -102.0000000000
662 -101.0000000000
682 -99.0000000000
706 -98.0000000000
707 -97.0000000000
728 -93.0000000000
777 -92.0000000000
783 -91.0000000000
824 -90.0000000000
843 -89.0000000000
871 -88.0000000000
884 -87.0000000000
907 -86.0000000000
943 -85.0000000000
952 -84.0000000000
993 -83.0000000000
1002 -81.0000000000
1023 -80.0000000000
1078 -79.0000000000
1111 -76.0000000000
1157 -75.0000000000
1182 -73.0000000000
1250 -71.0000000000
1314 -69.0000000000
1348 -68.0000000000
1353 -66.0000000000
1396 -65.0000000000
1440 -63.0000000000
1513 -62.0000000000
1532 -61.0000000000
1544 -60.0000000000
1631 -59.0000000000
1653 -58.0000000000
1670 -57.0000000000
1701 -56.0000000000
1779 -55.0000000000
1792 -54.0000000000
1827 -53.0000000000
1864 -50.0000000000
1918 -49.0000000000
1944 -48.0000000000
1976 -46.0000000000
2014 -45.0000000000
2070 -44.0000000000
2101 -42.0000000000
2166 -41.0000000000
2208 -40.0000000000
2228 -39.0000000000
2264 -38.0000000000
2341 -37.0000000000
2365 -36.0000000000
2384 -35.0000000000
2385 -34.0000000000
2437 -33.0000000000
2475 -32.0000000000
2477 -31.0000000000
2546 -30.0000000000
2576 -29.0000000000
2588 -27.0000000000
2633 -26.0000000000
2705 -25.0000000000
2745 -23.0000000000
2841 -22.0000000000
2859 -21.0000000000
2903 -20.0000000000
2910 -19.0000000000
3006 -18.0000000000
3084 -17.0000000000
3135 -16.0000000000
3172 -15.0000000000
3221 -14.0000000000
3261 -13.0000000000
3314 -12.0000000000
3343 -11.0000000000
3408 -10.0000000000
3417 -9.0000000000
3502 -7.0000000000
3592 -6.0000000000
3701 -5.0000000000
3733 -4.0000000000
3773 -3.0000000000
3888 -2.0000000000
3911 -1.0000000000
4213 396.0000000000
4550 399.0000000000
4583 402.0000000000
5122 406.0000000000
5184 407.0000000000
5240 410.0000000000
5255 411.0000000000
5320 412.0000000000
5433 414.0000000000
5517 418.0000000000
18161 422.0000000000
40270 424.0000000000
57232 425.0000000000
82367 426.0000000000
82485 427.0000000000
82573 429.0000000000
100020 -2.0000000000
evaluations raw_y
1 -210.0000000000
7 -202.0000000000
34 -199.0000000000
63 -196.0000000000
75 -184.0000000000
130 -173.0000000000
141 -170.0000000000
143 -166.0000000000
187 -163.0000000000
222 -157.0000000000
239 -156.0000000000
255 -152.0000000000
283 -150.0000000000
288 -147.0000000000
302 -143.0000000000
348 -141.0000000000
364 -140.0000000000
382 -138.0000000000
394 -137.0000000000
418 -133.0000000000
431 -129.0000000000
443 -128.0000000000
465 -127.0000000000
470 -125.0000000000
503 -123.0000000000
545 -121.0000000000
555 -120.0000000000
564 -119.0000000000
585 -118.0000000000
599 -117.0000000000
625 -114.0000000000
639 -113.0000000000
665 -112.0000000000
694 -111.0000000000
698 -109.0000000000
723 -108.0000000000
750 -107.0000000000
797 -105.0000000000
815 -104.0000000000
833 -103.0000000000
849 -102.0000000000
892 -101.0000000000
902 -100.0000000000
911 -98.0000000000
952 -96.0000000000
966 -93.0000000000
986 -91.0000000000
1062 -89.0000000000
1065 -88.0000000000
1114 -86.0000000000
1142 -85.0000000000
1166 -84.0000000000
1167 -83.0000000000
1200 -81.0000000000
1255 -80.0000000000
1267 -79.0000000000
1279 -78.0000000000
1315 -76.0000000000
1341 -75.0000000000
1357 -73.0000000000
1422 -72.0000000000
1437 -71.0000000000
1463 -68.0000000000
1514 -66.0000000000
1545 -65.0000000000
1598 -62.0000000000
1664 -61.0000000000
1705 -59.0000000000
1741 -58.0000000000
1796 -57.0000000000
1798 -55.0000000000
1874 -53.0000000000
1899 -52.0000000000
1946 -51.0000000000
2015 -50.0000000000
2022 -49.0000000000
2131 -48.0000000000
2141 -47.0000000000
2189 -46.0000000000
2233 -44.0000000000
2310 -42.0000000000
2382 -41.0000000000
2409 -40.0000000000
2457 -39.0000000000
2500 -38.0000000000
2504 -37.0000000000
2573 -36.0000000000
2589 -34.0000000000
2601 -33.0000000000
2668 -32.0000000000
2702 -31.0000000000
2746 -29.0000000000
2808 -28.0000000000
2844 -27.0000000000
2915 -26.0000000000
2973 -25.0000000000
3031 -23.0000000000
3124 -22.0000000000
3135 -21.0000000000
3194 -20.0000000000
3259 -19.0000000000
3303 -18.0000000000
3342 -17.0000000000
3381 -16.0000000000
3428 -15.0000000000
3480 -14.0000000000
3581 -13.0000000000
3643 -12.0000000000
3739 -11.0000000000
3816 -10.0000000000
3917 -9.0000000000
4018 -8.0000000000
4107 -7.0000000000
4142 -6.0000000000
4195 -5.0000000000
4261 -4.0000000000
4331 -3.0000000000
4403 -2.0000000000
4414 -1.0000000000
4537 370.0000000000
4541 373.0000000000
4670 384.0000000000
5351 395.0000000000
5468 400.0000000000
5504 401.0000000000
5559 405.0000000000
5682 407.0000000000
5857 412.0000000000
5919 414.0000000000
6025 420.0000000000
8416 423.0000000000
8523 426.0000000000
8700 428.0000000000
14610 429.0000000000
34917 431.0000000000
38464 432.0000000000
100020 -1.0000000000
evaluations raw_y
1 -227.0000000000
2 -190.0000000000
53 -188.0000000000
71 -183.0000000000
74 -181.0000000000
95 -174.0000000000
107 -168.0000000000
131 -167.0000000000
145 -166.0000000000
168 -165.0000000000
184 -164.0000000000
185 -161.0000000000
195 -160.0000000000
214 -155.0000000000
249 -153.0000000000
270 -151.0000000000
276 -150.0000000000
302 -145.0000000000
305 -142.0000000000
354 -140.0000000000
389 -136.0000000000
429 -133.0000000000
468 -132.0000000000
475 -131.0000000000
507 -129.0000000000
533 -128.0000000000
556 -127.0000000000
573 -126.0000000000
587 -124.0000000000
623 -123.0000000000
632 -122.0000000000
664 -120.0000000000
666 -119.0000000000
667 -118.0000000000
722 -117.0000000000
742 -116.0000000000
765 -115.0000000000
790 -114.0000000000
829 -112.0000000000
861 -108.0000000000
910 -107.0000000000
949 -106.0000000000
970 -105.0000000000
989 -104.0000000000
998 -103.0000000000
1023 -101.0000000000
1069 -100.0000000000
1101 -99.0000000000
1104 -97.0000000000
1156 -94.0000000000
1210 -93.0000000000
1225 -92.0000000000
1278 -91.0000000000
1303 -89.0000000000
1350 -88.0000000000
1384 -87.0000000000
1419 -86.0000000000
1426 -84.0000000000
1467 -83.0000000000
1476 -82.0000000000
1551 -79.0000000000
1588 -78.0000000000
1637 -77.0000000000
1654 -76.0000000000
1686 -75.0000000000
1702 -74.0000000000
1711 -73.0000000000
1767 -72.0000000000
1794 -70.0000000000
1865 -68.0000000000
1967 -67.0000000000
1983 -66.0000000000
2038 -65.0000000000
2095 -64.0000000000
2114 -63.0000000000
2142 -62.0000000000
2195 -61.0000000000
2210 -60.0000000000
2228 -59.0000000000
2243 -58.0000000000
2290 -57.0000000000
2305 -56.0000000000
2345 -54.0000000000
2385 -53.0000000000
2407 -52.0000000000
2443 -51.0000000000
2469 -50.0000000000
2504 -49.0000000000
2542 -48.0000000000
2587 -47.0000000000
2594 -46.0000000000
2630 -44.0000000000
2663 -43.0000000000
2706 -42.0000000000
2732 -40.0000000000
2754 -38.0000000000
2803 -37.0000000000
2869 -36.0000000000
2911 -35.0000000000
2913 -34.0000000000
2995 -33.0000000000
3075 -32.0000000000
3113 -31.0000000000
3156 -30.0000000000
3233 -29.0000000000
3248 -28.0000000000
3273 -27.0000000000
3320 -26.0000000000
3381 -25.0000000000
3454 -24.0000000000
3485 -23.0000000000
3490 -22.0000000000
3541 -21.0000000000
3578 -20.0000000000
3622 -19.0000000000
3673 -18.0000000000
3706 -17.0000000000
3749 -16.0000000000
3837 -15.0000000000
3900 -14.0000000000
3941 -12.0000000000
4077 -11.0000000000
4126 -10.0000000000
4188 -9.0000000000
4224 -8.0000000000
4315 -7.0000000000
4400 -6.0000000000
4481 -5.0000000000
4521 -4.0000000000
4588 -3.0000000000
4676 -2.0000000000
4716 -1.0000000000
4790 390.0000000000
4867 401.0000000000
4910 406.0000000000
6023 410.0000000000
6104 411.0000000000
6152 414.0000000000
7072 417.0000000000
7651 418.0000000000
10868 420.0000000000
11845 423.0000000000
13025 425.0000000000
15483 427.0000000000
37516 429.0000000000
69451 431.0000000000
77313 432.0000000000
100020 -2.0000000000
evaluations raw_y
1 -226.0000000000
2 -212.0000000000
4 -205.0000000000
24 -202.0000000000
34 -197.0000000000
51 -191.0000000000
70 -185.0000000000
85 -181.0000000000
101 -178.0000000000
152 -174.0000000000
178 -169.0000000000
195 -168.0000000000
223 -162.0000000000
231 -161.0000000000
263 -158.0000000000
267 -157.0000000000
300 -156.0000000000
302 -154.0000000000
328 -151.0000000000
336 -148.0000000000
346 -144.0000000000
391 -143.0000000000
396 -141.0000000000
420 -136.0000000000
427 -134.0000000000
464 -130.0000000000
507 -127.0000000000
512 -125.0000000000
544 -123.0000000000
548 -122.0000000000
566 -121.0000000000
602 -118.0000000000
628 -117.0000000000
667 -116.0000000000
701 -113.0000000000
741 -112.0000000000
762 -111.0000000000
781 -109.0000000000
831 -108.0000000000
862 -106.0000000000
910 -105.0000000000
922 -103.0000000000
946 -102.0000000000
981 -101.0000000000
1027 -99.0000000000
1037 -98.0000000000
1065 -97.0000000000
1077 -96.0000000000
1114 -95.0000000000
1143 -94.0000000000
1180 -93.0000000000
1195 -92.0000000000
1212 -90.0000000000
1265 -89.0000000000
1276 -88.0000000000
1309 -87.0000000000
1365 -86.0000000000
1389 -85.0000000000
1414 -83.0000000000
1437 -82.0000000000
1478 -81.0000000000
1481 -80.0000000000
1484 -79.0000000000
1503 -78.0000000000
1548 -76.0000000000
1603 -75.0000000000
1616 -74.0000000000
1651 -73.0000000000
1669 -72.0000000000
1705 -71.0000000000
1732 -70.0000000000
1751 -69.0000000000
1754 -68.0000000000
1785 -67.0000000000
1834 -66.0000000000
1862 -65.0000000000
1873 -64.0000000000
1889 -63.0000000000
1922 -62.0000000000
1951 -61.0000000000
1965 -60.0000000000
1983 -59.0000000000
2026 -58.0000000000
2047 -56.0000000000
2078 -55.0000000000
2117 -54.0000000000
2169 -53.0000000000
2174 -52.0000000000
2206 -51.0000000000
2233 -50.0000000000
2263 -49.0000000000
2274 -47.0000000000
2306 -46.0000000000
2364 -45.0000000000
2398 -44.0000000000
2400 -43.0000000000
2437 -42.0000000000
2462 -41.0000000000
2504 -38.0000000000
2601 -37.0000000000
2665 -36.0000000000
2713 -35.0000000000
2790 -34.0000000000
2807 -33.0000000000
2862 -32.0000000000
2891 -31.0000000000
3006 -30.0000000000
3046 -29.0000000000
3113 -28.0000000000
3130 -27.0000000000
3142 -25.0000000000
3267 -24.0000000000
3367 -23.0000000000
3425 -21.0000000000
3537 -20.0000000000
3590 -19.0000000000
3606 -18.0000000000
3665 -17.0000000000
3708 -16.0000000000
3782 -14.0000000000
3837 -13.0000000000
3888 -12.0000000000
3955 -11.0000000000
4025 -10.0000000000
4063 -9.0000000000
4251 -8.0000000000
4412 -7.0000000000
4495 -6.0000000000
4750 -5.0000000000
4902 -4.0000000000
4954 -3.0000000000
5062 -2.0000000000
5118 -1.0000000000
5147 392.0000000000
5329 396.0000000000
5370 398.0000000000
5387 400.0000000000
5423 404.0000000000
5483 406.0000000000
5524 410.0000000000
5550 413.0000000000
5576 414.0000000000
5602 415.0000000000
5624 417.0000000000
5848 419.0000000000
8460 426.0000000000
16401 428.0000000000
22936 429.0000000000
83223 430.0000000000
100020 -1.0000000000
evaluations raw_y
1 -234.0000000000
2 -225.0000000000
3 -206.0000000000
7 -203.0000000000
13 -200.0000000000
24 -196.0000000000
36 -194.0000000000
51 -191.0000000000
64 -189.0000000000
87 -185.0000000000
93 -181.0000000000
109 -176.0000000000
147 -173.0000000000
164 -166.0000000000
182 -163.0000000000
224 -161.0000000000
225 -160.0000000000
233 -159.0000000000
253 -156.0000000000
260 -149.0000000000
304 -148.0000000000
305 -145.0000000000
351 -139.0000000000
382 -137.0000000000
422 -136.0000000000
431 -127.0000000000
462 -123.0000000000
502 -122.0000000000
544 -119.0000000000
573 -118.0000000000
586 -116.0000000000
623 -115.0000000000
625 -114.0000000000
670 -111.0000000000
720 -110.0000000000
742 -109.0000000000
782 -107.0000000000
783 -106.0000000000
791 -105.0000000000
823 -104.0000000000
861 -103.0000000000
875 -101.0000000000
907 -99.0000000000
950 -98.0000000000
952 -97.0000000000
960 -96.0000000000
994 -95.0000000000
1015 -94.0000000000
1053 -93.0000000000
1065 -90.0000000000
1135 -89.0000000000
1145 -88.0000000000
1153 -87.0000000000
1177 -85.0000000000
1194 -84.0000000000
1228 -83.0000000000
1259 -82.0000000000
1279 -81.0000000000
1307 -80.0000000000
1338 -79.0000000000
1350 -78.0000000000
1382 -75.0000000000
1474 -74.0000000000
1476 -71.0000000000
1533 -69.0000000000
1578 -68.0000000000
1588 -66.0000000000
1638 -65.0000000000
1639 -63.0000000000
1711 -62.0000000000
1746 -61.0000000000
1761 -60.0000000000
1797 -59.0000000000
1827 -58.0000000000
1874 -57.0000000000
1914 -55.0000000000
1986 -54.0000000000
2007 -53.0000000000
2053 -52.0000000000
2106 -51.0000000000
2127 -50.0000000000
2150 -49.0000000000
2208 -48.0000000000
2229 -47.0000000000
2256 -46.0000000000
2295 -45.0000000000
2343 -44.0000000000
2395 -43.0000000000
2412 -42.0000000000
2462 -41.0000000000
2520 -40.0000000000
2547 -39.0000000000
2556 -38.0000000000
2626 -37.0000000000
2665 -36.0000000000
2702 -35.0000000000
2704 -32.0000000000
2797 -31.0000000000
2842 -29.0000000000
2863 -28.0000000000
2905 -27.0000000000
2944 -26.0000000000
3023 -25.0000000000
3055 -24.0000000000
3075 -23.0000000000
3115 -22.0000000000
3162 -21.0000000000
3236 -20.0000000000
3272 -18.0000000000
3309 -17.0000000000
3344 -16.0000000000
3380 -15.0000000000
3382 -14.0000000000
3472 -13.0000000000
3500 -12.0000000000
3584 -11.0000000000
3639 -10.0000000000
3709 -9.0000000000
3751 -8.0000000000
3868 -7.0000000000
3883 -6.0000000000
3927 -5.0000000000
3986 -4.0000000000
4043 -3.0000000000
4067 -2.0000000000
4388 -1.0000000000
4591 389.0000000000
5333 392.0000000000
5550 395.0000000000
5868 397.0000000000
5958 402.0000000000
6011 403.0000000000
6031 405.0000000000
6638 406.0000000000
6725 410.0000000000
7586 411.0000000000
7675 415.0000000000
9799 421.0000000000
21710 422.0000000000
21836 423.0000000000
21847 429.0000000000
30699 431.0000000000
36780 433.0000000000
44134 435.0000000000
47465 437.0000000000
71630 438.0000000000
72603 439.0000000000
100020 439.0000000000
evaluations raw_y
1 -231.0000000000
2 -206.0000000000
11 -189.0000000000
14 -184.0000000000
22 -183.0000000000
77 -181.0000000000
85 -179.0000000000
95 -172.0000000000
108 -170.0000000000
132 -162.0000000000
143 -158.0000000000
147 -157.0000000000
196 -154.0000000000
228 -152.0000000000
234 -151.0000000000
255 -150.0000000000
265 -147.0000000000
281 -146.0000000000
302 -144.0000000000
305 -143.0000000000
307 -141.0000000000
325 -137.0000000000
386 -135.0000000000
399 -134.0000000000
414 -129.0000000000
424 -127.0000000000
470 -126.0000000000
473 -124.0000000000
481 -123.0000000000
528 -121.0000000000
543 -120.0000000000
546 -117.0000000000
580 -116.0000000000
587 -114.0000000000
622 -113.0000000000
641 -112.0000000000
667 -109.0000000000
714 -108.0000000000
743 -107.0000000000
746 -106.0000000000
777 -105.0000000000
796 -104.0000000000
802 -102.0000000000
821 -100.0000000000
871 -99.0000000000
889 -98.0000000000
948 -97.0000000000
985 -96.0000000000
987 -95.0000000000
1002 -93.0000000000
1034 -92.0000000000
1038 -91.0000000000
1068 -90.0000000000
1083 -89.0000000000
1099 -86.0000000000
1132 -83.0000000000
1150 -82.0000000000
1193 -80.0000000000
1227 -79.0000000000
1304 -78.0000000000
1357 -77.0000000000
1382 -76.0000000000
1411 -74.0000000000
1451 -73.0000000000
1477 -72.0000000000
1501 -71.0000000000
1509 -70.0000000000
1549 -69.0000000000
1570 -67.0000000000
1651 -66.0000000000
1711 -65.0000000000
1755 -64.0000000000
1776 -63.0000000000
1785 -62.0000000000
1808 -58.0000000000
1881 -57.0000000000
1952 -56.0000000000
1960 -55.0000000000
2024 -54.0000000000
2070 -53.0000000000
2121 -52.0000000000
2148 -51.0000000000
2187 -49.0000000000
2261 -48.0000000000
2305 -47.0000000000
2362 -46.0000000000
2407 -45.0000000000
2462 -44.0000000000
2467 -43.0000000000
2524 -42.0000000000
2564 -40.0000000000
2581 -38.0000000000
2586 -37.0000000000
2637 -35.0000000000
2726 -34.0000000000
2738 -33.0000000000
2769 -32.0000000000
2826 -31.0000000000
2864 -30.0000000000
2956 -28.0000000000
3007 -27.0000000000
3028 -26.0000000000
3062 -25.0000000000
3093 -24.0000000000
3133 -21.0000000000
3196 -20.0000000000
3319 -19.0000000000
3418 -18.0000000000
3543 -17.0000000000
3590 -16.0000000000
3695 -15.0000000000
3728 -14.0000000000
3747 -13.0000000000
3797 -12.0000000000
3833 -11.0000000000
3886 -10.0000000000
3907 -9.0000000000
4015 -8.0000000000
4022 -7.0000000000
4117 -6.0000000000
4178 -5.0000000000
4338 -4.0000000000
4422 -3.0000000000
4549 -2.0000000000
4608 -1.0000000000
4714 378.0000000000
4730 380.0000000000
4744 387.0000000000
4779 391.0000000000
5441 396.0000000000
5557 397.0000000000
5641 399.0000000000
5682 408.0000000000
5788 413.0000000000
5842 415.0000000000
6015 418.0000000000
8178 419.0000000000
8485 420.0000000000
8937 423.0000000000
14826 426.0000000000
16100 429.0000000000
16533 431.0000000000
99228 433.0000000000
100020 -2.0000000000
evaluations raw_y
1 -202.0000000000
8 -200.0000000000
32 -195.0000000000
75 -192.0000000000
101 -185.0000000000
107 -183.0000000000
141 -180.0000000000
144 -173.0000000000
161 -172.0000000000
181 -171.0000000000
198 -169.0000000000
230 -164.0000000000
239 -160.0000000000
265 -158.0000000000
288 -157.0000000000
290 -156.0000000000
309 -155.0000000000
312 -154.0000000000
316 -152.0000000000
329 -150.0000000000
344 -148.0000000000
346 -145.0000000000
356 -144.0000000000
381 -143.0000000000
397 -139.0000000000
431 -136.0000000000
460 -133.0000000000
462 -132.0000000000
468 -130.0000000000
481 -126.0000000000
513 -125.0000000000
541 -121.0000000000
573 -119.0000000000
606 -116.0000000000
623 -115.0000000000
662 -113.0000000000
681 -110.0000000000
702 -109.0000000000
720 -107.0000000000
760 -104.0000000000
821 -101.0000000000
892 -98.0000000000
923 -96.0000000000
952 -95.0000000000
967 -93.0000000000
999 -92.0000000000
1008 -91.0000000000
1038 -90.0000000000
1075 -88.0000000000
1144 -86.0000000000
1181 -85.0000000000
1184 -83.0000000000
1232 -82.0000000000
1264 -81.0000000000
1265 -80.0000000000
1308 -78.0000000000
1334 -76.0000000000
1386 -75.0000000000
1425 -72.0000000000
1431 -71.0000000000
1483 -70.0000000000
1514 -69.0000000000
1557 -68.0000000000
1584 -67.0000000000
1621 -66.0000000000
1649 -65.0000000000
1679 -64.0000000000
1714 -63.0000000000
1723 -62.0000000000
1754 -61.0000000000
1766 -60.0000000000
1822 -57.0000000000
1867 -56.0000000000
1902 -54.0000000000
1930 -53.0000000000
1945 -51.0000000000
2040 -49.0000000000
2087 -48.0000000000
2114 -47.0000000000
2156 -46.0000000000
2182 -45.0000000000
2196 -44.0000000000
2253 -43.0000000000
2345 -42.0000000000
2376 -41.0000000000
2387 -40.0000000000
2425 -39.0000000000
2445 -38.0000000000
2517 -37.0000000000
2583 -35.0000000000
2685 -34.0000000000
2712 -33.0000000000
2715 -30.0000000000
2846 -28.0000000000
2869 -27.0000000000
2901 -26.0000000000
2999 -25.0000000000
3009 -24.0000000000
3069 -23.0000000000
3147 -22.0000000000
3261 -21.0000000000
3345 -20.0000000000
3383 -19.0000000000
3484 -18.0000000000
3510 -17.0000000000
3575 -16.0000000000
3586 -15.0000000000
3605 -14.0000000000
3670 -13.0000000000
3684 -12.0000000000
3820 -11.0000000000
3822 -10.0000000000
3951 -9.0000000000
4026 -8.0000000000
4085 -7.0000000000
4149 -6.0000000000
4220 -5.0000000000
4301 -4.0000000000
4358 -3.0000000000
4464 -2.0000000000
4560 -1.0000000000
4593 387.0000000000
4884 397.0000000000
4932 398.0000000000
5274 403.0000000000
5630 404.0000000000
5705 407.0000000000
8205 409.0000000000
12846 410.0000000000
13454 417.0000000000
13976 418.0000000000
14164 420.0000000000
17983 424.0000000000
67279 427.0000000000
100020 427.0000000000
evaluations raw_y
1 -232.0000000000
2 -211.0000000000
6 -204.0000000000
25 -199.0000000000
33 -192.0000000000
62 -188.0000000000
109 -187.0000000000
115 -186.0000000000
119 -183.0000000000
142 -181.0000000000
145 -177.0000000000
166 -174.0000000000
188 -173.0000000000
191 -161.0000000000
238 -160.0000000000
248 -159.0000000000
251 -158.0000000000
263 -155.0000000000
266 -149.0000000000
328 -143.0000000000
347 -142.0000000000
385 -140.0000000000
396 -136.0000000000
428 -131.0000000000
463 -128.0000000000
468 -127.0000000000
469 -126.0000000000
488 -124.0000000000
519 -123.0000000000
527 -122.0000000000
541 -121.0000000000
550 -117.0000000000
588 -114.0000000000
622 -111.0000000000
650 -110.0000000000
660 -109.0000000000
673 -108.0000000000
678 -107.0000000000
704 -106.0000000000
713 -104.0000000000
725 -99.0000000000
748 -97.0000000000
792 -93.0000000000
821 -92.0000000000
831 -91.0000000000
855 -89.0000000000
867 -87.0000000000
883 -86.0000000000
910 -85.0000000000
942 -83.0000000000
983 -82.0000000000
1019 -81.0000000000
1023 -78.0000000000
1072 -77.0000000000
1142 -76.0000000000
1155 -75.0000000000
1193 -73.0000000000
1271 -72.0000000000
1312 -71.0000000000
1330 -69.0000000000
1405 -68.0000000000
1407 -67.0000000000
1441 -66.0000000000
1525 -65.0000000000
1528 -64.0000000000
1584 -63.0000000000
1602 -62.0000000000
1623 -60.0000000000
1663 -59.0000000000
1669 -58.0000000000
1744 -56.0000000000
1781 -54.0000000000
1837 -53.0000000000
1850 -52.0000000000
1899 -51.0000000000
1905 -50.0000000000
1915 -48.0000000000
1942 -47.0000000000
1966 -46.0000000000
1987 -45.0000000000
2064 -44.0000000000
2103 -43.0000000000
2143 -42.0000000000
2194 -41.0000000000
2262 -40.0000000000
2295 -39.0000000000
2309 -38.0000000000
2338 -37.0000000000
2381 -36.0000000000
2389 -35.0000000000
2423 -34.0000000000
2477 -33.0000000000
2516 -32.0000000000
2569 -31.0000000000
2604 -30.0000000000
2636 -29.0000000000
2663 -28.0000000000
2704 -27.0000000000
2752 -26.0000000000
2790 -25.0000000000
2826 -24.0000000000
2866 -22.0000000000
2962 -21.0000000000
2999 -20.0000000000
3005 -19.0000000000
3052 -17.0000000000
3088 -16.0000000000
3134 -15.0000000000
3161 -14.0000000000
3218 -13.0000000000
3223 -12.0000000000
3314 -11.0000000000
3350 -10.0000000000
3386 -9.0000000000
3471 -8.0000000000
3529 -7.0000000000
3554 -6.0000000000
3634 -5.0000000000
3666 -4.0000000000
3703 -3.0000000000
3751 -2.0000000000
3828 -1.0000000000
3888 397.0000000000
3910 407.0000000000
4528 410.0000000000
4573 411.0000000000
4697 417.0000000000
7077 419.0000000000
7276 422.0000000000
12759 424.0000000000
19436 425.0000000000
25292 426.0000000000
27199 427.0000000000
30568 428.0000000000
30611 429.0000000000
31995 430.0000000000
50168 432.0000000000
54635 433.0000000000
66653 435.0000000000
100020 -1.0000000000
evaluations raw_y
1 -212.0000000000
2 -211.0000000000
6 -207.0000000000
11 -205.0000000000
12 -193.0000000000
59 -186.0000000000
61 -185.0000000000
65 -180.0000000000
103 -176.0000000000
137 -172.0000000000
152 -167.0000000000
184 -165.0000000000
190 -164.0000000000
221 -163.0000000000
225 -160.0000000000
246 -158.0000000000
262 -152.0000000000
281 -150.0000000000
312 -149.0000000000
336 -146.0000000000
347 -145.0000000000
354 -144.0000000000
372 -141.0000000000
384 -140.0000000000
393 -136.0000000000
424 -135.0000000000
459 -134.0000000000
462 -133.0000000000
482 -131.0000000000
500 -130.0000000000
503 -129.0000000000
505 -125.0000000000
542 -124.0000000000
556 -123.0000000000
589 -122.0000000000
620 -120.0000000000
621 -119.0000000000
642 -116.0000000000
670 -115.0000000000
705 -114.0000000000
715 -113.0000000000
749 -111.0000000000
791 -110.0000000000
824 -109.0000000000
828 -108.0000000000
841 -106.0000000000
868 -105.0000000000
923 -101.0000000000
941 -100.0000000000
1006 -99.0000000000
1021 -98.0000000000
1030 -97.0000000000
1067 -96.0000000000
1081 -94.0000000000
1116 -92.0000000000
1150 -91.0000000000
1205 -89.0000000000
1253 -88.0000000000
1278 -87.0000000000
1282 -86.0000000000
1301 -84.0000000000
1343 -83.0000000000
1393 -82.0000000000
1428 -79.0000000000
1505 -78.0000000000
1522 -77.0000000000
1557 -75.0000000000
1609 -74.0000000000
1637 -72.0000000000
1668 -71.0000000000
1696 -69.0000000000
1725 -67.0000000000
1762 -66.0000000000
1789 -65.0000000000
1836 -64.0000000000
1847 -62.0000000000
1921 -61.0000000000
1981 -60.0000000000
2021 -59.0000000000
2036 -58.0000000000
2068 -57.0000000000
2116 -56.0000000000
2160 -55.0000000000
2207 -54.0000000000
2251 -53.0000000000
2258 -51.0000000000
2317 -50.0000000000
2400 -49.0000000000
2416 -48.0000000000
2477 -47.0000000000
2492 -46.0000000000
2503 -45.0000000000
2584 -44.0000000000
2630 -43.0000000000
2661 -42.0000000000
2704 -41.0000000000
2747 -40.0000000000
2805 -39.0000000000
2855 -38.0000000000
2874 -37.0000000000
2948 -36.0000000000
2999 -35.0000000000
3095 -34.0000000000
3135 -33.0000000000
3156 -32.0000000000
3224 -31.0000000000
3269 -30.0000000000
3303 -29.0000000000
3353 -27.0000000000
3421 -26.0000000000
3469 -25.0000000000
3507 -24.0000000000
3541 -23.0000000000
3593 -22.0000000000
3667 -21.0000000000
3766 -20.0000000000
3809 -19.0000000000
3871 -18.0000000000
3910 -17.0000000000
3962 -16.0000000000
4036 -15.0000000000
4066 -14.0000000000
4068 -12.0000000000
4155 -10.0000000000
4459 -9.0000000000
4540 -8.0000000000
4542 -7.0000000000
4638 -6.0000000000
4663 -5.0000000000
4771 -4.0000000000
4786 -3.0000000000
4945 -2.0000000000
5056 -1.0000000000
5064 404.0000000000
5123 410.0000000000
6174 411.0000000000
6369 412.0000000000
6492 413.0000000000
6497 416.0000000000
6539 417.0000000000
6817 419.0000000000
9243 420.0000000000
9296 421.0000000000
9959 423.0000000000
9969 425.0000000000
15155 428.0000000000
17797 430.0000000000
28412 433.0000000000
35093 434.0000000000
100020 -1.0000000000
evaluations raw_y
1 -226.0000000000
2 -215.0000000000
5 -199.0000000000
9 -189.0000000000
68 -188.0000000000
70 -184.0000000000
89 -180.0000000000
104 -179.0000000000
112 -175.0000000000
151 -171.0000000000
188 -168.0000000000
221 -166.0000000000
226 -163.0000000000
229 -160.0000000000
259 -158.0000000000
263 -154.0000000000
301 -153.0000000000
310 -152.0000000000
326 -149.0000000000
329 -148.0000000000
332 -146.0000000000
352 -144.0000000000
360 -141.0000000000
387 -139.0000000000
441 -138.0000000000
463 -137.0000000000
476 -134.0000000000
486 -131.0000000000
505 -128.0000000000
556 -127.0000000000
565 -124.0000000000
590 -121.0000000000
632 -120.0000000000
651 -119.0000000000
654 -118.0000000000
669 -117.0000000000
688 -116.0000000000
718 -114.0000000000
727 -113.0000000000
744 -112.0000000000
768 -109.0000000000
806 -107.0000000000
845 -106.0000000000
849 -105.0000000000
865 -104.0000000000
904 -102.0000000000
946 -100.0000000000
962 -99.0000000000
999 -98.0000000000
1007 -97.0000000000
1025 -96.0000000000
1039 -94.0000000000
1082 -91.0000000000
1112 -89.0000000000
1142 -88.0000000000
1188 -87.0000000000
1189 -86.0000000000
1203 -85.0000000000
1225 -83.0000000000
1266 -81.0000000000
1312 -80.0000000000
1335 -78.0000000000
1381 -77.0000000000
1386 -76.0000000000
1461 -74.0000000000
1506 -73.0000000000
1553 -72.0000000000
1561 -70.0000000000
1568 -68.0000000000
1645 -66.0000000000
1679 -65.0000000000
1711 -64.0000000000
1749 -63.0000000000
1767 -62.0000000000
1800 -61.0000000000
1842 -60.0000000000
1866 -59.0000000000
1901 -58.0000000000
1936 -57.0000000000
1956 -56.0000000000
1993 -55.0000000000
2029 -54.0000000000
2102 -53.0000000000
2111 -52.0000000000
2162 -51.0000000000
2173 -50.0000000000
2183 -49.0000000000
2188 -46.0000000000
2281 -45.0000000000
2295 -44.0000000000
2310 -43.0000000000
2363 -41.0000000000
2473 -40.0000000000
2521 -39.0000000000
2582 -38.0000000000
2616 -37.0000000000
2640 -35.0000000000
2708 -34.0000000000
2752 -33.0000000000
2787 -32.0000000000
2857 -31.0000000000
2861 -30.0000000000
2932 -29.0000000000
2986 -27.0000000000
3069 -26.0000000000
3105 -25.0000000000
3204 -24.0000000000
3286 -23.0000000000
3304 -22.0000000000
3347 -21.0000000000
3364 -20.0000000000
3445 -19.0000000000
3468 -18.0000000000
3501 -17.0000000000
3533 -16.0000000000
3560 -15.0000000000
3607 -14.0000000000
3678 -13.0000000000
3722 -12.0000000000
3813 -10.0000000000
3848 -9.0000000000
3892 -8.0000000000
3949 -7.0000000000
4052 -6.0000000000
4068 -5.0000000000
4276 -4.0000000000
4606 -3.0000000000
4751 -2.0000000000
4834 -1.0000000000
4921 409.0000000000
4935 412.0000000000
6096 418.0000000000
6606 420.0000000000
6984 421.0000000000
7166 424.0000000000
7447 425.0000000000
9036 426.0000000000
10213 427.0000000000
14547 428.0000000000
38091 429.0000000000
38245 432.0000000000
57325 433.0000000000
57867 434.0000000000
100020 -2.0000000000
evaluations raw_y
1 -217.0000000000
3 -203.0000000000
29 -200.0000000000
37 -199.0000000000
39 -198.0000000000
66 -190.0000000000
102 -187.0000000000
103 -181.0000000000
148 -177.0000000000
166 -176.0000000000
167 -170.0000000000
185 -166.0000000000
193 -165.0000000000
212 -162.0000000000
224 -160.0000000000
261 -159.0000000000
270 -158.0000000000
272 -157.0000000000
274 -154.0000000000
309 -152.0000000000
320 -146.0000000000
348 -143.0000000000
372 -142.0000000000
390 -139.0000000000
399 -137.0000000000
442 -136.0000000000
465 -135.0000000000
468 -134.0000000000
504 -133.0000000000
541 -130.0000000000
565 -129.0000000000
588 -126.0000000000
594 -124.0000000000
631 -122.0000000000
648 -120.0000000000
663 -119.0000000000
703 -118.0000000000
705 -117.0000000000
744 -113.0000000000
803 -112.0000000000
822 -111.0000000000
842 -110.0000000000
864 -108.0000000000
868 -107.0000000000
926 -106.0000000000
961 -104.0000000000
969 -103.0000000000
981 -102.0000000000
1020 -99.0000000000
1026 -98.0000000000
1068 -97.0000000000
1087 -95.0000000000
1147 -94.0000000000
1158 -92.0000000000
1211 -90.0000000000
1253 -88.0000000000
1288 -87.0000000000
1336 -86.0000000000
1376 -85.0000000000
1384 -84.0000000000
1389 -83.0000000000
1422 -82.0000000000
1442 -81.0000000000
1481 -80.0000000000
1503 -78.0000000000
1561 -76.0000000000
1610 -73.0000000000
1678 -72.0000000000
1681 -71.0000000000
1710 -70.0000000000
1730 -69.0000000000
1767 -68.0000000000
1832 -67.0000000000
1862 -66.0000000000
1863 -64.0000000000
1902 -60.0000000000
1951 -59.0000000000
2008 -58.0000000000
2063 -57.0000000000
2116 -56.0000000000
2123 -54.0000000000
2145 -53.0000000000
2221 -51.0000000000
2307 -50.0000000000
2342 -49.0000000000
2383 -48.0000000000
2445 -47.0000000000
2480 -45.0000000000
2527 -44.0000000000
2548 -43.0000000000
2635 -42.0000000000
2711 -41.0000000000
2756 -40.0000000000
2783 -39.0000000000
2825 -37.0000000000
2891 -36.0000000000
2907 -35.0000000000
2928 -34.0000000000
2949 -33.0000000000
3029 -32.0000000000
3085 -31.0000000000
3094 -30.0000000000
3150 -29.0000000000
3263 -28.0000000000
3305 -27.0000000000
3360 -26.0000000000
3421 -25.0000000000
3424 -24.0000000000
3426 -23.0000000000
3514 -21.0000000000
3562 -20.0000000000
3631 -19.0000000000
3678 -18.0000000000
3690 -17.0000000000
3752 -16.0000000000
3841 -15.0000000000
3928 -14.0000000000
3947 -13.0000000000
4005 -12.0000000000
4015 -11.0000000000
4190 -10.0000000000
4359 -9.0000000000
4390 -8.0000000000
4468 -7.0000000000
4548 -6.0000000000
4589 -5.0000000000
4627 -4.0000000000
4704 -2.0000000000
4744 379.0000000000
4804 388.0000000000
5069 390.0000000000
5164 394.0000000000
5209 396.0000000000
5251 403.0000000000
6418 405.0000000000
6944 406.0000000000
8244 408.0000000000
8311 410.0000000000
8331 413.0000000000
8466 415.0000000000
8609 417.0000000000
9358 419.0000000000
9537 424.0000000000
20335 425.0000000000
26428 426.0000000000
27525 428.0000000000
31199 431.0000000000
44297 432.0000000000
51755 435.0000000000
100020 -1.0000000000
evaluations raw_y
1 -214.0000000000
4 -212.0000000000
8 -211.0000000000
11 -210.0000000000
12 -209.0000000000
15 -200.0000000000
21 -198.0000000000
61 -196.0000000000
79 -193.0000000000
103 -190.0000000000
111 -183.0000000000
144 -181.0000000000
145 -176.0000000000
184 -174.0000000000
191 -173.0000000000
195 -171.0000000000
206 -170.0000000000
208 -166.0000000000
223 -165.0000000000
247 -164.0000000000
261 -159.0000000000
282 -156.0000000000
284 -155.0000000000
305 -154.0000000000
319 -152.0000000000
331 -148.0000000000
343 -144.0000000000
383 -142.0000000000
402 -137.0000000000
422 -135.0000000000
441 -129.0000000000
466 -125.0000000000
504 -122.0000000000
555 -121.0000000000
573 -119.0000000000
582 -115.0000000000
621 -114.0000000000
627 -113.0000000000
654 -112.0000000000
657 -107.0000000000
702 -105.0000000000
730 -104.0000000000
749 -103.0000000000
760 -101.0000000000
838 -100.0000000000
840 -99.0000000000
873 -98.0000000000
918 -96.0000000000
941 -95.0000000000
982 -94.0000000000
992 -93.0000000000
1015 -92.0000000000
1035 -90.0000000000
1043 -89.0000000000
1068 -88.0000000000
1075 -86.0000000000
1161 -85.0000000000
1181 -84.0000000000
1225 -83.0000000000
1243 -82.0000000000
1269 -81.0000000000
1302 -79.0000000000
1370 -78.0000000000
1387 -77.0000000000
1402 -76.0000000000
1447 -75.0000000000
1462 -73.0000000000
1470 -71.0000000000
1511 -69.0000000000
1559 -68.0000000000
1571 -67.0000000000
1587 -66.0000000000
1669 -65.0000000000
1705 -64.0000000000
1729 -63.0000000000
1744 -61.0000000000
1793 -60.0000000000
1860 -59.0000000000
1862 -57.0000000000
1909 -56.0000000000
1945 -55.0000000000
1984 -54.0000000000
2026 -53.0000000000
2039 -52.0000000000
2081 -51.0000000000
2104 -50.0000000000
2111 -49.0000000000
2187 -48.0000000000
2224 -47.0000000000
2228 -46.0000000000
2265 -45.0000000000
2362 -44.0000000000
2397 -43.0000000000
2497 -42.0000000000
2539 -41.0000000000
2577 -39.0000000000
2621 -38.0000000000
2673 -36.0000000000
2768 -35.0000000000
2769 -34.0000000000
2821 -33.0000000000
2903 -32.0000000000
2931 -31.0000000000
2961 -30.0000000000
2990 -29.0000000000
2997 -28.0000000000
3026 -27.0000000000
3095 -26.0000000000
3127 -25.0000000000
3146 -24.0000000000
3201 -23.0000000000
3249 -22.0000000000
3303 -20.0000000000
3437 -19.0000000000
3534 -17.0000000000
3741 -16.0000000000
3824 -15.0000000000
3867 -14.0000000000
4036 -13.0000000000
4108 -12.0000000000
4177 -11.0000000000
4213 -10.0000000000
4263 -9.0000000000
4318 -8.0000000000
4358 -7.0000000000
4384 -6.0000000000
4456 -5.0000000000
4509 -4.0000000000
4667 -3.0000000000
4683 -2.0000000000
4786 391.0000000000
5554 395.0000000000
5787 397.0000000000
5795 402.0000000000
5944 405.0000000000
6124 413.0000000000
6594 416.0000000000
8113 417.0000000000
9344 418.0000000000
13920 420.0000000000
14893 422.0000000000
14966 423.0000000000
15051 424.0000000000
15761 425.0000000000
15835 427.0000000000
19570 430.0000000000
41291 431.0000000000
41371 433.0000000000
45051 434.0000000000
45469 435.0000000000
52112 437.0000000000
63159 438.0000000000
71695 439.0000000000
100020 -1.0000000000
evaluations raw_y
1 -227.0000000000
2 -213.0000000000
5 -210.0000000000
8 -195.0000000000
24 -185.0000000000
72 -181.0000000000
78 -180.0000000000
128 -176.0000000000
136 -174.0000000000
142 -170.0000000000
161 -164.0000000000
198 -160.0000000000
211 -158.0000000000
226 -156.0000000000
227 -150.0000000000
280 -148.0000000000
297 -147.0000000000
307 -146.0000000000
315 -145.0000000000
344 -144.0000000000
346 -140.0000000000
395 -134.0000000000
401 -133.0000000000
421 -131.0000000000
458 -130.0000000000
462 -127.0000000000
491 -126.0000000000
507 -125.0000000000
519 -124.0000000000
541 -118.0000000000
560 -117.0000000000
583 -115.0000000000
634 -114.0000000000
637 -109.0000000000
663 -107.0000000000
709 -105.0000000000
759 -104.0000000000
788 -103.0000000000
790 -102.0000000000
815 -101.0000000000
828 -100.0000000000
841 -99.0000000000
862 -97.0000000000
902 -96.0000000000
907 -95.0000000000
960 -94.0000000000
964 -93.0000000000
1005 -89.0000000000
1073 -88.0000000000
1088 -87.0000000000
1140 -85.0000000000
1192 -84.0000000000
1203 -83.0000000000
1284 -81.0000000000
1305 -80.0000000000
1341 -78.0000000000
1390 -77.0000000000
1410 -76.0000000000
1448 -75.0000000000
1452 -73.0000000000
1462 -72.0000000000
1510 -71.0000000000
1549 -70.0000000000
1591 -69.0000000000
1633 -68.0000000000
1663 -67.0000000000
1708 -65.0000000000
1741 -64.0000000000
1796 -63.0000000000
1799 -61.0000000000
1844 -60.0000000000
1878 -59.0000000000
1909 -58.0000000000
1946 -57.0000000000
1985 -55.0000000000
2022 -54.0000000000
2052 -53.0000000000
2085 -52.0000000000
2140 -51.0000000000
2142 -50.0000000000
2164 -49.0000000000
2197 -48.0000000000
2213 -45.0000000000
2239 -44.0000000000
2263 -43.0000000000
2274 -41.0000000000
2353 -40.0000000000
2417 -39.0000000000
2510 -38.0000000000
2552 -37.0000000000
2588 -36.0000000000
2648 -35.0000000000
2710 -33.0000000000
2762 -31.0000000000
2910 -30.0000000000
2979 -29.0000000000
3032 -28.0000000000
3065 -27.0000000000
3102 -26.0000000000
3186 -25.0000000000
3243 -24.0000000000
3265 -23.0000000000
3399 -22.0000000000
3488 -21.0000000000
3547 -20.0000000000
3600 -19.0000000000
3621 -18.0000000000
3671 -17.0000000000
3715 -16.0000000000
3760 -15.0000000000
3775 -14.0000000000
3823 -13.0000000000
3916 -11.0000000000
3994 -10.0000000000
4028 -8.0000000000
4114 -7.0000000000
4144 -5.0000000000
4273 -4.0000000000
4295 -3.0000000000
4320 -2.0000000000
4455 398.0000000000
4923 401.0000000000
5024 403.0000000000
5114 406.0000000000
5155 411.0000000000
6340 413.0000000000
6459 414.0000000000
6985 417.0000000000
7484 420.0000000000
7556 421.0000000000
7925 423.0000000000
12235 428.0000000000
36876 429.0000000000
45964 431.0000000000
91395 432.0000000000
100020 -3.0000000000
evaluations raw_y
1 -219.0000000000
2 -211.0000000000
4 -201.0000000000
12 -197.0000000000
26 -196.0000000000
31 -193.0000000000
46 -190.0000000000
62 -185.0000000000
102 -181.0000000000
103 -179.0000000000
112 -174.0000000000
146 -172.0000000000
147 -169.0000000000
149 -166.0000000000
155 -164.0000000000
182 -161.0000000000
229 -159.0000000000
232 -155.0000000000
240 -154.0000000000
247 -152.0000000000
265 -145.0000000000
318 -141.0000000000
349 -135.0000000000
387 -133.0000000000
411 -132.0000000000
421 -131.0000000000
429 -126.0000000000
462 -125.0000000000
480 -124.0000000000
483 -122.0000000000
502 -121.0000000000
509 -119.0000000000
553 -116.0000000000
555 -115.0000000000
588 -112.0000000000
617 -111.0000000000
625 -110.0000000000
635 -108.0000000000
644 -107.0000000000
659 -105.0000000000
679 -102.0000000000
706 -101.0000000000
710 -99.0000000000
744 -96.0000000000
807 -95.0000000000
842 -94.0000000000
856 -93.0000000000
872 -91.0000000000
876 -90.0000000000
895 -88.0000000000
947 -85.0000000000
969 -84.0000000000
1026 -83.0000000000
1028 -81.0000000000
1074 -80.0000000000
1120 -79.0000000000
1134 -78.0000000000
1146 -77.0000000000
1157 -76.0000000000
1208 -74.0000000000
1229 -73.0000000000
1274 -70.0000000000
1279 -69.0000000000
1330 -68.0000000000
1390 -66.0000000000
1461 -65.0000000000
1471 -64.0000000000
1504 -63.0000000000
1514 -62.0000000000
1526 -61.0000000000
1550 -58.0000000000
1596 -57.0000000000
1603 -56.0000000000
1660 -55.0000000000
1690 -54.0000000000
1716 -53.0000000000
1741 -52.0000000000
1786 -51.0000000000
1802 -50.0000000000
1839 -49.0000000000
1886 -48.0000000000
1949 -47.0000000000
1993 -46.0000000000
2022 -45.0000000000
2069 -44.0000000000
2143 -43.0000000000
2182 -42.0000000000
2235 -41.0000000000
2274 -40.0000000000
2336 -39.0000000000
2391 -38.0000000000
2421 -37.0000000000
2475 -36.0000000000
2506 -35.0000000000
2549 -34.0000000000
2588 -33.0000000000
2634 -32.0000000000
2682 -31.0000000000
2699 -30.0000000000
2704 -29.0000000000
2718 -28.0000000000
2752 -27.0000000000
2823 -25.0000000000
2889 -24.0000000000
2915 -23.0000000000
2942 -22.0000000000
3012 -21.0000000000
3034 -20.0000000000
3065 -19.0000000000
3112 -18.0000000000
3114 -16.0000000000
3213 -13.0000000000
3301 -12.0000000000
3349 -11.0000000000
3439 -10.0000000000
3461 -9.0000000000
3533 -8.0000000000
3561 -7.0000000000
3621 -6.0000000000
3644 -5.0000000000
3709 -4.0000000000
3855 -3.0000000000
3930 -2.0000000000
4011 -1.0000000000
4062 371.0000000000
4144 372.0000000000
4170 377.0000000000
4211 381.0000000000
4220 385.0000000000
4271 389.0000000000
4291 400.0000000000
5841 404.0000000000
5880 412.0000000000
6360 419.0000000000
6961 420.0000000000
7089 421.0000000000
7091 424.0000000000
9427 425.0000000000
15732 427.0000000000
17381 430.0000000000
27797 431.0000000000
32899 433.0000000000
46250 434.0000000000
46366 435.0000000000
74793 436.0000000000
100020 -2.0000000000
evaluations raw_y
1 -202.0000000000
17 -198.0000000000
21 -197.0000000000
36 -191.0000000000
51 -190.0000000000
61 -188.0000000000
64 -179.0000000000
92 -177.0000000000
102 -168.0000000000
107 -167.0000000000
142 -166.0000000000
167 -165.0000000000
176 -162.0000000000
185 -161.0000000000
189 -160.0000000000
194 -158.0000000000
210 -154.0000000000
211 -151.0000000000
236 -142.0000000000
242 -141.0000000000
265 -135.0000000000
310 -134.0000000000
312 -131.0000000000
315 -128.0000000000
343 -125.0000000000
346 -124.0000000000
407 -121.0000000000
424 -120.0000000000
434 -119.0000000000
462 -114.0000000000
464 -113.0000000000
503 -111.0000000000
532 -108.0000000000
579 -107.0000000000
582 -106.0000000000
596 -104.0000000000
622 -103.0000000000
643 -102.0000000000
646 -100.0000000000
662 -99.0000000000
704 -98.0000000000
733 -96.0000000000
739 -95.0000000000
758 -92.0000000000
819 -88.0000000000
853 -86.0000000000
859 -85.0000000000
899 -84.0000000000
919 -83.0000000000
945 -81.0000000000
951 -80.0000000000
1046 -79.0000000000
1050 -78.0000000000
1068 -76.0000000000
1101 -75.0000000000
1103 -74.0000000000
1156 -73.0000000000
1160 -72.0000000000
1174 -71.0000000000
1190 -69.0000000000
1222 -68.0000000000
1227 -67.0000000000
1272 -66.0000000000
1279 -65.0000000000
1284 -64.0000000000
1346 -63.0000000000
1351 -62.0000000000
1364 -61.0000000000
1427 -60.0000000000
1497 -59.0000000000
1507 -58.0000000000
1517 -57.0000000000
1543 -56.0000000000
1550 -54.0000000000
1597 -52.0000000000
1662 -50.0000000000
1707 -49.0000000000
1736 -48.0000000000
1764 -47.0000000000
1783 -46.0000000000
1790 -45.0000000000
1823 -44.0000000000
1842 -43.0000000000
1864 -42.0000000000
1893 -40.0000000000
1907 -38.0000000000
2002 -37.0000000000
2035 -36.0000000000
2069 -35.0000000000
2105 -34.0000000000
2116 -33.0000000000
2183 -32.0000000000
2212 -31.0000000000
2266 -30.0000000000
2284 -29.0000000000
2327 -28.0000000000
2393 -27.0000000000
2449 -26.0000000000
2514 -25.0000000000
2538 -24.0000000000
2588 -23.0000000000
2622 -22.0000000000
2651 -21.0000000000
2712 -20.0000000000
2761 -19.0000000000
2786 -18.0000000000
2827 -17.0000000000
2840 -16.0000000000
2947 -15.0000000000
2986 -14.0000000000
3041 -13.0000000000
3062 -12.0000000000
3112 -11.0000000000
3176 -10.0000000000
3187 -9.0000000000
3268 -8.0000000000
3430 -7.0000000000
3485 -6.0000000000
3581 -5.0000000000
3708 -4.0000000000
3796 -3.0000000000
3855 -2.0000000000
3917 -1.0000000000
3982 355.0000000000
4011 368.0000000000
4043 371.0000000000
4112 378.0000000000
4130 384.0000000000
4206 387.0000000000
4233 388.0000000000
4291 394.0000000000
4303 396.0000000000
4352 400.0000000000
4418 403.0000000000
4503 411.0000000000
4506 412.0000000000
4726 415.0000000000
4928 417.0000000000
5552 421.0000000000
17469 424.0000000000
23132 427.0000000000
73051 428.0000000000
78438 430.0000000000
89399 431.0000000000
100020 431.0000000000
evaluations raw_y
1 -209.0000000000
4 -201.0000000000
23 -199.0000000000
35 -194.0000000000
63 -187.0000000000
80 -185.0000000000
120 -184.0000000000
124 -182.0000000000
127 -181.0000000000
147 -179.0000000000
149 -176.0000000000
151 -175.0000000000
181 -168.0000000000
203 -165.0000000000
223 -164.0000000000
230 -162.0000000000
236 -156.0000000000
262 -151.0000000000
308 -148.0000000000
319 -146.0000000000
332 -145.0000000000
357 -144.0000000000
371 -141.0000000000
382 -140.0000000000
395 -135.0000000000
421 -134.0000000000
457 -130.0000000000
463 -129.0000000000
467 -128.0000000000
516 -125.0000000000
547 -124.0000000000
560 -123.0000000000
582 -122.0000000000
586 -121.0000000000
590 -120.0000000000
592 -119.0000000000
618 -116.0000000000
638 -115.0000000000
674 -114.0000000000
682 -112.0000000000
701 -110.0000000000
746 -107.0000000000
782 -105.0000000000
786 -104.0000000000
796 -103.0000000000
826 -101.0000000000
880 -100.0000000000
890 -99.0000000000
918 -98.0000000000
936 -97.0000000000
953 -96.0000000000
961 -95.0000000000
963 -94.0000000000
986 -93.0000000000
1025 -90.0000000000
1102 -89.0000000000
1104 -87.0000000000
1146 -86.0000000000
1168 -82.0000000000
1224 -81.0000000000
1248 -80.0000000000
1306 -79.0000000000
1312 -78.0000000000
1353 -77.0000000000
1386 -75.0000000000
1477 -74.0000000000
1505 -73.0000000000
1509 -72.0000000000
1556 -71.0000000000
1618 -70.0000000000
1628 -69.0000000000
1638 -68.0000000000
1681 -67.0000000000
1736 -66.0000000000
1754 -65.0000000000
1789 -63.0000000000
1831 -62.0000000000
1853 -61.0000000000
1872 -59.0000000000
1955 -58.0000000000
1971 -54.0000000000
2065 -53.0000000000
2104 -52.0000000000
2139 -51.0000000000
2151 -48.0000000000
2196 -47.0000000000
2213 -46.0000000000
2281 -44.0000000000
2290 -43.0000000000
2329 -42.0000000000
2365 -41.0000000000
2416 -40.0000000000
2426 -39.0000000000
2439 -38.0000000000
2528 -37.0000000000
2544 -36.0000000000
2586 -34.0000000000
2670 -33.0000000000
2682 -32.0000000000
2733 -31.0000000000
2768 -30.0000000000
2774 -29.0000000000
2801 -28.0000000000
2830 -27.0000000000
2874 -26.0000000000
2944 -25.0000000000
2950 -24.0000000000
3016 -23.0000000000
3029 -21.0000000000
3079 -20.0000000000
3144 -19.0000000000
3195 -18.0000000000
3208 -16.0000000000
3292 -15.0000000000
3339 -14.0000000000
3390 -13.0000000000
3426 -12.0000000000
3526 -10.0000000000
3700 -9.0000000000
3779 -8.0000000000
3838 -7.0000000000
3881 -6.0000000000
3911 -5.0000000000
3913 -4.0000000000
3964 -3.0000000000
4003 -2.0000000000
4142 -1.0000000000
4266 376.0000000000
4440 377.0000000000
4503 379.0000000000
4558 388.0000000000
4850 391.0000000000
4959 392.0000000000
5264 393.0000000000
5305 394.0000000000
5377 399.0000000000
5471 401.0000000000
5491 403.0000000000
5513 405.0000000000
5601 407.0000000000
5641 410.0000000000
6830 411.0000000000
7438 415.0000000000
8666 416.0000000000
8768 418.0000000000
8896 419.0000000000
8922 420.0000000000
8964 421.0000000000
12218 424.0000000000
14240 425.0000000000
20922 430.0000000000
23942 432.0000000000
31716 433.0000000000
88640 435.0000000000
96876 436.0000000000
100020 -1.0000000000
