evaluations raw_y
1 -253560.1000000000
2 -253358.1000000000
4 -252708.1000000000
9 -252228.1000000000
11 -250334.1000000000
13 -249871.1000000000
16 -249683.1000000000
19 -249121.1000000000
22 -248775.1000000000
26 -246901.1000000000
28 -244525.1000000000
29 -243836.1000000000
30 -243007.1000000000
31 -242781.1000000000
32 -241313.1000000000
36 -240239.1000000000
37 -237977.1000000000
44 -237237.1000000000
49 -235903.1000000000
51 -235180.1000000000
54 -232292.1000000000
60 -229712.1000000000
61 -228816.1000000000
63 -228754.1000000000
67 -227286.1000000000
70 -225406.1000000000
72 -224869.1000000000
78 -224667.1000000000
79 -224663.1000000000
83 -223485.1000000000
86 -223245.1000000000
87 -222308.1000000000
89 -221916.1000000000
90 -220270.1000000000
92 -218898.1000000000
95 -218262.1000000000
98 -217776.1000000000
104 -217086.1000000000
106 -216615.1000000000
108 -215979.1000000000
118 -213979.1000000000
122 -213366.1000000000
124 -212366.1000000000
128 -212244.1000000000
136 -211834.1000000000
140 -210544.1000000000
142 -209724.1000000000
143 -208970.1000000000
144 -208580.1000000000
148 -207354.1000000000
154 -207242.1000000000
156 -206875.1000000000
159 -206262.1000000000
163 -205325.1000000000
165 -205319.1000000000
174 -202991.1000000000
175 -202019.1000000000
177 -201086.1000000000
178 -199866.1000000000
181 -199124.1000000000
185 -198716.1000000000
187 -198360.1000000000
195 -196240.1000000000
197 -194720.1000000000
209 -193540.1000000000
212 -192711.1000000000
216 -189819.1000000000
219 -189619.1000000000
223 -188067.1000000000
224 -187307.1000000000
225 -186532.1000000000
226 -186375.1000000000
228 -182375.1000000000
235 -180531.1000000000
238 -179581.1000000000
239 -178135.1000000000
240 -178129.1000000000
244 -177439.1000000000
248 -176616.1000000000
251 -176086.1000000000
256 -175498.1000000000
258 -175193.1000000000
269 -174234.1000000000
270 -173824.1000000000
275 -173432.1000000000
277 -173122.1000000000
284 -172218.1000000000
305 -169287.1000000000
307 -169187.1000000000
321 -165871.1000000000
323 -165251.1000000000
324 -164847.1000000000
334 -164180.1000000000
338 -163446.1000000000
343 -162859.1000000000
344 -161351.1000000000
358 -160466.1000000000
362 24533.2985414138
363 24625.4420740445
372 24825.1831187257
403 24919.3671874206
442 25036.5781386759
525 25136.8179780280
555 25237.0541814213
564 25636.3061332436
577 25736.1164391547
847 25935.7366467771
10000 -160001.1000000000
evaluations raw_y
1 -274820.1000000000
2 -273098.1000000000
7 -272635.1000000000
8 -272160.1000000000
13 -268620.1000000000
14 -268409.1000000000
17 -268270.1000000000
18 -266936.1000000000
23 -266182.1000000000
26 -265438.1000000000
27 -262602.1000000000
28 -260758.1000000000
31 -260091.1000000000
33 -258911.1000000000
36 -258349.1000000000
39 -255593.1000000000
40 -254833.1000000000
41 -252250.1000000000
44 -251332.1000000000
49 -251220.1000000000
52 -249326.1000000000
58 -248379.1000000000
62 -246933.1000000000
64 -246320.1000000000
65 -245345.1000000000
67 -244424.1000000000
68 -243735.1000000000
70 -241855.1000000000
74 -241210.1000000000
80 -240714.1000000000
81 -237710.1000000000
82 -236760.1000000000
83 -236352.1000000000
84 -235942.1000000000
85 -235253.1000000000
90 -234579.1000000000
94 -234577.1000000000
95 -233989.1000000000
97 -232331.1000000000
98 -231556.1000000000
100 -230747.1000000000
101 -230157.1000000000
102 -228979.1000000000
104 -228514.1000000000
105 -228467.1000000000
106 -227530.1000000000
116 -227169.1000000000
119 -224793.1000000000
120 -224017.1000000000
122 -224013.1000000000
124 -223323.1000000000
125 -222933.1000000000
126 -222510.1000000000
127 -219930.1000000000
129 -219393.1000000000
132 -218651.1000000000
135 -218185.1000000000
136 -216037.1000000000
138 -215427.1000000000
142 -214055.1000000000
146 -211695.1000000000
147 -210872.1000000000
148 -210505.1000000000
155 -208953.1000000000
159 -207035.1000000000
160 -206793.1000000000
161 -205834.1000000000
169 -205740.1000000000
174 -205415.1000000000
177 -204443.1000000000
181 -203369.1000000000
183 -202540.1000000000
191 -201952.1000000000
194 -201585.1000000000
202 -201023.1000000000
206 -200992.1000000000
207 -200584.1000000000
208 -199934.1000000000
209 -199597.1000000000
221 -199117.1000000000
227 -198294.1000000000
228 -196960.1000000000
229 -194960.1000000000
231 -193986.1000000000
233 -193492.1000000000
236 -190176.1000000000
244 -188730.1000000000
245 -187756.1000000000
258 -186884.1000000000
259 -186662.1000000000
264 -185246.1000000000
285 -184512.1000000000
286 -183572.1000000000
292 -181810.1000000000
293 -181098.1000000000
294 -180357.1000000000
308 -176913.1000000000
319 -176227.1000000000
321 -175607.1000000000
322 -175215.1000000000
327 -173747.1000000000
328 -172775.1000000000
338 -172295.1000000000
362 -170395.1000000000
365 -169991.1000000000
399 -168117.1000000000
408 -168038.1000000000
409 -167550.1000000000
416 -166188.1000000000
426 -164322.1000000000
439 -163546.1000000000
440 -163232.1000000000
470 -162403.1000000000
499 -162070.1000000000
518 24040.9899387885
519 24243.7597526840
520 25404.4369875806
677 25506.7903184037
696 25707.2501962014
848 25807.4789792666
905 26007.9391605880
921 26408.8533173010
988 26511.1703887778
10000 -160906.1000000000
evaluations raw_y
1 -288287.1000000000
3 -288208.1000000000
4 -288020.1000000000
5 -285221.1000000000
8 -284974.1000000000
9 -282522.1000000000
12 -281334.1000000000
15 -281161.1000000000
17 -279041.1000000000
18 -277319.1000000000
21 -274483.1000000000
23 -273149.1000000000
24 -271305.1000000000
26 -268549.1000000000
27 -265966.1000000000
31 -264464.1000000000
33 -263655.1000000000
34 -262733.1000000000
35 -261973.1000000000
38 -261150.1000000000
40 -260691.1000000000
42 -259211.1000000000
43 -257659.1000000000
45 -256684.1000000000
47 -256232.1000000000
53 -254574.1000000000
57 -251034.1000000000
58 -249808.1000000000
60 -247942.1000000000
70 -246768.1000000000
72 -245266.1000000000
73 -244952.1000000000
74 -244730.1000000000
78 -243955.1000000000
79 -243951.1000000000
81 -243211.1000000000
83 -242746.1000000000
84 -242607.1000000000
85 -240815.1000000000
86 -239525.1000000000
89 -237689.1000000000
93 -237099.1000000000
94 -235056.1000000000
95 -232164.1000000000
97 -231882.1000000000
98 -231577.1000000000
99 -229125.1000000000
100 -228754.1000000000
102 -228288.1000000000
105 -227355.1000000000
107 -227293.1000000000
109 -226549.1000000000
110 -225882.1000000000
111 -223996.1000000000
112 -223902.1000000000
113 -223079.1000000000
118 -221317.1000000000
135 -221217.1000000000
138 -219299.1000000000
143 -218994.1000000000
145 -218542.1000000000
148 -217074.1000000000
149 -216156.1000000000
158 -215182.1000000000
160 -214707.1000000000
161 -214315.1000000000
165 -213378.1000000000
169 -212504.1000000000
170 -209693.1000000000
182 -208971.1000000000
184 -208142.1000000000
187 -207366.1000000000
194 -206692.1000000000
199 -205748.1000000000
204 -205593.1000000000
212 -205031.1000000000
220 -201283.1000000000
230 -200223.1000000000
234 -199867.1000000000
239 -199254.1000000000
240 -197484.1000000000
242 -194904.1000000000
246 -194316.1000000000
255 -193136.1000000000
261 -192255.1000000000
274 -191569.1000000000
276 -190393.1000000000
277 -188775.1000000000
279 -188085.1000000000
301 -185197.1000000000
304 -181753.1000000000
313 -178169.1000000000
316 -175907.1000000000
326 -175345.1000000000
329 -174808.1000000000
334 -174175.1000000000
336 -173175.1000000000
342 -169427.1000000000
344 -168555.1000000000
365 -168553.1000000000
367 -168342.1000000000
373 -167952.1000000000
378 -165576.1000000000
383 -164602.1000000000
384 -163773.1000000000
392 -162547.1000000000
396 -161169.1000000000
414 23252.1474455877
423 23344.0447128564
435 23435.7404027172
439 23535.9682405974
456 23735.2843688433
525 23835.5120513530
529 23926.2850988303
597 24025.9176290131
630 24424.4463041338
669 24623.7055883085
726 24706.4891217581
800 24727.9447400663
808 24820.1778379965
818 24889.2576056090
10000 -160845.1000000000
evaluations raw_y
1 -274663.1000000000
2 -273741.1000000000
3 -273586.1000000000
5 -272614.1000000000
6 -271891.1000000000
8 -271304.1000000000
13 -270833.1000000000
15 -270374.1000000000
17 -268508.1000000000
18 -268183.1000000000
21 -265291.1000000000
28 -263373.1000000000
30 -262119.1000000000
32 -259188.1000000000
33 -257811.1000000000
36 -256988.1000000000
39 -255542.1000000000
40 -253780.1000000000
42 -252278.1000000000
43 -252222.1000000000
47 -249466.1000000000
49 -248698.1000000000
54 -245694.1000000000
56 -244717.1000000000
57 -244067.1000000000
58 -243123.1000000000
64 -242635.1000000000
66 -242172.1000000000
69 -241584.1000000000
73 -241054.1000000000
74 -239100.1000000000
79 -237226.1000000000
82 -236252.1000000000
85 -234490.1000000000
86 -232114.1000000000
87 -231662.1000000000
89 -231539.1000000000
95 -231131.1000000000
98 -229951.1000000000
102 -226411.1000000000
103 -224689.1000000000
106 -224589.1000000000
109 -223814.1000000000
111 -223039.1000000000
113 -222837.1000000000
114 -222467.1000000000
116 -221857.1000000000
119 -221746.1000000000
120 -220558.1000000000
123 -219006.1000000000
124 -218047.1000000000
131 -217710.1000000000
138 -214394.1000000000
143 -213931.1000000000
150 -212641.1000000000
160 -211865.1000000000
162 -210791.1000000000
165 -210690.1000000000
168 -208428.1000000000
172 -206788.1000000000
175 -203344.1000000000
178 -202044.1000000000
187 -201215.1000000000
188 -200464.1000000000
193 -200352.1000000000
200 -199985.1000000000
202 -199372.1000000000
209 -199124.1000000000
215 -198534.1000000000
216 -198253.1000000000
217 -197567.1000000000
218 -195419.1000000000
220 -194515.1000000000
222 -193781.1000000000
223 -193750.1000000000
226 -191850.1000000000
236 -191624.1000000000
247 -190934.1000000000
255 -190588.1000000000
267 -189368.1000000000
275 -187866.1000000000
278 -186892.1000000000
284 -186753.1000000000
285 -185375.1000000000
289 -184931.1000000000
293 -183285.1000000000
296 -182791.1000000000
303 -181975.1000000000
308 -181362.1000000000
312 -181057.1000000000
317 -180647.1000000000
326 -179029.1000000000
328 -178157.1000000000
335 -175053.1000000000
337 -174113.1000000000
345 -172561.1000000000
350 -172317.1000000000
361 -170547.1000000000
379 -169824.1000000000
386 -169230.1000000000
396 -168050.1000000000
400 -167570.1000000000
417 -166950.1000000000
421 -166388.1000000000
425 -166021.1000000000
437 -165629.1000000000
438 -164692.1000000000
444 -164490.1000000000
479 -164003.1000000000
489 -163329.1000000000
505 -162103.1000000000
510 -161166.1000000000
529 -160884.1000000000
530 20961.1468474035
532 21401.3044781129
536 21466.7228968632
560 21548.3840362051
585 21559.3636842648
586 21584.8171435462
604 21672.2645292415
610 21743.7663268664
799 21844.0240565361
899 21850.4681524007
900 21986.2308294471
1062 22384.9098546869
1161 22485.1746249687
1209 22684.5039704838
1590 22883.8334085563
10000 -160124.1000000000
evaluations raw_y
1 -264462.1000000000
4 -263525.1000000000
8 -263062.1000000000
10 -260306.1000000000
12 -260058.1000000000
15 -258724.1000000000
18 -258502.1000000000
21 -257576.1000000000
23 -257184.1000000000
24 -255676.1000000000
27 -254450.1000000000
28 -254206.1000000000
29 -253497.1000000000
30 -253397.1000000000
32 -252674.1000000000
35 -252307.1000000000
36 -251694.1000000000
40 -249114.1000000000
41 -248643.1000000000
44 -248470.1000000000
46 -248439.1000000000
50 -247315.1000000000
54 -246499.1000000000
56 -245552.1000000000
57 -243176.1000000000
58 -242490.1000000000
61 -238490.1000000000
63 -237730.1000000000
64 -235864.1000000000
71 -234921.1000000000
76 -233743.1000000000
78 -233737.1000000000
79 -231475.1000000000
80 -228371.1000000000
81 -227421.1000000000
84 -226732.1000000000
85 -225957.1000000000
88 -224777.1000000000
89 -223589.1000000000
95 -221819.1000000000
97 -221078.1000000000
98 -220592.1000000000
112 -217715.1000000000
113 -217390.1000000000
116 -216516.1000000000
119 -216394.1000000000
121 -216033.1000000000
123 -215503.1000000000
125 -215059.1000000000
126 -214636.1000000000
132 -214265.1000000000
133 -213855.1000000000
134 -212667.1000000000
135 -211199.1000000000
136 -209909.1000000000
137 -209319.1000000000
138 -207817.1000000000
139 -207536.1000000000
142 -204092.1000000000
145 -203969.1000000000
156 -203547.1000000000
161 -202880.1000000000
162 -201959.1000000000
163 -201270.1000000000
173 -201070.1000000000
177 -197322.1000000000
179 -197096.1000000000
180 -193324.1000000000
187 -191947.1000000000
190 -191759.1000000000
193 -189879.1000000000
204 -188932.1000000000
211 -188566.1000000000
228 -188158.1000000000
235 -187273.1000000000
237 -186821.1000000000
238 -186334.1000000000
256 -184782.1000000000
263 -182662.1000000000
265 -182631.1000000000
271 -182004.1000000000
275 -180536.1000000000
288 -178766.1000000000
289 -177829.1000000000
304 -177492.1000000000
305 -176898.1000000000
313 -176361.1000000000
316 -175586.1000000000
321 -174412.1000000000
324 -173424.1000000000
326 -171276.1000000000
331 -169484.1000000000
332 -168990.1000000000
336 -168167.1000000000
337 -167344.1000000000
338 -166524.1000000000
341 -166191.1000000000
352 -165801.1000000000
358 -163883.1000000000
364 -163804.1000000000
365 -163757.1000000000
392 -162531.1000000000
401 -161708.1000000000
413 -159946.1000000000
418 25511.1427563993
448 25613.2670444051
457 25720.0099648534
498 25920.3533792386
585 26022.3892348517
907 26423.0614592990
10000 -160426.1000000000
evaluations raw_y
1 -276205.1000000000
5 -273943.1000000000
6 -273006.1000000000
9 -272125.1000000000
10 -270748.1000000000
11 -269874.1000000000
13 -269873.1000000000
14 -269049.1000000000
17 -269045.1000000000
18 -268933.1000000000
19 -268244.1000000000
20 -266944.1000000000
26 -266552.1000000000
27 -265691.1000000000
29 -265579.1000000000
32 -265457.1000000000
36 -264383.1000000000
41 -263457.1000000000
42 -262283.1000000000
44 -259955.1000000000
48 -256415.1000000000
53 -256189.1000000000
60 -255659.1000000000
61 -255518.1000000000
69 -254742.1000000000
72 -254332.1000000000
79 -253332.1000000000
82 -251970.1000000000
85 -249850.1000000000
86 -249739.1000000000
87 -249264.1000000000
90 -248784.1000000000
92 -248418.1000000000
94 -247474.1000000000
95 -246294.1000000000
96 -244916.1000000000
101 -244283.1000000000
104 -243571.1000000000
107 -243200.1000000000
110 -242424.1000000000
111 -238424.1000000000
118 -238182.1000000000
119 -237473.1000000000
120 -237106.1000000000
124 -235314.1000000000
129 -233592.1000000000
131 -233282.1000000000
133 -232459.1000000000
134 -229528.1000000000
136 -228900.1000000000
138 -227020.1000000000
144 -226809.1000000000
148 -225621.1000000000
149 -223169.1000000000
153 -221661.1000000000
154 -221099.1000000000
155 -220166.1000000000
158 -219799.1000000000
163 -218852.1000000000
166 -218679.1000000000
167 -217177.1000000000
173 -215733.1000000000
175 -215088.1000000000
186 -214265.1000000000
190 -214039.1000000000
196 -211459.1000000000
197 -210715.1000000000
213 -209381.1000000000
215 -208695.1000000000
218 -207227.1000000000
221 -206731.1000000000
226 -206341.1000000000
230 -204497.1000000000
233 -204495.1000000000
237 -201603.1000000000
238 -198019.1000000000
248 -197694.1000000000
250 -197413.1000000000
251 -196593.1000000000
252 -196345.1000000000
257 -194575.1000000000
267 -194153.1000000000
274 -193797.1000000000
289 -193037.1000000000
291 -192315.1000000000
292 -189955.1000000000
299 -189753.1000000000
311 -189697.1000000000
346 -188471.1000000000
356 -185660.1000000000
387 -185581.1000000000
398 -185177.1000000000
413 -184872.1000000000
416 -182073.1000000000
418 -180303.1000000000
425 -177415.1000000000
439 -176043.1000000000
442 -175362.1000000000
461 -173882.1000000000
473 -171046.1000000000
483 -170602.1000000000
485 -168956.1000000000
489 -167090.1000000000
491 -166169.1000000000
494 -165681.1000000000
498 -165524.1000000000
511 -164552.1000000000
539 -161260.1000000000
549 21837.3876938146
550 22380.6543975370
551 22666.9549950647
552 23221.9627989507
554 23421.9865318141
563 23523.9807830522
566 23723.7384995317
588 23816.4158126004
789 23916.2733016420
954 24115.9880186071
1204 24216.9277426818
10000 -160501.1000000000
evaluations raw_y
1 -256965.1000000000
2 -253961.1000000000
5 -253080.1000000000
8 -252775.1000000000
11 -251946.1000000000
13 -250052.1000000000
14 -248878.1000000000
20 -247398.1000000000
21 -245846.1000000000
22 -245842.1000000000
23 -245505.1000000000
25 -244037.1000000000
31 -243647.1000000000
32 -242872.1000000000
33 -242259.1000000000
36 -241081.1000000000
39 -240618.1000000000
43 -240396.1000000000
44 -239952.1000000000
47 -239873.1000000000
51 -239377.1000000000
52 -238987.1000000000
58 -238528.1000000000
61 -237784.1000000000
62 -236888.1000000000
63 -236480.1000000000
65 -236070.1000000000
66 -235598.1000000000
67 -235252.1000000000
69 -234293.1000000000
74 -231917.1000000000
77 -231551.1000000000
78 -231520.1000000000
80 -231419.1000000000
83 -230085.1000000000
103 -228315.1000000000
108 -227863.1000000000
111 -227039.1000000000
116 -226839.1000000000
117 -226684.1000000000
118 -226218.1000000000
119 -225730.1000000000
120 -225728.1000000000
121 -223854.1000000000
123 -223572.1000000000
129 -221926.1000000000
132 -220424.1000000000
134 -219779.1000000000
135 -219217.1000000000
144 -216325.1000000000
148 -214947.1000000000
160 -213970.1000000000
162 -213876.1000000000
164 -211293.1000000000
169 -207709.1000000000
172 -206975.1000000000
173 -205557.1000000000
179 -204969.1000000000
184 -203791.1000000000
186 -201643.1000000000
192 -201642.1000000000
194 -199688.1000000000
195 -199632.1000000000
196 -199444.1000000000
200 -198507.1000000000
201 -197061.1000000000
203 -196961.1000000000
208 -196219.1000000000
215 -196213.1000000000
216 -193377.1000000000
218 -191017.1000000000
224 -189181.1000000000
230 -188263.1000000000
232 -187653.1000000000
246 -187040.1000000000
247 -186412.1000000000
254 -186239.1000000000
261 -185958.1000000000
266 -185272.1000000000
273 -184504.1000000000
294 -183681.1000000000
320 -183087.1000000000
323 -182750.1000000000
333 -182123.1000000000
335 -178807.1000000000
337 -178451.1000000000
342 -177675.1000000000
358 -176941.1000000000
370 -176305.1000000000
375 -175482.1000000000
376 -174508.1000000000
380 -173819.1000000000
388 -173617.1000000000
392 -171959.1000000000
399 -171654.1000000000
411 -167906.1000000000
412 -166460.1000000000
413 -162460.1000000000
429 -161973.1000000000
434 -161967.1000000000
444 23829.1228405952
449 24263.1571882705
451 24395.1017504989
456 24500.7691440746
457 24713.0745333124
520 24823.2711126268
546 25223.4995472100
554 25325.1317991406
559 25426.7307423914
648 25526.7812547828
696 25726.8824096477
904 25926.9842688157
10000 25726.8847005269
evaluations raw_y
1 -277862.1000000000
3 -277249.1000000000
6 -276290.1000000000
7 -274788.1000000000
11 -274020.1000000000
13 -273102.1000000000
14 -270098.1000000000
16 -267206.1000000000
18 -266430.1000000000
22 -266125.1000000000
23 -266124.1000000000
25 -266045.1000000000
27 -265303.1000000000
28 -264559.1000000000
29 -263997.1000000000
33 -263136.1000000000
34 -262746.1000000000
38 -260577.1000000000
42 -256577.1000000000
44 -256114.1000000000
47 -255872.1000000000
48 -254110.1000000000
50 -253700.1000000000
52 -250256.1000000000
53 -247673.1000000000
54 -246193.1000000000
55 -245785.1000000000
56 -245781.1000000000
60 -245154.1000000000
63 -244999.1000000000
65 -243125.1000000000
71 -242384.1000000000
75 -240662.1000000000
77 -239194.1000000000
78 -239138.1000000000
80 -238730.1000000000
82 -238040.1000000000
83 -237759.1000000000
84 -233987.1000000000
85 -233236.1000000000
90 -231716.1000000000
94 -231030.1000000000
99 -230951.1000000000
100 -230066.1000000000
103 -229306.1000000000
104 -228939.1000000000
112 -228751.1000000000
117 -228070.1000000000
118 -227241.1000000000
124 -226552.1000000000
126 -225656.1000000000
131 -224476.1000000000
132 -222214.1000000000
133 -221848.1000000000
137 -220898.1000000000
138 -218522.1000000000
143 -217106.1000000000
146 -216232.1000000000
147 -215257.1000000000
149 -214629.1000000000
157 -212785.1000000000
161 -212460.1000000000
162 -211513.1000000000
165 -209061.1000000000
168 -208602.1000000000
169 -208402.1000000000
177 -208162.1000000000
179 -207914.1000000000
182 -205334.1000000000
188 -204698.1000000000
197 -203252.1000000000
203 -202722.1000000000
207 -202250.1000000000
212 -201474.1000000000
216 -200184.1000000000
228 -199698.1000000000
229 -197928.1000000000
232 -194344.1000000000
233 -191533.1000000000
240 -188429.1000000000
251 -187816.1000000000
259 -186439.1000000000
265 -185565.1000000000
279 -184121.1000000000
280 -182653.1000000000
281 -182201.1000000000
283 -181013.1000000000
287 -179461.1000000000
289 -178043.1000000000
291 -176789.1000000000
301 -175845.1000000000
342 -174941.1000000000
348 -174935.1000000000
363 -173451.1000000000
368 -172525.1000000000
371 -171937.1000000000
373 -171814.1000000000
377 -171005.1000000000
381 -170779.1000000000
388 -170387.1000000000
396 -169053.1000000000
398 -168053.1000000000
412 -167661.1000000000
435 -167459.1000000000
439 -167359.1000000000
443 -165857.1000000000
444 -163963.1000000000
458 -163426.1000000000
460 -163003.1000000000
461 -162956.1000000000
463 -161164.1000000000
478 23993.4628812234
485 24726.1943413618
509 24826.4253098473
597 25026.8900204229
10000 -161312.1000000000
evaluations raw_y
1 -289531.1000000000
2 -288841.1000000000
5 -287882.1000000000
10 -285005.1000000000
12 -283347.1000000000
13 -281901.1000000000
15 -279573.1000000000
16 -279542.1000000000
17 -278180.1000000000
22 -277206.1000000000
24 -276386.1000000000
25 -276247.1000000000
26 -275487.1000000000
30 -274860.1000000000
31 -272280.1000000000
32 -271667.1000000000
33 -270730.1000000000
34 -270007.1000000000
35 -266691.1000000000
36 -266689.1000000000
37 -266053.1000000000
38 -265386.1000000000
40 -263918.1000000000
42 -262992.1000000000
47 -262687.1000000000
48 -262097.1000000000
49 -261274.1000000000
50 -260302.1000000000
51 -259822.1000000000
56 -259141.1000000000
59 -258297.1000000000
64 -257709.1000000000
65 -253961.1000000000
67 -252735.1000000000
69 -252046.1000000000
72 -251654.1000000000
75 -250721.1000000000
77 -249467.1000000000
79 -247549.1000000000
81 -247203.1000000000
83 -246025.1000000000
85 -245617.1000000000
86 -245615.1000000000
89 -245128.1000000000
90 -242676.1000000000
91 -241901.1000000000
93 -239525.1000000000
94 -239278.1000000000
95 -238815.1000000000
96 -237894.1000000000
97 -236560.1000000000
102 -236152.1000000000
104 -234506.1000000000
110 -234264.1000000000
111 -230516.1000000000
114 -230064.1000000000
115 -229192.1000000000
116 -228825.1000000000
119 -227273.1000000000
120 -226640.1000000000
121 -225779.1000000000
130 -225553.1000000000
133 -224299.1000000000
134 -223974.1000000000
137 -223852.1000000000
138 -223380.1000000000
139 -223180.1000000000
140 -222429.1000000000
141 -220309.1000000000
142 -219909.1000000000
148 -219517.1000000000
149 -219127.1000000000
151 -218717.1000000000
152 -218067.1000000000
153 -217422.1000000000
156 -217281.1000000000
157 -216093.1000000000
158 -214716.1000000000
162 -214514.1000000000
163 -212874.1000000000
168 -210705.1000000000
170 -210344.1000000000
171 -209164.1000000000
173 -208341.1000000000
174 -207423.1000000000
178 -206669.1000000000
180 -206387.1000000000
182 -206340.1000000000
183 -205896.1000000000
184 -204952.1000000000
185 -204921.1000000000
192 -203453.1000000000
196 -202859.1000000000
202 -201919.1000000000
207 -201671.1000000000
208 -201334.1000000000
220 -199564.1000000000
226 -199227.1000000000
229 -198280.1000000000
239 -197857.1000000000
241 -195709.1000000000
242 -195395.1000000000
245 -191395.1000000000
250 -190627.1000000000
251 -187623.1000000000
261 -186139.1000000000
268 -185645.1000000000
272 -185639.1000000000
277 -185306.1000000000
292 -184769.1000000000
296 -184379.1000000000
299 -182535.1000000000
308 -182113.1000000000
310 -181503.1000000000
324 -180618.1000000000
338 -179737.1000000000
350 -177837.1000000000
354 -177680.1000000000
359 -177679.1000000000
365 -177579.1000000000
366 -176763.1000000000
370 -176150.1000000000
371 -175228.1000000000
373 -175073.1000000000
377 -175067.1000000000
382 -173223.1000000000
396 -172693.1000000000
397 -169801.1000000000
402 -168677.1000000000
410 -168367.1000000000
416 -167645.1000000000
421 -166741.1000000000
422 -166278.1000000000
427 -166216.1000000000
436 -165279.1000000000
449 -164605.1000000000
469 -161769.1000000000
471 -161529.1000000000
476 25013.1926040717
487 25131.3109759632
512 25405.9388176340
561 25516.7162000678
619 25717.3207541644
709 25817.6208000132
761 26018.2213556089
10000 -160700.1000000000
evaluations raw_y
1 -283025.1000000000
2 -282658.1000000000
7 -282045.1000000000
9 -279462.1000000000
11 -277954.1000000000
12 -276118.1000000000
15 -275914.1000000000
16 -275455.1000000000
17 -271707.1000000000
19 -270335.1000000000
20 -269147.1000000000
21 -268990.1000000000
22 -268538.1000000000
23 -268427.1000000000
25 -267483.1000000000
27 -266149.1000000000
28 -264379.1000000000
30 -263689.1000000000
32 -262739.1000000000
33 -261964.1000000000
34 -260098.1000000000
38 -259761.1000000000
40 -259479.1000000000
43 -256602.1000000000
48 -255779.1000000000
49 -254832.1000000000
52 -253656.1000000000
60 -252735.1000000000
62 -252374.1000000000
63 -252069.1000000000
65 -250585.1000000000
71 -250345.1000000000
72 -247985.1000000000
73 -246327.1000000000
74 -245994.1000000000
76 -244548.1000000000
77 -243046.1000000000
78 -242946.1000000000
80 -242483.1000000000
83 -240031.1000000000
85 -239263.1000000000
86 -238636.1000000000
88 -238632.1000000000
93 -237164.1000000000
97 -237133.1000000000
102 -235799.1000000000
104 -233955.1000000000
105 -230511.1000000000
107 -227675.1000000000
112 -227181.1000000000
113 -224289.1000000000
116 -223899.1000000000
119 -223003.1000000000
121 -221825.1000000000
122 -218533.1000000000
123 -218360.1000000000
124 -217618.1000000000
125 -215718.1000000000
126 -215492.1000000000
127 -215082.1000000000
132 -214110.1000000000
133 -213184.1000000000
138 -211632.1000000000
140 -211276.1000000000
141 -210796.1000000000
143 -209074.1000000000
144 -207848.1000000000
145 -207088.1000000000
146 -206500.1000000000
149 -204606.1000000000
151 -202988.1000000000
156 -202642.1000000000
159 -200850.1000000000
165 -200074.1000000000
174 -199251.1000000000
177 -198562.1000000000
179 -197488.1000000000
180 -195340.1000000000
181 -194516.1000000000
182 -194272.1000000000
183 -194131.1000000000
194 -191332.1000000000
200 -190928.1000000000
202 -190922.1000000000
210 -189048.1000000000
211 -188682.1000000000
212 -187502.1000000000
213 -186779.1000000000
216 -185719.1000000000
221 -185030.1000000000
225 -184201.1000000000
230 -183527.1000000000
231 -183039.1000000000
243 -182960.1000000000
245 -182881.1000000000
257 -182106.1000000000
270 -181416.1000000000
271 -181135.1000000000
276 -181079.1000000000
293 -180250.1000000000
294 -180048.1000000000
311 -178748.1000000000
317 -178186.1000000000
323 -177062.1000000000
328 -176591.1000000000
330 -176003.1000000000
332 -174241.1000000000
338 -173067.1000000000
348 -172711.1000000000
351 -172236.1000000000
358 -171569.1000000000
359 -170581.1000000000
362 -170381.1000000000
367 -169407.1000000000
369 -169268.1000000000
382 -168860.1000000000
387 -167860.1000000000
396 -167232.1000000000
406 -164856.1000000000
410 -163668.1000000000
415 -162852.1000000000
417 -162610.1000000000
443 -162080.1000000000
448 -160560.1000000000
455 -160513.1000000000
461 -160027.1000000000
466 23075.1351896886
467 23611.0108343680
468 24163.6923784305
472 24364.2022186600
473 24635.1132449997
495 24835.3480864545
539 24937.3794298097
606 25042.3763458537
672 25442.7824968824
767 25542.8817894610
10000 -163673.1000000000
evaluations raw_y
1 -285709.1000000000
5 -284229.1000000000
6 -282385.1000000000
9 -282291.1000000000
10 -281111.1000000000
11 -280721.1000000000
13 -280329.1000000000
15 -279841.1000000000
17 -276525.1000000000
19 -276403.1000000000
21 -276201.1000000000
24 -275329.1000000000
26 -271885.1000000000
27 -270945.1000000000
29 -270122.1000000000
37 -270066.1000000000
38 -270060.1000000000
39 -268442.1000000000
41 -268019.1000000000
42 -267547.1000000000
46 -266880.1000000000
47 -266638.1000000000
50 -266028.1000000000
54 -265824.1000000000
55 -265084.1000000000
56 -264350.1000000000
60 -264102.1000000000
69 -261225.1000000000
70 -259339.1000000000
71 -258650.1000000000
78 -258571.1000000000
85 -258331.1000000000
86 -256539.1000000000
88 -256427.1000000000
91 -256270.1000000000
92 -256026.1000000000
94 -253666.1000000000
96 -253179.1000000000
98 -252591.1000000000
99 -252365.1000000000
101 -250322.1000000000
108 -248945.1000000000
115 -248309.1000000000
116 -247942.1000000000
118 -247446.1000000000
120 -246572.1000000000
122 -245850.1000000000
123 -245803.1000000000
126 -242699.1000000000
127 -242560.1000000000
128 -240298.1000000000
129 -239072.1000000000
131 -238607.1000000000
136 -237722.1000000000
137 -236388.1000000000
148 -235565.1000000000
149 -235564.1000000000
151 -235198.1000000000
160 -233029.1000000000
164 -232724.1000000000
165 -231548.1000000000
170 -227800.1000000000
171 -227400.1000000000
177 -226463.1000000000
184 -226055.1000000000
185 -225589.1000000000
186 -224363.1000000000
187 -222463.1000000000
194 -222126.1000000000
204 -220006.1000000000
209 -219701.1000000000
214 -218323.1000000000
219 -217977.1000000000
223 -216853.1000000000
227 -216431.1000000000
228 -215431.1000000000
231 -214837.1000000000
235 -213197.1000000000
239 -212017.1000000000
247 -210509.1000000000
253 -209219.1000000000
257 -208275.1000000000
258 -207642.1000000000
260 -205872.1000000000
263 -204582.1000000000
272 -202746.1000000000
278 -202294.1000000000
281 -200826.1000000000
291 -200545.1000000000
292 -199932.1000000000
296 -197480.1000000000
297 -196302.1000000000
316 -195822.1000000000
317 -195451.1000000000
320 -194518.1000000000
322 -194208.1000000000
328 -193467.1000000000
330 -190463.1000000000
333 -186923.1000000000
356 -183339.1000000000
357 -183137.1000000000
380 -181243.1000000000
386 -180520.1000000000
396 -179745.1000000000
413 -177369.1000000000
423 -174917.1000000000
442 -174794.1000000000
444 -173540.1000000000
448 -172859.1000000000
451 -172758.1000000000
458 -172228.1000000000
459 -171615.1000000000
466 -171442.1000000000
478 -170753.1000000000
489 -168173.1000000000
497 -165242.1000000000
517 -164433.1000000000
529 -163981.1000000000
537 -163522.1000000000
546 -162848.1000000000
575 -161548.1000000000
579 -160574.1000000000
599 22538.5611353469
601 22967.7912371077
604 23098.0489792690
613 23514.3893294041
621 23616.1027873868
643 23717.2478579232
670 24117.2606378505
694 24317.2653652864
887 24417.2652297271
1148 24518.3637101883
1296 24718.3580628541
10000 -161318.1000000000
evaluations raw_y
1 -268228.1000000000
4 -267828.1000000000
5 -264080.1000000000
10 -260496.1000000000
11 -259745.1000000000
17 -257901.1000000000
24 -257675.1000000000
27 -256229.1000000000
28 -253967.1000000000
30 -253151.1000000000
31 -252428.1000000000
33 -251510.1000000000
34 -250042.1000000000
35 -246598.1000000000
36 -245775.1000000000
38 -245007.1000000000
41 -243561.1000000000
43 -241607.1000000000
44 -241405.1000000000
46 -241001.1000000000
48 -240172.1000000000
49 -239862.1000000000
51 -238342.1000000000
52 -237755.1000000000
53 -236097.1000000000
54 -233166.1000000000
55 -232774.1000000000
56 -232552.1000000000
58 -232271.1000000000
63 -231297.1000000000
65 -229423.1000000000
66 -229250.1000000000
67 -226439.1000000000
70 -226069.1000000000
71 -226038.1000000000
72 -225834.1000000000
75 -224608.1000000000
78 -224216.1000000000
90 -224105.1000000000
91 -223575.1000000000
93 -222632.1000000000
103 -222005.1000000000
104 -220627.1000000000
105 -220183.1000000000
110 -219708.1000000000
114 -218720.1000000000
116 -216998.1000000000
117 -216061.1000000000
120 -215595.1000000000
122 -214421.1000000000
123 -213462.1000000000
124 -212558.1000000000
126 -212356.1000000000
128 -211766.1000000000
130 -210943.1000000000
132 -210447.1000000000
136 -209859.1000000000
144 -209449.1000000000
145 -205701.1000000000
150 -205020.1000000000
151 -204392.1000000000
160 -202272.1000000000
169 -199944.1000000000
173 -198884.1000000000
174 -196007.1000000000
175 -195527.1000000000
176 -192423.1000000000
179 -191245.1000000000
180 -191239.1000000000
185 -190991.1000000000
192 -190017.1000000000
198 -189423.1000000000
199 -189015.1000000000
202 -188402.1000000000
212 -187713.1000000000
215 -187558.1000000000
216 -186632.1000000000
220 -185958.1000000000
224 -185018.1000000000
225 -183684.1000000000
228 -183197.1000000000
230 -182225.1000000000
238 -181225.1000000000
244 -179971.1000000000
253 -179049.1000000000
254 -178577.1000000000
255 -177964.1000000000
266 -175795.1000000000
274 -173752.1000000000
277 -173062.1000000000
282 -172696.1000000000
291 -172508.1000000000
294 -172014.1000000000
306 -171562.1000000000
317 -171191.1000000000
325 -170781.1000000000
327 -169804.1000000000
329 -169171.1000000000
332 -167409.1000000000
334 -167297.1000000000
349 -167295.1000000000
357 -167156.1000000000
372 -165936.1000000000
379 -165196.1000000000
380 -163644.1000000000
400 -161750.1000000000
403 -160990.1000000000
406 21064.5822345837
418 21157.5029502312
425 21255.6028218544
426 21347.4532646432
427 21834.6905222984
434 21989.2906589348
436 22163.2848116962
438 22261.5624407286
441 22701.4566223265
445 22760.2948534852
446 22791.1245385395
480 22890.2870283973
488 23049.9293170219
489 23183.7665352528
493 23342.4915679045
495 23369.0465534913
500 23567.8407968658
508 23606.9506811388
510 23706.3429143460
572 23885.9665176379
577 23967.3009974970
598 24030.7311921517
623 24142.3761631888
636 24181.3269751345
639 24316.2894284978
645 24363.7429877006
665 24538.3156988156
685 24664.2358305614
699 24714.3701825535
700 25075.4988854908
704 25087.4091388500
732 25111.2705355544
747 25309.9041535725
762 25462.7784046684
763 25607.7812463204
766 25753.4855659535
767 25801.5215526142
781 25866.0214923674
794 25941.0378329721
801 26018.6047012079
806 26072.5512950354
807 26350.1334768667
855 26640.3843802648
856 26750.0615597661
870 26794.4153317391
873 26956.5104274662
876 26979.3573734568
885 27189.3395183540
899 27205.3437129785
912 27304.2209145859
926 27377.8756212176
928 27455.3168797194
932 27565.4874235330
954 27869.5741873327
985 27934.8934327737
999 27981.2150631360
1093 28005.3515563120
1224 28035.0210832725
1225 28063.7687937269
1226 28207.9517375461
1333 28209.3151044779
1336 28598.2481678105
1339 28933.3121507877
1350 29019.7282546282
1355 29022.9081065847
1369 29046.8861400387
1539 29101.2418945106
10000 -160470.1000000000
evaluations raw_y
1 -301437.1000000000
4 -300848.1000000000
5 -300456.1000000000
7 -296708.1000000000
11 -296245.1000000000
14 -295912.1000000000
15 -295739.1000000000
16 -293865.1000000000
19 -291029.1000000000
21 -289155.1000000000
22 -289076.1000000000
23 -286907.1000000000
24 -283463.1000000000
28 -283055.1000000000
29 -282419.1000000000
30 -282325.1000000000
32 -280879.1000000000
35 -279377.1000000000
38 -277017.1000000000
39 -275640.1000000000
40 -272763.1000000000
43 -269447.1000000000
45 -269137.1000000000
46 -266381.1000000000
47 -263493.1000000000
50 -260682.1000000000
51 -259236.1000000000
58 -258646.1000000000
60 -257458.1000000000
62 -255572.1000000000
63 -254346.1000000000
66 -253517.1000000000
68 -252443.1000000000
69 -250891.1000000000
73 -249987.1000000000
74 -249587.1000000000
76 -249585.1000000000
77 -248825.1000000000
78 -248713.1000000000
80 -248343.1000000000
81 -248006.1000000000
85 -246498.1000000000
87 -244776.1000000000
88 -244409.1000000000
94 -242565.1000000000
95 -242503.1000000000
97 -242009.1000000000
99 -240143.1000000000
101 -239320.1000000000
104 -237440.1000000000
108 -236965.1000000000
110 -236320.1000000000
111 -235834.1000000000
112 -235112.1000000000
113 -234746.1000000000
115 -234126.1000000000
117 -233985.1000000000
118 -233745.1000000000
119 -231983.1000000000
122 -231573.1000000000
126 -231418.1000000000
127 -230650.1000000000
128 -230424.1000000000
130 -230068.1000000000
132 -226528.1000000000
135 -226124.1000000000
136 -225198.1000000000
140 -223678.1000000000
143 -222452.1000000000
148 -222250.1000000000
149 -220916.1000000000
150 -217812.1000000000
151 -217346.1000000000
153 -215346.1000000000
156 -215315.1000000000
158 -215067.1000000000
162 -214095.1000000000
174 -213995.1000000000
177 -213099.1000000000
185 -212511.1000000000
188 -212311.1000000000
189 -211997.1000000000
191 -211222.1000000000
193 -210289.1000000000
200 -208989.1000000000
202 -208300.1000000000
207 -205008.1000000000
208 -204127.1000000000
209 -201751.1000000000
215 -200776.1000000000
228 -199006.1000000000
229 -197360.1000000000
243 -195590.1000000000
244 -195138.1000000000
247 -195038.1000000000
249 -194064.1000000000
251 -193599.1000000000
255 -192411.1000000000
265 -191489.1000000000
266 -191002.1000000000
269 -190755.1000000000
279 -189834.1000000000
285 -189080.1000000000
289 -189001.1000000000
316 -187083.1000000000
325 -185189.1000000000
335 -181605.1000000000
345 -180233.1000000000
348 -180022.1000000000
352 -179651.1000000000
354 -176759.1000000000
363 -176146.1000000000
370 -175437.1000000000
384 -174500.1000000000
391 -173557.1000000000
397 -171795.1000000000
402 -170972.1000000000
407 -170728.1000000000
409 -169784.1000000000
431 -169753.1000000000
435 -168881.1000000000
442 -168429.1000000000
454 -168203.1000000000
476 -167999.1000000000
483 -166515.1000000000
496 -165928.1000000000
499 -165366.1000000000
501 -164886.1000000000
503 -164478.1000000000
521 -163658.1000000000
528 -161814.1000000000
531 -161318.1000000000
534 22571.0093902234
535 22715.4204182754
543 22815.3776287433
546 22957.4061869276
549 23043.6518637586
577 23162.4874791762
586 23275.1004110216
600 23375.7095826033
666 23470.1918953881
770 23669.6704239370
10000 -160330.1000000000
evaluations raw_y
1 -268404.1000000000
3 -268249.1000000000
4 -267599.1000000000
9 -267520.1000000000
12 -266697.1000000000
14 -266341.1000000000
16 -265705.1000000000
18 -265305.1000000000
20 -264079.1000000000
22 -263263.1000000000
23 -262675.1000000000
26 -262475.1000000000
27 -262364.1000000000
29 -261776.1000000000
36 -258004.1000000000
37 -257337.1000000000
38 -256885.1000000000
39 -256441.1000000000
40 -256051.1000000000
42 -254571.1000000000
45 -253087.1000000000
46 -252773.1000000000
49 -250899.1000000000
51 -249962.1000000000
55 -249805.1000000000
65 -249029.1000000000
67 -248416.1000000000
70 -247039.1000000000
71 -246279.1000000000
76 -243523.1000000000
77 -242936.1000000000
79 -240560.1000000000
82 -240204.1000000000
86 -239024.1000000000
93 -237770.1000000000
96 -236408.1000000000
99 -236041.1000000000
100 -235067.1000000000
102 -234381.1000000000
110 -233407.1000000000
112 -233196.1000000000
116 -231196.1000000000
119 -230792.1000000000
120 -228672.1000000000
123 -225780.1000000000
124 -222969.1000000000
128 -221669.1000000000
129 -220379.1000000000
130 -220074.1000000000
134 -218238.1000000000
137 -216620.1000000000
138 -215879.1000000000
144 -214935.1000000000
146 -214879.1000000000
148 -213507.1000000000
149 -212611.1000000000
151 -210283.1000000000
153 -209721.1000000000
161 -208892.1000000000
169 -207048.1000000000
171 -206224.1000000000
176 -202640.1000000000
178 -201951.1000000000
183 -201197.1000000000
185 -198305.1000000000
191 -196797.1000000000
197 -196334.1000000000
201 -195848.1000000000
208 -194987.1000000000
212 -193093.1000000000
214 -192150.1000000000
221 -191522.1000000000
231 -190344.1000000000
237 -188574.1000000000
241 -187514.1000000000
242 -187232.1000000000
245 -186599.1000000000
248 -185918.1000000000
255 -185779.1000000000
268 -185004.1000000000
274 -184295.1000000000
277 -182849.1000000000
280 -182236.1000000000
305 -180474.1000000000
316 -180011.1000000000
324 -179064.1000000000
330 -177618.1000000000
331 -176895.1000000000
334 -175021.1000000000
348 -174103.1000000000
386 -172929.1000000000
389 -172519.1000000000
403 -172111.1000000000
408 -171869.1000000000
417 -170897.1000000000
419 -170572.1000000000
430 -169927.1000000000
432 -168593.1000000000
453 -166831.1000000000
455 -165415.1000000000
471 -164919.1000000000
478 -164045.1000000000
491 -161462.1000000000
494 -160868.1000000000
499 -160241.1000000000
502 24314.4475216644
511 24416.2770964410
523 24520.7660894337
558 24645.2796436417
562 24749.4149205922
581 25149.6508873847
609 25251.1672847974
1213 25351.2214220327
10000 -160801.1000000000
evaluations raw_y
1 -281089.1000000000
3 -280977.1000000000
6 -280092.1000000000
8 -278370.1000000000
9 -277498.1000000000
11 -274606.1000000000
14 -274250.1000000000
17 -273329.1000000000
18 -272742.1000000000
22 -272540.1000000000
24 -271603.1000000000
31 -270269.1000000000
32 -268749.1000000000
33 -268040.1000000000
35 -265997.1000000000
37 -265605.1000000000
38 -262161.1000000000
39 -261341.1000000000
40 -260267.1000000000
43 -259875.1000000000
47 -259508.1000000000
48 -255760.1000000000
50 -254426.1000000000
52 -253703.1000000000
54 -250826.1000000000
56 -249600.1000000000
60 -249427.1000000000
63 -248546.1000000000
66 -248391.1000000000
67 -247417.1000000000
68 -246880.1000000000
72 -246292.1000000000
79 -245469.1000000000
81 -245006.1000000000
83 -243752.1000000000
87 -242891.1000000000
89 -242420.1000000000
90 -241043.1000000000
91 -241042.1000000000
94 -240675.1000000000
96 -239615.1000000000
101 -238987.1000000000
105 -238507.1000000000
106 -237329.1000000000
109 -235845.1000000000
111 -232097.1000000000
112 -231909.1000000000
113 -231422.1000000000
117 -230526.1000000000
122 -228682.1000000000
132 -228046.1000000000
138 -226866.1000000000
141 -224746.1000000000
144 -222166.1000000000
148 -219235.1000000000
149 -218641.1000000000
151 -217881.1000000000
153 -217677.1000000000
159 -217064.1000000000
160 -216220.1000000000
161 -215853.1000000000
162 -214916.1000000000
166 -214716.1000000000
167 -213794.1000000000
168 -213672.1000000000
169 -213446.1000000000
170 -212146.1000000000
172 -211171.1000000000
178 -210866.1000000000
179 -208030.1000000000
180 -205219.1000000000
189 -201447.1000000000
193 -198691.1000000000
195 -198001.1000000000
199 -197260.1000000000
203 -196730.1000000000
207 -195962.1000000000
208 -195552.1000000000
209 -195458.1000000000
213 -195427.1000000000
220 -195179.1000000000
222 -195175.1000000000
223 -194838.1000000000
224 -193850.1000000000
230 -191267.1000000000
233 -188907.1000000000
242 -188233.1000000000
248 -187289.1000000000
251 -186535.1000000000
260 -183431.1000000000
269 -182059.1000000000
282 -181185.1000000000
286 -179311.1000000000
290 -178722.1000000000
291 -178112.1000000000
296 -178106.1000000000
305 -176880.1000000000
306 -175502.1000000000
313 -173740.1000000000
329 -172094.1000000000
331 -171151.1000000000
346 -170470.1000000000
360 -170347.1000000000
361 -169903.1000000000
365 -169856.1000000000
367 -169116.1000000000
378 -168726.1000000000
381 -168370.1000000000
383 -166600.1000000000
385 -165412.1000000000
389 -165165.1000000000
413 -164520.1000000000
421 -163930.1000000000
433 -160346.1000000000
435 -159946.1000000000
442 22297.5968675777
460 22425.6856582791
484 22496.6145978045
513 22580.1687417604
552 22779.3938317227
565 22879.0036714575
581 22900.3573201375
583 23225.2140694285
589 23310.5661365746
603 23344.2468553851
606 23457.7990792301
610 23739.9634556601
618 23778.0248958902
619 23868.7724858801
666 24068.0476304106
765 24073.5299872118
773 24167.0762127868
787 24220.9170177235
830 24320.7302642535
1053 24411.2714274780
1311 24436.6223207283
1323 24516.2134041534
1324 24586.9075253472
1334 24646.1856931995
1369 25044.7543600936
10000 -161115.1000000000
evaluations raw_y
1 -273633.1000000000
5 -272165.1000000000
6 -270299.1000000000
8 -269711.1000000000
9 -269386.1000000000
10 -267624.1000000000
15 -265476.1000000000
18 -264222.1000000000
20 -263245.1000000000
21 -261991.1000000000
22 -259822.1000000000
27 -258896.1000000000
31 -258452.1000000000
35 -257862.1000000000
36 -257397.1000000000
38 -256655.1000000000
39 -254997.1000000000
40 -254221.1000000000
41 -253540.1000000000
42 -252818.1000000000
47 -249070.1000000000
48 -248958.1000000000
50 -248470.1000000000
52 -247710.1000000000
53 -247343.1000000000
55 -245621.1000000000
66 -242517.1000000000
70 -241867.1000000000
73 -240533.1000000000
74 -239089.1000000000
75 -238697.1000000000
76 -237738.1000000000
79 -237144.1000000000
81 -237033.1000000000
86 -235857.1000000000
87 -235041.1000000000
88 -234396.1000000000
94 -230624.1000000000
97 -230172.1000000000
110 -229349.1000000000
113 -228760.1000000000
115 -228288.1000000000
117 -227459.1000000000
118 -226832.1000000000
120 -226212.1000000000
121 -224092.1000000000
126 -222904.1000000000
127 -222558.1000000000
128 -221654.1000000000
129 -219884.1000000000
130 -219684.1000000000
131 -219584.1000000000
132 -218206.1000000000
142 -216362.1000000000
143 -215388.1000000000
145 -213596.1000000000
151 -213110.1000000000
156 -211348.1000000000
157 -211342.1000000000
158 -210879.1000000000
174 -210523.1000000000
175 -209703.1000000000
183 -209336.1000000000
185 -209335.1000000000
189 -208925.1000000000
192 -207751.1000000000
199 -205171.1000000000
205 -204861.1000000000
209 -204722.1000000000
211 -203502.1000000000
213 -201950.1000000000
214 -201006.1000000000
220 -200526.1000000000
231 -197522.1000000000
243 -197112.1000000000
244 -196616.1000000000
252 -196494.1000000000
257 -196042.1000000000
258 -194862.1000000000
259 -194387.1000000000
263 -194275.1000000000
268 -190959.1000000000
269 -190372.1000000000
273 -189549.1000000000
275 -189394.1000000000
279 -188758.1000000000
283 -188068.1000000000
284 -187678.1000000000
291 -184867.1000000000
302 -183920.1000000000
319 -183292.1000000000
320 -182104.1000000000
324 -180636.1000000000
330 -178800.1000000000
353 -177466.1000000000
371 -176725.1000000000
380 -176051.1000000000
389 -172051.1000000000
400 -171804.1000000000
406 -171757.1000000000
414 -170311.1000000000
418 -168311.1000000000
440 -167085.1000000000
465 -166396.1000000000
468 -165456.1000000000
472 -163582.1000000000
473 -163580.1000000000
478 -163457.1000000000
503 -162844.1000000000
504 -162596.1000000000
509 -161150.1000000000
510 -160514.1000000000
514 -160114.1000000000
533 23582.5741472604
535 23978.1249159692
563 24379.2196310713
614 24489.5314109255
665 24690.0592911265
723 24890.5883485537
726 24990.8506543445
984 25093.7191511379
1156 25196.5917473697
10000 -160310.1000000000
evaluations raw_y
1 -281166.1000000000
3 -280578.1000000000
4 -279869.1000000000
10 -278107.1000000000
12 -277222.1000000000
13 -276300.1000000000
14 -274508.1000000000
18 -272634.1000000000
21 -270740.1000000000
25 -269094.1000000000
27 -268868.1000000000
28 -268128.1000000000
30 -267757.1000000000
34 -267396.1000000000
37 -264944.1000000000
39 -264354.1000000000
42 -263480.1000000000
43 -263175.1000000000
46 -260244.1000000000
49 -259490.1000000000
51 -258572.1000000000
54 -257860.1000000000
58 -257470.1000000000
61 -257439.1000000000
64 -257433.1000000000
72 -257332.1000000000
77 -256523.1000000000
79 -255579.1000000000
81 -254607.1000000000
82 -253633.1000000000
83 -253153.1000000000
84 -251267.1000000000
87 -250581.1000000000
88 -248941.1000000000
92 -248818.1000000000
94 -248095.1000000000
96 -246679.1000000000
98 -243095.1000000000
105 -241761.1000000000
106 -241394.1000000000
112 -240971.1000000000
113 -240496.1000000000
114 -240494.1000000000
117 -240382.1000000000
121 -239558.1000000000
124 -238908.1000000000
129 -236456.1000000000
131 -235962.1000000000
132 -234786.1000000000
136 -233849.1000000000
138 -233383.1000000000
143 -233195.1000000000
148 -231817.1000000000
155 -231041.1000000000
159 -227501.1000000000
169 -223753.1000000000
175 -222285.1000000000
181 -221755.1000000000
188 -221292.1000000000
193 -220848.1000000000
197 -219404.1000000000
202 -218457.1000000000
204 -217095.1000000000
205 -216121.1000000000
210 -214503.1000000000
211 -214040.1000000000
216 -212820.1000000000
226 -210460.1000000000
227 -210454.1000000000
229 -208952.1000000000
237 -206141.1000000000
239 -205194.1000000000
242 -204014.1000000000
244 -202494.1000000000
247 -202157.1000000000
250 -201198.1000000000
252 -200746.1000000000
259 -199456.1000000000
262 -198766.1000000000
263 -197298.1000000000
264 -194462.1000000000
266 -193773.1000000000
268 -191893.1000000000
275 -191219.1000000000
278 -189929.1000000000
281 -187130.1000000000
283 -186722.1000000000
285 -186581.1000000000
299 -185830.1000000000
302 -183986.1000000000
306 -183009.1000000000
308 -181247.1000000000
310 -179403.1000000000
311 -178635.1000000000
316 -178541.1000000000
320 -176165.1000000000
323 -175342.1000000000
326 -174088.1000000000
359 -172134.1000000000
362 -171669.1000000000
370 -170489.1000000000
388 -170079.1000000000
396 -169517.1000000000
406 -169317.1000000000
422 -168684.1000000000
425 -168682.1000000000
433 -168560.1000000000
437 -167998.1000000000
445 -167843.1000000000
453 -166397.1000000000
463 -165447.1000000000
466 -164603.1000000000
483 -163666.1000000000
495 -162164.1000000000
505 -161224.1000000000
509 -159970.1000000000
520 22796.2297938707
521 23182.7984499338
528 23287.0231205287
530 23686.8071945823
602 23787.8310911655
650 23987.7159322026
10000 -160413.1000000000
evaluations raw_y
1 -275215.1000000000
3 -272211.1000000000
4 -271151.1000000000
5 -270761.1000000000
6 -269535.1000000000
7 -268563.1000000000
9 -267147.1000000000
10 -267025.1000000000
13 -266051.1000000000
14 -264215.1000000000
17 -264214.1000000000
24 -263868.1000000000
26 -263372.1000000000
28 -262082.1000000000
30 -261715.1000000000
34 -260993.1000000000
37 -260067.1000000000
38 -259663.1000000000
39 -258745.1000000000
41 -258056.1000000000
42 -257576.1000000000
43 -254132.1000000000
44 -253827.1000000000
45 -252953.1000000000
47 -252751.1000000000
48 -251627.1000000000
49 -250401.1000000000
55 -249527.1000000000
57 -248965.1000000000
59 -247091.1000000000
61 -245048.1000000000
62 -242786.1000000000
66 -241128.1000000000
69 -240308.1000000000
71 -239634.1000000000
72 -236798.1000000000
74 -236641.1000000000
75 -236635.1000000000
76 -235457.1000000000
78 -235453.1000000000
79 -234035.1000000000
80 -233572.1000000000
83 -232200.1000000000
84 -230408.1000000000
85 -229920.1000000000
86 -229918.1000000000
89 -229636.1000000000
96 -229046.1000000000
100 -228802.1000000000
110 -226922.1000000000
122 -225545.1000000000
124 -225404.1000000000
129 -224467.1000000000
132 -224355.1000000000
135 -223532.1000000000
137 -222088.1000000000
143 -218796.1000000000
146 -216676.1000000000
148 -216309.1000000000
151 -215332.1000000000
161 -214509.1000000000
163 -214057.1000000000
165 -213136.1000000000
173 -210244.1000000000
178 -207313.1000000000
181 -206553.1000000000
183 -204783.1000000000
185 -202897.1000000000
192 -202841.1000000000
196 -202835.1000000000
197 -201333.1000000000
198 -200411.1000000000
203 -199925.1000000000
204 -197971.1000000000
215 -197285.1000000000
217 -196649.1000000000
219 -194649.1000000000
221 -193840.1000000000
225 -192070.1000000000
227 -191660.1000000000
232 -191559.1000000000
234 -190926.1000000000
252 -188778.1000000000
255 -188370.1000000000
256 -188270.1000000000
260 -187580.1000000000
273 -187018.1000000000
290 -186295.1000000000
293 -184395.1000000000
296 -183033.1000000000
299 -182662.1000000000
303 -181362.1000000000
306 -181006.1000000000
316 -179112.1000000000
318 -179050.1000000000
330 -178103.1000000000
332 -177681.1000000000
343 -177400.1000000000
347 -176755.1000000000
354 -175783.1000000000
364 -173203.1000000000
369 -173015.1000000000
390 -172325.1000000000
396 -172085.1000000000
408 -171497.1000000000
409 -171275.1000000000
413 -168387.1000000000
419 -167751.1000000000
420 -167418.1000000000
431 -166808.1000000000
432 -165985.1000000000
444 -165874.1000000000
459 -165430.1000000000
481 -164256.1000000000
485 -162810.1000000000
487 21957.4294129866
489 22057.3229041308
497 22139.2737400979
504 22309.3644049965
510 22394.9723267204
527 22593.9023390275
531 22717.9365522289
537 22807.5515418353
540 22856.5657613639
548 22860.8218963066
569 22892.7760860765
570 23041.6581837954
577 23184.7964026928
579 23247.0641254497
581 23334.5169539718
586 23433.8129236700
600 23831.7887654006
636 23893.4856050088
639 23951.1086733339
641 24012.9428054089
643 24027.1404329632
683 24147.0517693076
686 24204.2046410058
691 24297.1199629114
696 24355.2084669811
706 24476.9049607990
716 24513.0582046184
717 24580.9428863398
740 24779.9652587067
806 24784.1870614204
821 24838.8450149919
824 24938.5510359349
858 24986.8207039464
978 24994.5641725416
1021 25049.6880349228
1061 25131.6451039534
10000 25041.6699917161
evaluations raw_y
1 -282135.1000000000
6 -282056.1000000000
7 -279245.1000000000
8 -278171.1000000000
9 -277825.1000000000
10 -277511.1000000000
12 -274675.1000000000
14 -274086.1000000000
16 -271330.1000000000
19 -269810.1000000000
20 -269716.1000000000
24 -268779.1000000000
26 -267333.1000000000
27 -266459.1000000000
28 -265814.1000000000
30 -265443.1000000000
34 -264109.1000000000
37 -262469.1000000000
41 -262061.1000000000
45 -261982.1000000000
46 -260794.1000000000
47 -259460.1000000000
51 -258973.1000000000
52 -258816.1000000000
53 -257398.1000000000
54 -256144.1000000000
55 -256088.1000000000
56 -255460.1000000000
58 -253560.1000000000
61 -253372.1000000000
62 -252422.1000000000
63 -251496.1000000000
66 -251016.1000000000
71 -248847.1000000000
72 -248285.1000000000
74 -246839.1000000000
76 -246469.1000000000
78 -246357.1000000000
79 -245965.1000000000
81 -244121.1000000000
85 -243662.1000000000
90 -242758.1000000000
97 -240914.1000000000
99 -240867.1000000000
101 -240530.1000000000
103 -240078.1000000000
105 -238316.1000000000
108 -237556.1000000000
113 -237060.1000000000
115 -236237.1000000000
116 -235647.1000000000
119 -235255.1000000000
122 -234888.1000000000
123 -234003.1000000000
124 -233848.1000000000
125 -233373.1000000000
126 -232651.1000000000
127 -229720.1000000000
130 -228746.1000000000
131 -225302.1000000000
132 -225202.1000000000
136 -224373.1000000000
137 -223737.1000000000
138 -223432.1000000000
139 -222558.1000000000
140 -221697.1000000000
142 -220750.1000000000
143 -220262.1000000000
146 -218114.1000000000
155 -216938.1000000000
157 -215966.1000000000
161 -215556.1000000000
162 -211808.1000000000
169 -210834.1000000000
171 -209656.1000000000
178 -208596.1000000000
181 -208235.1000000000
190 -207783.1000000000
196 -207253.1000000000
198 -206253.1000000000
203 -202481.1000000000
210 -201255.1000000000
216 -201033.1000000000
218 -199079.1000000000
229 -197193.1000000000
232 -194741.1000000000
237 -194278.1000000000
252 -193335.1000000000
255 -191851.1000000000
256 -190979.1000000000
259 -190623.1000000000
274 -189435.1000000000
275 -187555.1000000000
278 -185512.1000000000
281 -184388.1000000000
282 -183925.1000000000
294 -180385.1000000000
298 -179426.1000000000
300 -178737.1000000000
302 -178143.1000000000
306 -177199.1000000000
317 -175821.1000000000
319 -174531.1000000000
326 -172613.1000000000
336 -172409.1000000000
339 -171633.1000000000
341 -171627.1000000000
351 -170337.1000000000
352 -169775.1000000000
356 -168403.1000000000
362 -167753.1000000000
363 -167471.1000000000
371 -166934.1000000000
373 -164672.1000000000
374 -164347.1000000000
377 -163980.1000000000
383 -163062.1000000000
388 -162695.1000000000
408 -162230.1000000000
410 -161750.1000000000
412 -161123.1000000000
423 -160146.1000000000
430 22927.3161653566
431 23133.1210158088
432 23238.0088581149
464 23333.3970768729
573 23433.1893447046
595 23832.3575716292
674 24031.9369931562
715 24132.0122478566
10000 -161139.1000000000
evaluations raw_y
1 -267595.1000000000
2 -267484.1000000000
6 -266484.1000000000
7 -263901.1000000000
8 -263713.1000000000
9 -262852.1000000000
10 -260898.1000000000
11 -260075.1000000000
12 -259595.1000000000
13 -259203.1000000000
14 -258282.1000000000
15 -257693.1000000000
17 -255819.1000000000
19 -255209.1000000000
20 -254843.1000000000
24 -253869.1000000000
25 -253643.1000000000
26 -252706.1000000000
28 -252025.1000000000
29 -251205.1000000000
38 -250782.1000000000
40 -250720.1000000000
41 -250232.1000000000
42 -249612.1000000000
43 -248638.1000000000
48 -247862.1000000000
51 -247399.1000000000
52 -246913.1000000000
54 -246323.1000000000
56 -245097.1000000000
63 -242166.1000000000
66 -240664.1000000000
67 -239841.1000000000
69 -239196.1000000000
70 -237426.1000000000
72 -237425.1000000000
75 -235525.1000000000
80 -234716.1000000000
82 -234685.1000000000
85 -233239.1000000000
90 -232612.1000000000
92 -231665.1000000000
101 -231421.1000000000
104 -231075.1000000000
107 -230875.1000000000
110 -229898.1000000000
112 -229175.1000000000
116 -227885.1000000000
123 -227110.1000000000
138 -226623.1000000000
141 -226412.1000000000
151 -226004.1000000000
159 -224110.1000000000
163 -222470.1000000000
166 -221523.1000000000
167 -221064.1000000000
168 -220660.1000000000
175 -220613.1000000000
177 -219654.1000000000
178 -219244.1000000000
185 -216792.1000000000
186 -214948.1000000000
187 -214869.1000000000
196 -214813.1000000000
200 -213633.1000000000
202 -213407.1000000000
205 -212665.1000000000
206 -211791.1000000000
211 -211668.1000000000
212 -209088.1000000000
218 -208116.1000000000
220 -206890.1000000000
221 -205994.1000000000
240 -205624.1000000000
242 -205036.1000000000
245 -204369.1000000000
254 -203683.1000000000
264 -203187.1000000000
272 -199187.1000000000
281 -197707.1000000000
287 -194871.1000000000
288 -194377.1000000000
289 -193902.1000000000
290 -193274.1000000000
294 -190397.1000000000
300 -190395.1000000000
319 -189105.1000000000
321 -188393.1000000000
325 -188299.1000000000
333 -187377.1000000000
340 -186840.1000000000
347 -185372.1000000000
351 -184920.1000000000
362 -184145.1000000000
382 -184045.1000000000
385 -182283.1000000000
397 -181365.1000000000
402 -179491.1000000000
426 -176047.1000000000
430 -174047.1000000000
442 -173306.1000000000
443 -173104.1000000000
449 -172771.1000000000
454 -171009.1000000000
455 -169565.1000000000
468 -169563.1000000000
473 -168734.1000000000
477 -167226.1000000000
485 -163454.1000000000
497 -162700.1000000000
505 -162237.1000000000
506 -161493.1000000000
517 -161168.1000000000
532 23625.2188792568
533 25075.0203239813
545 25247.3329331796
574 25448.0689027564
621 25560.6467843554
623 25661.0048868742
678 25861.7216453053
699 25964.7311535557
10000 -161407.1000000000
evaluations raw_y
1 -293439.1000000000
2 -291959.1000000000
3 -287959.1000000000
4 -287859.1000000000
8 -287720.1000000000
9 -287240.1000000000
11 -286915.1000000000
17 -285915.1000000000
18 -285041.1000000000
19 -284360.1000000000
23 -284149.1000000000
24 -283923.1000000000
25 -283567.1000000000
26 -282630.1000000000
29 -282599.1000000000
30 -282232.1000000000
31 -281336.1000000000
33 -280512.1000000000
36 -278668.1000000000
39 -277892.1000000000
40 -277256.1000000000
41 -276923.1000000000
42 -275131.1000000000
44 -273955.1000000000
45 -272037.1000000000
49 -270703.1000000000
50 -269483.1000000000
56 -269020.1000000000
58 -268958.1000000000
61 -268369.1000000000
64 -267635.1000000000
66 -266923.1000000000
68 -266577.1000000000
70 -266155.1000000000
71 -265215.1000000000
73 -263881.1000000000
78 -260877.1000000000
80 -257337.1000000000
86 -256945.1000000000
91 -256317.1000000000
96 -254363.1000000000
99 -254081.1000000000
101 -252827.1000000000
102 -252826.1000000000
106 -251274.1000000000
108 -248382.1000000000
109 -246022.1000000000
115 -245193.1000000000
117 -244949.1000000000
123 -244208.1000000000
126 -242334.1000000000
129 -240498.1000000000
135 -239052.1000000000
140 -238093.1000000000
141 -236915.1000000000
142 -236171.1000000000
145 -235998.1000000000
166 -234621.1000000000
169 -234590.1000000000
170 -233709.1000000000
172 -230817.1000000000
177 -230330.1000000000
183 -230082.1000000000
187 -226498.1000000000
197 -224852.1000000000
200 -223930.1000000000
205 -223012.1000000000
209 -222656.1000000000
212 -220280.1000000000
215 -219870.1000000000
226 -217870.1000000000
227 -216026.1000000000
228 -215903.1000000000
230 -215428.1000000000
232 -215226.1000000000
242 -214616.1000000000
252 -210868.1000000000
256 -209424.1000000000
263 -205676.1000000000
271 -203224.1000000000
274 -199452.1000000000
279 -198162.1000000000
290 -197290.1000000000
295 -195844.1000000000
303 -193392.1000000000
313 -193390.1000000000
322 -192803.1000000000
326 -192403.1000000000
328 -191907.1000000000
334 -190027.1000000000
341 -189053.1000000000
346 -188106.1000000000
377 -186918.1000000000
392 -185730.1000000000
403 -183150.1000000000
410 -182664.1000000000
411 -181714.1000000000
427 -180296.1000000000
441 -179573.1000000000
445 -178089.1000000000
451 -177476.1000000000
454 -176753.1000000000
481 -176345.1000000000
490 -175656.1000000000
516 -174668.1000000000
519 -171564.1000000000
521 -171342.1000000000
531 -170952.1000000000
534 -170129.1000000000
536 -170028.1000000000
545 -169466.1000000000
565 -167572.1000000000
574 -166978.1000000000
614 -165532.1000000000
623 -164781.1000000000
645 -163804.1000000000
648 -163267.1000000000
677 -161799.1000000000
685 -160159.1000000000
697 23531.4962681515
698 23923.1642423066
699 24084.9441797887
700 24774.0298957731
703 24997.8843967940
705 25399.7047216301
706 25675.1464481080
723 25813.6061091150
791 26014.2982757895
913 26117.2325678007
1304 26220.1649393637
1469 26320.5055573266
2135 26521.1872510688
10000 -162393.1000000000
evaluations raw_y
1 -264870.1000000000
10 -264418.1000000000
11 -262042.1000000000
12 -261942.1000000000
13 -261801.1000000000
14 -261468.1000000000
15 -260980.1000000000
18 -260157.1000000000
22 -259713.1000000000
26 -258161.1000000000
28 -258160.1000000000
31 -257956.1000000000
32 -257019.1000000000
34 -256386.1000000000
36 -255563.1000000000
37 -255100.1000000000
38 -254620.1000000000
39 -254573.1000000000
41 -254236.1000000000
46 -253314.1000000000
47 -251762.1000000000
50 -250785.1000000000
51 -250706.1000000000
54 -248788.1000000000
58 -248649.1000000000
59 -247982.1000000000
60 -247153.1000000000
61 -246464.1000000000
62 -245644.1000000000
64 -244970.1000000000
65 -243782.1000000000
66 -240678.1000000000
68 -240215.1000000000
69 -239749.1000000000
75 -239326.1000000000
76 -237157.1000000000
78 -236537.1000000000
79 -235160.1000000000
83 -234550.1000000000
88 -234194.1000000000
89 -233418.1000000000
91 -230414.1000000000
95 -226666.1000000000
100 -225805.1000000000
102 -225579.1000000000
104 -224929.1000000000
106 -223751.1000000000
112 -222804.1000000000
116 -221082.1000000000
118 -219312.1000000000
119 -218353.1000000000
122 -217053.1000000000
123 -216079.1000000000
128 -215853.1000000000
130 -214881.1000000000
131 -214670.1000000000
132 -214190.1000000000
136 -212688.1000000000
137 -211954.1000000000
138 -211860.1000000000
144 -211804.1000000000
146 -210930.1000000000
147 -210207.1000000000
148 -208727.1000000000
157 -208402.1000000000
162 -207716.1000000000
166 -207604.1000000000
167 -206160.1000000000
172 -204714.1000000000
173 -204069.1000000000
178 -203896.1000000000
180 -203529.1000000000
182 -202942.1000000000
184 -200822.1000000000
192 -199060.1000000000
197 -198589.1000000000
198 -198179.1000000000
218 -198024.1000000000
221 -194484.1000000000
223 -192826.1000000000
230 -192820.1000000000
241 -191760.1000000000
243 -191308.1000000000
244 -190695.1000000000
249 -190005.1000000000
250 -188105.1000000000
253 -187382.1000000000
260 -187021.1000000000
265 -186277.1000000000
266 -185340.1000000000
270 -184948.1000000000
273 -182588.1000000000
274 -181464.1000000000
288 -179980.1000000000
289 -179733.1000000000
292 -179363.1000000000
301 -177215.1000000000
315 -175261.1000000000
320 -174073.1000000000
335 -172605.1000000000
343 -172291.1000000000
347 -171901.1000000000
348 -170065.1000000000
360 -168619.1000000000
371 -167910.1000000000
385 -166538.1000000000
406 -165598.1000000000
411 -164823.1000000000
414 -164210.1000000000
417 -163289.1000000000
421 -159973.1000000000
423 23225.2108449228
424 23771.2749818797
425 24093.4515426065
431 24187.7066152700
489 24288.6786017209
529 24389.6179452701
548 24589.4380727725
549 24989.0698658565
627 25085.2726709212
747 25285.0343286472
1669 25384.9136806614
10000 -160403.1000000000
evaluations raw_y
1 -281290.1000000000
2 -281196.1000000000
5 -281039.1000000000
6 -280350.1000000000
7 -278022.1000000000
10 -277198.1000000000
11 -276261.1000000000
12 -275438.1000000000
13 -271854.1000000000
14 -271446.1000000000
19 -270818.1000000000
20 -269638.1000000000
21 -267720.1000000000
22 -267133.1000000000
23 -266196.1000000000
24 -265716.1000000000
25 -263872.1000000000
28 -263011.1000000000
30 -262036.1000000000
32 -261690.1000000000
33 -261334.1000000000
34 -261333.1000000000
36 -259571.1000000000
38 -258961.1000000000
39 -257773.1000000000
41 -257160.1000000000
43 -256234.1000000000
44 -254714.1000000000
45 -253742.1000000000
47 -253516.1000000000
49 -253405.1000000000
50 -253015.1000000000
55 -252644.1000000000
58 -251456.1000000000
60 -249194.1000000000
62 -247832.1000000000
64 -247776.1000000000
65 -247324.1000000000
68 -244872.1000000000
69 -242420.1000000000
72 -239837.1000000000
73 -236089.1000000000
74 -234717.1000000000
77 -234223.1000000000
88 -233403.1000000000
89 -233013.1000000000
91 -229473.1000000000
92 -229051.1000000000
93 -227281.1000000000
94 -226999.1000000000
95 -225709.1000000000
101 -224776.1000000000
105 -223332.1000000000
109 -222866.1000000000
111 -221096.1000000000
112 -220373.1000000000
120 -219886.1000000000
121 -219005.1000000000
123 -218392.1000000000
128 -217917.1000000000
129 -217284.1000000000
136 -217096.1000000000
140 -216652.1000000000
141 -215918.1000000000
142 -214472.1000000000
153 -214105.1000000000
158 -211306.1000000000
161 -210583.1000000000
162 -209679.1000000000
166 -208705.1000000000
167 -204705.1000000000
171 -203755.1000000000
178 -201175.1000000000
184 -200927.1000000000
201 -199701.1000000000
207 -198925.1000000000
209 -196925.1000000000
210 -196723.1000000000
215 -194887.1000000000
218 -194002.1000000000
229 -193879.1000000000
232 -193479.1000000000
234 -193448.1000000000
243 -190637.1000000000
245 -188915.1000000000
253 -187994.1000000000
256 -187882.1000000000
262 -187577.1000000000
277 -186768.1000000000
281 -186668.1000000000
284 -186203.1000000000
289 -185889.1000000000
292 -185145.1000000000
296 -184901.1000000000
299 -184620.1000000000
302 -184212.1000000000
310 -183383.1000000000
312 -183228.1000000000
315 -182405.1000000000
327 -179513.1000000000
329 -178951.1000000000
335 -178829.1000000000
337 -178618.1000000000
361 -177982.1000000000
368 -176536.1000000000
383 -174642.1000000000
393 -173683.1000000000
395 -172943.1000000000
405 -172864.1000000000
409 -171384.1000000000
411 -171158.1000000000
416 -170954.1000000000
420 -169620.1000000000
436 -169283.1000000000
447 -168508.1000000000
459 -167919.1000000000
468 -167913.1000000000
469 -167351.1000000000
473 -165308.1000000000
492 -164720.1000000000
496 -164257.1000000000
500 -161369.1000000000
501 -160959.1000000000
504 23600.2844489866
505 23726.7052107594
509 23900.6111930239
580 24100.7791797739
1053 24300.9479672301
1143 24402.7853792102
1163 24506.5570066983
1210 24606.6253419818
10000 -161775.1000000000
evaluations raw_y
1 -274721.1000000000
2 -274642.1000000000
7 -274154.1000000000
11 -273981.1000000000
12 -273581.1000000000
13 -272638.1000000000
14 -270310.1000000000
15 -269373.1000000000
18 -269151.1000000000
20 -268707.1000000000
22 -267733.1000000000
27 -266513.1000000000
28 -266152.1000000000
30 -266121.1000000000
32 -264831.1000000000
36 -264591.1000000000
37 -263717.1000000000
38 -263562.1000000000
41 -263351.1000000000
43 -261589.1000000000
45 -261102.1000000000
47 -260176.1000000000
48 -259315.1000000000
50 -255567.1000000000
52 -254947.1000000000
56 -254123.1000000000
57 -253715.1000000000
58 -251595.1000000000
61 -249143.1000000000
66 -248861.1000000000
67 -248505.1000000000
68 -247915.1000000000
69 -244375.1000000000
71 -244173.1000000000
78 -243487.1000000000
80 -243022.1000000000
83 -240091.1000000000
86 -238299.1000000000
88 -237654.1000000000
89 -236707.1000000000
94 -236460.1000000000
98 -236366.1000000000
100 -234522.1000000000
109 -233781.1000000000
112 -231198.1000000000
113 -230917.1000000000
114 -228161.1000000000
118 -225269.1000000000
120 -224294.1000000000
121 -223890.1000000000
123 -223277.1000000000
129 -222099.1000000000
137 -221127.1000000000
138 -219947.1000000000
139 -219759.1000000000
143 -217879.1000000000
144 -217569.1000000000
148 -217365.1000000000
151 -216871.1000000000
156 -216645.1000000000
162 -216566.1000000000
166 -216427.1000000000
167 -215253.1000000000
168 -214757.1000000000
171 -214753.1000000000
177 -214330.1000000000
184 -212444.1000000000
187 -212344.1000000000
190 -211470.1000000000
191 -209604.1000000000
192 -208968.1000000000
194 -207991.1000000000
196 -206575.1000000000
209 -204731.1000000000
215 -202688.1000000000
217 -201934.1000000000
221 -200164.1000000000
222 -199335.1000000000
232 -198109.1000000000
250 -196601.1000000000
251 -193713.1000000000
253 -193711.1000000000
254 -193485.1000000000
255 -191715.1000000000
258 -191473.1000000000
261 -191168.1000000000
271 -190822.1000000000
273 -189848.1000000000
282 -187049.1000000000
285 -184597.1000000000
314 -182237.1000000000
316 -181989.1000000000
321 -181356.1000000000
322 -180356.1000000000
329 -179588.1000000000
333 -178899.1000000000
337 -178165.1000000000
340 -177475.1000000000
343 -175829.1000000000
345 -175419.1000000000
350 -174239.1000000000
352 -171659.1000000000
363 -170157.1000000000
369 -169824.1000000000
377 -169262.1000000000
384 -168799.1000000000
386 -168132.1000000000
389 -166474.1000000000
417 -165028.1000000000
419 -164997.1000000000
420 -163553.1000000000
451 -162616.1000000000
459 -162249.1000000000
480 -161505.1000000000
492 -161053.1000000000
568 -160601.1000000000
577 -160129.1000000000
585 -160006.1000000000
621 21323.7533054588
622 21770.1151242449
623 21827.4173087368
630 21919.2217287881
642 22018.7886094144
661 22218.1218902287
676 22317.6822360976
722 22517.0082293918
1036 22616.6684731514
10000 -159987.1000000000
evaluations raw_y
1 -267800.1000000000
2 -266919.1000000000
3 -265083.1000000000
4 -264341.1000000000
5 -263115.1000000000
6 -262193.1000000000
8 -261606.1000000000
14 -261465.1000000000
15 -260876.1000000000
22 -260539.1000000000
24 -260067.1000000000
25 -259434.1000000000
27 -258897.1000000000
28 -255453.1000000000
30 -255001.1000000000
32 -254027.1000000000
35 -251191.1000000000
36 -250603.1000000000
43 -247792.1000000000
46 -245036.1000000000
47 -243484.1000000000
49 -241590.1000000000
50 -240466.1000000000
51 -239050.1000000000
52 -238360.1000000000
61 -234776.1000000000
62 -234290.1000000000
65 -233036.1000000000
67 -232989.1000000000
68 -231509.1000000000
70 -231505.1000000000
71 -229743.1000000000
72 -228769.1000000000
74 -227479.1000000000
75 -226703.1000000000
77 -224120.1000000000
78 -221668.1000000000
80 -220845.1000000000
81 -220474.1000000000
84 -220443.1000000000
86 -218489.1000000000
88 -218410.1000000000
89 -216890.1000000000
90 -215931.1000000000
91 -215155.1000000000
92 -214326.1000000000
93 -211998.1000000000
98 -211154.1000000000
102 -210679.1000000000
105 -210435.1000000000
106 -208266.1000000000
115 -207599.1000000000
118 -207140.1000000000
120 -206372.1000000000
121 -206316.1000000000
123 -205906.1000000000
128 -204288.1000000000
133 -203898.1000000000
134 -203776.1000000000
141 -202330.1000000000
149 -199750.1000000000
152 -198572.1000000000
156 -196572.1000000000
162 -195639.1000000000
165 -195466.1000000000
168 -194176.1000000000
176 -190428.1000000000
178 -188658.1000000000
187 -188195.1000000000
189 -187948.1000000000
192 -187001.1000000000
199 -186797.1000000000
202 -186301.1000000000
205 -185477.1000000000
212 -184403.1000000000
218 -183041.1000000000
224 -182396.1000000000
226 -181424.1000000000
233 -179978.1000000000
234 -179034.1000000000
236 -177854.1000000000
238 -177612.1000000000
244 -176984.1000000000
255 -175804.1000000000
261 -173656.1000000000
274 -172284.1000000000
285 -171108.1000000000
287 -170385.1000000000
291 -170060.1000000000
293 -169374.1000000000
296 -168434.1000000000
299 -167659.1000000000
300 -166013.1000000000
321 -165708.1000000000
322 -163348.1000000000
323 -162754.1000000000
329 -162104.1000000000
331 -161167.1000000000
372 -160344.1000000000
385 25193.6390411320
390 25569.1713112618
406 25710.3680719308
460 25812.9320079226
493 25923.2706355122
10000 -160548.1000000000
evaluations raw_y
1 -288469.1000000000
3 -287881.1000000000
5 -286591.1000000000
7 -285632.1000000000
8 -282744.1000000000
9 -282131.1000000000
10 -281794.1000000000
11 -278478.1000000000
13 -276026.1000000000
14 -275970.1000000000
17 -275964.1000000000
18 -275933.1000000000
19 -275525.1000000000
20 -274963.1000000000
21 -272815.1000000000
24 -272642.1000000000
25 -271670.1000000000
26 -270720.1000000000
27 -270494.1000000000
29 -269650.1000000000
36 -267814.1000000000
38 -266892.1000000000
39 -264309.1000000000
40 -261417.1000000000
44 -259909.1000000000
45 -259538.1000000000
47 -259073.1000000000
49 -257627.1000000000
50 -254335.1000000000
51 -250891.1000000000
56 -250115.1000000000
57 -249392.1000000000
60 -248669.1000000000
63 -247117.1000000000
64 -244741.1000000000
66 -244351.1000000000
69 -244018.1000000000
71 -242840.1000000000
74 -241222.1000000000
80 -240586.1000000000
82 -240134.1000000000
88 -236134.1000000000
89 -235852.1000000000
94 -235542.1000000000
97 -235079.1000000000
98 -232202.1000000000
100 -230302.1000000000
101 -229880.1000000000
108 -229253.1000000000
112 -228928.1000000000
116 -227206.1000000000
118 -226839.1000000000
121 -225892.1000000000
124 -224446.1000000000
125 -221442.1000000000
127 -219524.1000000000
129 -217072.1000000000
130 -215302.1000000000
131 -214669.1000000000
138 -213167.1000000000
142 -213010.1000000000
144 -212324.1000000000
147 -211696.1000000000
150 -211202.1000000000
157 -209718.1000000000
159 -209381.1000000000
165 -209269.1000000000
178 -208326.1000000000
179 -207338.1000000000
181 -207127.1000000000
182 -207027.1000000000
184 -203443.1000000000
186 -203221.1000000000
197 -200422.1000000000
199 -199088.1000000000
201 -198475.1000000000
202 -197700.1000000000
203 -197055.1000000000
210 -196468.1000000000
213 -194948.1000000000
215 -194172.1000000000
220 -192278.1000000000
231 -190832.1000000000
238 -189772.1000000000
247 -189368.1000000000
250 -185620.1000000000
251 -185315.1000000000
252 -185253.1000000000
253 -183084.1000000000
254 -182212.1000000000
263 -181760.1000000000
269 -179886.1000000000
274 -179686.1000000000
276 -179294.1000000000
277 -178552.1000000000
280 -177723.1000000000
282 -175961.1000000000
296 -175271.1000000000
305 -172691.1000000000
306 -171765.1000000000
311 -168017.1000000000
323 -166837.1000000000
327 -166014.1000000000
331 -165401.1000000000
332 -165322.1000000000
340 -163854.1000000000
341 -163731.1000000000
351 -163426.1000000000
376 -162452.1000000000
386 -161036.1000000000
389 -160220.1000000000
391 25266.0125206418
397 25463.1292885173
451 25577.4814701651
548 25978.5959269980
627 26081.6603526481
644 26282.2121103712
10000 -160300.1000000000
evaluations raw_y
1 -264040.1000000000
2 -263577.1000000000
4 -262627.1000000000
5 -261690.1000000000
10 -258106.1000000000
11 -257362.1000000000
12 -257251.1000000000
13 -256721.1000000000
18 -256329.1000000000
22 -255643.1000000000
23 -255441.1000000000
24 -254079.1000000000
29 -253857.1000000000
31 -253795.1000000000
32 -253513.1000000000
33 -252097.1000000000
35 -250921.1000000000
37 -250092.1000000000
39 -249472.1000000000
43 -247586.1000000000
44 -245816.1000000000
53 -245328.1000000000
56 -244654.1000000000
59 -243707.1000000000
60 -240603.1000000000
62 -239894.1000000000
67 -239782.1000000000
68 -238528.1000000000
70 -238106.1000000000
72 -236232.1000000000
73 -235865.1000000000
81 -235859.1000000000
83 -235619.1000000000
86 -235211.1000000000
88 -233659.1000000000
91 -233196.1000000000
95 -232825.1000000000
96 -231453.1000000000
101 -231227.1000000000
109 -228350.1000000000
110 -227856.1000000000
113 -227211.1000000000
117 -223211.1000000000
123 -222460.1000000000
124 -221083.1000000000
130 -218914.1000000000
131 -217971.1000000000
132 -216717.1000000000
133 -216127.1000000000
137 -215387.1000000000
141 -214964.1000000000
144 -213010.1000000000
148 -211526.1000000000
151 -208638.1000000000
157 -208172.1000000000
159 -207483.1000000000
162 -207018.1000000000
167 -206917.1000000000
169 -206571.1000000000
172 -205796.1000000000
173 -205020.1000000000
176 -204561.1000000000
177 -202413.1000000000
180 -202291.1000000000
183 -201468.1000000000
184 -200779.1000000000
191 -200057.1000000000
194 -199323.1000000000
195 -196567.1000000000
202 -195844.1000000000
204 -195084.1000000000
208 -193190.1000000000
214 -191670.1000000000
215 -191108.1000000000
217 -190920.1000000000
227 -190606.1000000000
237 -189993.1000000000
239 -189056.1000000000
240 -188366.1000000000
243 -188272.1000000000
245 -187882.1000000000
256 -186656.1000000000
257 -186248.1000000000
258 -184630.1000000000
263 -184624.1000000000
264 -183997.1000000000
267 -183545.1000000000
269 -182736.1000000000
273 -182595.1000000000
279 -181655.1000000000
287 -181500.1000000000
288 -180523.1000000000
301 -180119.1000000000
304 -179247.1000000000
305 -178653.1000000000
313 -178166.1000000000
314 -175330.1000000000
319 -173996.1000000000
328 -171734.1000000000
343 -171634.1000000000
361 -169994.1000000000
366 -169627.1000000000
369 -169156.1000000000
375 -168999.1000000000
390 -167341.1000000000
408 -166051.1000000000
411 -163931.1000000000
412 -163575.1000000000
416 -163095.1000000000
420 -163093.1000000000
426 -161193.1000000000
435 -160218.1000000000
450 23858.8577436595
461 24106.8302789493
558 24307.0017425101
10000 -160274.1000000000
evaluations raw_y
1 -278866.1000000000
5 -276414.1000000000
7 -276408.1000000000
8 -274542.1000000000
11 -273098.1000000000
17 -270206.1000000000
18 -269892.1000000000
19 -268638.1000000000
21 -268333.1000000000
22 -267415.1000000000
29 -265769.1000000000
30 -263441.1000000000
34 -260437.1000000000
35 -260336.1000000000
36 -256336.1000000000
41 -253459.1000000000
44 -253126.1000000000
47 -253032.1000000000
48 -249284.1000000000
50 -247907.1000000000
52 -247455.1000000000
55 -246533.1000000000
63 -243645.1000000000
65 -242645.1000000000
67 -240801.1000000000
69 -238632.1000000000
71 -237751.1000000000
73 -237503.1000000000
75 -237023.1000000000
78 -236601.1000000000
82 -236489.1000000000
85 -235899.1000000000
86 -234565.1000000000
88 -234079.1000000000
91 -232955.1000000000
100 -232126.1000000000
103 -231386.1000000000
110 -231198.1000000000
117 -230916.1000000000
118 -230450.1000000000
119 -230419.1000000000
123 -229831.1000000000
128 -228856.1000000000
129 -228794.1000000000
130 -228572.1000000000
132 -228247.1000000000
137 -228191.1000000000
140 -227319.1000000000
142 -226725.1000000000
144 -226075.1000000000
146 -224283.1000000000
152 -223875.1000000000
158 -221064.1000000000
161 -220313.1000000000
162 -219135.1000000000
163 -217291.1000000000
164 -216658.1000000000
173 -212910.1000000000
176 -211148.1000000000
178 -210325.1000000000
181 -209550.1000000000
190 -209471.1000000000
192 -208977.1000000000
202 -208577.1000000000
205 -205037.1000000000
215 -204214.1000000000
216 -203277.1000000000
219 -202873.1000000000
221 -202750.1000000000
224 -202064.1000000000
230 -201310.1000000000
234 -200136.1000000000
237 -197553.1000000000
239 -197552.1000000000
251 -194448.1000000000
254 -192896.1000000000
255 -191412.1000000000
258 -191042.1000000000
259 -190308.1000000000
263 -190186.1000000000
281 -189227.1000000000
288 -188411.1000000000
296 -186537.1000000000
297 -184537.1000000000
311 -183847.1000000000
313 -182875.1000000000
318 -181649.1000000000
321 -181549.1000000000
340 -180575.1000000000
360 -180038.1000000000
374 -179692.1000000000
384 -178766.1000000000
389 -178130.1000000000
398 -177510.1000000000
434 -177039.1000000000
437 -175559.1000000000
452 -173919.1000000000
472 -172301.1000000000
473 -172160.1000000000
487 -171532.1000000000
499 -170688.1000000000
504 -169510.1000000000
511 -167362.1000000000
550 -166672.1000000000
551 -165983.1000000000
586 -165591.1000000000
589 -164762.1000000000
592 -161318.1000000000
594 22922.6127903734
604 23022.5165349904
10000 -160859.1000000000
evaluations raw_y
1 -258965.1000000000
5 -258853.1000000000
11 -258430.1000000000
13 -257586.1000000000
14 -255794.1000000000
24 -255790.1000000000
25 -255743.1000000000
28 -254968.1000000000
30 -254245.1000000000
33 -253875.1000000000
34 -253671.1000000000
35 -253081.1000000000
41 -252677.1000000000
42 -252451.1000000000
47 -251697.1000000000
51 -251597.1000000000
52 -251350.1000000000
53 -249906.1000000000
59 -247107.1000000000
65 -245461.1000000000
66 -244083.1000000000
68 -243881.1000000000
69 -242435.1000000000
73 -242233.1000000000
75 -239873.1000000000
76 -239164.1000000000
77 -238474.1000000000
78 -236966.1000000000
79 -236137.1000000000
84 -234760.1000000000
86 -234230.1000000000
88 -232312.1000000000
96 -231956.1000000000
100 -229836.1000000000
108 -228610.1000000000
112 -227982.1000000000
113 -227110.1000000000
114 -226645.1000000000
115 -225964.1000000000
116 -225598.1000000000
118 -225176.1000000000
119 -225174.1000000000
120 -224711.1000000000
130 -223531.1000000000
131 -220948.1000000000
132 -218368.1000000000
133 -214828.1000000000
134 -214734.1000000000
135 -214045.1000000000
139 -213171.1000000000
142 -212485.1000000000
143 -211307.1000000000
146 -209755.1000000000
149 -209081.1000000000
151 -208445.1000000000
152 -208389.1000000000
154 -206389.1000000000
158 -205655.1000000000
160 -204712.1000000000
166 -204320.1000000000
169 -201389.1000000000
176 -200213.1000000000
193 -199823.1000000000
197 -199111.1000000000
200 -195819.1000000000
203 -195323.1000000000
208 -192871.1000000000
214 -190977.1000000000
227 -190367.1000000000
232 -188847.1000000000
235 -186011.1000000000
237 -186005.1000000000
239 -185817.1000000000
241 -185492.1000000000
244 -182736.1000000000
246 -181256.1000000000
248 -180002.1000000000
251 -179508.1000000000
258 -177738.1000000000
264 -176560.1000000000
266 -176481.1000000000
272 -175255.1000000000
274 -174487.1000000000
275 -173801.1000000000
279 -173701.1000000000
283 -173112.1000000000
287 -172499.1000000000
301 -170881.1000000000
303 -170759.1000000000
311 -170349.1000000000
312 -169869.1000000000
315 -169469.1000000000
327 -169017.1000000000
328 -168627.1000000000
336 -167653.1000000000
337 -167496.1000000000
346 -167129.1000000000
363 -165407.1000000000
367 -164920.1000000000
371 -164383.1000000000
387 -163498.1000000000
391 -162910.1000000000
393 -162322.1000000000
399 -161842.1000000000
402 -161505.1000000000
404 -161195.1000000000
432 -160251.1000000000
456 24315.7106375780
457 24533.3397666218
458 24644.6841133533
459 24918.0162556448
494 25118.0456219175
584 25518.0972172822
720 25618.1078408271
747 25818.1291731284
808 25919.2926685582
10000 -160884.1000000000
evaluations raw_y
1 -265497.1000000000
10 -264884.1000000000
13 -262622.1000000000
16 -262230.1000000000
18 -259338.1000000000
24 -258748.1000000000
27 -257376.1000000000
30 -256402.1000000000
35 -256012.1000000000
36 -255873.1000000000
37 -253704.1000000000
38 -253167.1000000000
43 -253165.1000000000
45 -251265.1000000000
46 -249379.1000000000
48 -247899.1000000000
49 -247209.1000000000
53 -245335.1000000000
57 -244157.1000000000
58 -244156.1000000000
59 -242688.1000000000
70 -238940.1000000000
72 -238273.1000000000
74 -237519.1000000000
76 -237056.1000000000
80 -236814.1000000000
82 -236225.1000000000
86 -235340.1000000000
88 -235093.1000000000
90 -233759.1000000000
92 -233265.1000000000
93 -232077.1000000000
95 -230631.1000000000
96 -230509.1000000000
97 -230109.1000000000
98 -228265.1000000000
99 -227045.1000000000
103 -226570.1000000000
108 -223771.1000000000
112 -221411.1000000000
117 -220730.1000000000
126 -217842.1000000000
129 -217432.1000000000
130 -217061.1000000000
138 -216653.1000000000
142 -215930.1000000000
146 -215830.1000000000
147 -214068.1000000000
150 -210752.1000000000
151 -209284.1000000000
153 -208312.1000000000
154 -206866.1000000000
163 -206622.1000000000
167 -206230.1000000000
170 -204356.1000000000
173 -201520.1000000000
182 -201130.1000000000
183 -200667.1000000000
184 -199844.1000000000
190 -199250.1000000000
192 -199149.1000000000
193 -198216.1000000000
203 -198210.1000000000
204 -195333.1000000000
207 -195028.1000000000
208 -193802.1000000000
212 -193062.1000000000
214 -192376.1000000000
219 -191748.1000000000
230 -190624.1000000000
231 -190152.1000000000
234 -189815.1000000000
237 -187979.1000000000
249 -187492.1000000000
252 -185372.1000000000
256 -185260.1000000000
261 -184342.1000000000
263 -183282.1000000000
270 -182310.1000000000
286 -181132.1000000000
294 -180928.1000000000
297 -180006.1000000000
299 -179418.1000000000
302 -178667.1000000000
303 -177493.1000000000
307 -176759.1000000000
324 -176197.1000000000
339 -175336.1000000000
351 -174392.1000000000
352 -173212.1000000000
370 -172741.1000000000
378 -172553.1000000000
381 -172186.1000000000
388 -169603.1000000000
389 -169151.1000000000
399 -168538.1000000000
406 -166986.1000000000
407 -166009.1000000000
412 -164143.1000000000
416 -163314.1000000000
424 -163032.1000000000
429 -160452.1000000000
431 22826.8936411648
432 23843.2695229242
433 24087.3690682345
434 24342.7446834108
477 24742.5245193801
482 24845.8804518708
506 25045.6885446067
556 25145.5911497860
643 25345.3984040841
899 25446.0558788701
1560 25546.6804814372
10000 -160872.1000000000
