evaluations raw_y
1 -283144.1000000000
2 -280388.1000000000
4 -280265.1000000000
5 -280218.1000000000
7 -280216.1000000000
8 -279736.1000000000
11 -279100.1000000000
16 -279000.1000000000
18 -278608.1000000000
19 -278469.1000000000
21 -278258.1000000000
22 -277933.1000000000
27 -275353.1000000000
28 -275274.1000000000
30 -274334.1000000000
32 -271882.1000000000
34 -270008.1000000000
41 -268832.1000000000
42 -268428.1000000000
44 -267138.1000000000
47 -265238.1000000000
48 -264353.1000000000
51 -262833.1000000000
52 -260959.1000000000
57 -260136.1000000000
60 -259692.1000000000
66 -259079.1000000000
68 -256931.1000000000
71 -256809.1000000000
74 -256709.1000000000
76 -256096.1000000000
79 -255463.1000000000
80 -253995.1000000000
81 -253091.1000000000
82 -252730.1000000000
83 -248958.1000000000
87 -248084.1000000000
91 -244768.1000000000
92 -244078.1000000000
93 -243392.1000000000
98 -242929.1000000000
104 -242619.1000000000
106 -241999.1000000000
107 -241155.1000000000
110 -241149.1000000000
112 -240536.1000000000
114 -239713.1000000000
117 -239357.1000000000
118 -237587.1000000000
122 -235751.1000000000
123 -234379.1000000000
128 -231502.1000000000
133 -231501.1000000000
136 -229141.1000000000
139 -228553.1000000000
142 -227632.1000000000
143 -223884.1000000000
149 -223418.1000000000
150 -223171.1000000000
151 -222396.1000000000
153 -220950.1000000000
154 -220487.1000000000
156 -219736.1000000000
164 -217974.1000000000
167 -216506.1000000000
168 -215870.1000000000
170 -214893.1000000000
171 -210893.1000000000
173 -210667.1000000000
178 -209693.1000000000
180 -209662.1000000000
183 -206658.1000000000
184 -206627.1000000000
191 -204673.1000000000
194 -203726.1000000000
195 -202903.1000000000
196 -202079.1000000000
203 -201259.1000000000
208 -200322.1000000000
210 -199900.1000000000
212 -198912.1000000000
217 -198672.1000000000
222 -197170.1000000000
226 -195726.1000000000
231 -195720.1000000000
233 -193458.1000000000
235 -193121.1000000000
248 -192203.1000000000
253 -191494.1000000000
256 -191321.1000000000
260 -190931.1000000000
264 -189379.1000000000
266 -188199.1000000000
277 -186715.1000000000
278 -185461.1000000000
296 -184207.1000000000
299 -183453.1000000000
303 -183043.1000000000
311 -181743.1000000000
320 -181541.1000000000
321 -181339.1000000000
332 -177799.1000000000
348 -177642.1000000000
351 -176930.1000000000
354 -176593.1000000000
380 -175871.1000000000
385 -175204.1000000000
403 -175093.1000000000
410 -174019.1000000000
412 -173329.1000000000
423 -172457.1000000000
430 -170695.1000000000
475 -170009.1000000000
477 -169399.1000000000
478 -168947.1000000000
490 -166571.1000000000
491 -165383.1000000000
498 -164821.1000000000
503 -164053.1000000000
510 -163707.1000000000
519 -161915.1000000000
531 23559.6584051355
532 24105.5138710207
533 24417.3415471233
560 24570.7574213933
561 24699.0449394384
571 24899.3404192049
591 25006.8482533956
614 25407.3685283621
677 25509.3813027148
801 25609.5070839393
868 25809.7611242376
938 25911.7632422242
10000 -160055.1000000000
evaluations raw_y
1 -260891.1000000000
2 -259011.1000000000
4 -257371.1000000000
5 -256961.1000000000
6 -256249.1000000000
7 -255331.1000000000
10 -253487.1000000000
13 -252664.1000000000
16 -252564.1000000000
17 -251741.1000000000
18 -250369.1000000000
20 -249181.1000000000
21 -248568.1000000000
23 -247887.1000000000
24 -244115.1000000000
31 -243974.1000000000
32 -243603.1000000000
33 -243131.1000000000
36 -242408.1000000000
37 -241461.1000000000
40 -238878.1000000000
41 -238017.1000000000
42 -237530.1000000000
45 -236940.1000000000
47 -236055.1000000000
50 -234875.1000000000
53 -234736.1000000000
55 -234734.1000000000
62 -233762.1000000000
63 -230222.1000000000
64 -229885.1000000000
66 -229011.1000000000
67 -227241.1000000000
69 -226499.1000000000
74 -226005.1000000000
76 -226003.1000000000
77 -225026.1000000000
79 -221922.1000000000
82 -221532.1000000000
86 -221199.1000000000
90 -220589.1000000000
93 -220279.1000000000
97 -218945.1000000000
99 -218939.1000000000
101 -216579.1000000000
103 -216274.1000000000
112 -214105.1000000000
113 -212447.1000000000
118 -211259.1000000000
120 -209739.1000000000
123 -209677.1000000000
126 -208917.1000000000
127 -208330.1000000000
133 -206684.1000000000
137 -206213.1000000000
145 -205805.1000000000
155 -205682.1000000000
157 -205401.1000000000
161 -204181.1000000000
166 -203447.1000000000
168 -202984.1000000000
173 -202230.1000000000
177 -201874.1000000000
184 -201648.1000000000
187 -200096.1000000000
190 -199121.1000000000
197 -198999.1000000000
217 -198411.1000000000
241 -198074.1000000000
246 -197609.1000000000
248 -194798.1000000000
255 -191794.1000000000
258 -191232.1000000000
261 -190773.1000000000
284 -189305.1000000000
286 -187803.1000000000
290 -186251.1000000000
294 -184377.1000000000
305 -183969.1000000000
310 -183890.1000000000
311 -183886.1000000000
317 -182914.1000000000
323 -182858.1000000000
326 -182747.1000000000
328 -182380.1000000000
329 -182098.1000000000
331 -181289.1000000000
335 -179389.1000000000
355 -177545.1000000000
370 -176716.1000000000
382 -176179.1000000000
403 -173423.1000000000
418 -172005.1000000000
421 -171553.1000000000
422 -171441.1000000000
424 -171075.1000000000
439 -169607.1000000000
455 -166771.1000000000
456 -166138.1000000000
476 -165525.1000000000
483 -165424.1000000000
521 -164528.1000000000
551 -162408.1000000000
555 -161182.1000000000
564 -159956.1000000000
570 24437.1262512663
573 24739.8649524158
580 24858.2563401715
581 25058.9873533184
613 25162.1663380964
617 25362.8958147324
625 25475.5452345163
655 25876.9674811391
770 25977.3211410071
914 26080.4288995066
10000 25786.7982791774
evaluations raw_y
1 -260752.1000000000
3 -259891.1000000000
8 -259535.1000000000
10 -259533.1000000000
14 -258920.1000000000
16 -258606.1000000000
20 -257418.1000000000
22 -256589.1000000000
24 -256145.1000000000
26 -255735.1000000000
28 -255704.1000000000
29 -253124.1000000000
30 -252174.1000000000
31 -251485.1000000000
32 -250891.1000000000
34 -250691.1000000000
35 -250386.1000000000
38 -249009.1000000000
44 -247129.1000000000
47 -245649.1000000000
48 -244097.1000000000
51 -243321.1000000000
52 -242931.1000000000
53 -241994.1000000000
54 -240818.1000000000
55 -239871.1000000000
59 -239284.1000000000
61 -236832.1000000000
63 -235386.1000000000
67 -235019.1000000000
71 -233603.1000000000
74 -230767.1000000000
78 -230401.1000000000
82 -229949.1000000000
88 -229195.1000000000
90 -228720.1000000000
91 -228093.1000000000
97 -226199.1000000000
99 -225455.1000000000
100 -225207.1000000000
102 -225003.1000000000
109 -223713.1000000000
112 -223219.1000000000
113 -222396.1000000000
116 -221925.1000000000
121 -221685.1000000000
125 -218393.1000000000
128 -217460.1000000000
132 -216386.1000000000
135 -214918.1000000000
144 -213472.1000000000
148 -212663.1000000000
153 -211161.1000000000
155 -210769.1000000000
158 -209795.1000000000
159 -208807.1000000000
163 -208245.1000000000
168 -207308.1000000000
171 -206886.1000000000
178 -204087.1000000000
185 -201711.1000000000
187 -200191.1000000000
197 -199944.1000000000
203 -199805.1000000000
206 -199160.1000000000
216 -198789.1000000000
218 -197615.1000000000
221 -197310.1000000000
223 -196414.1000000000
226 -193483.1000000000
230 -192149.1000000000
238 -191175.1000000000
240 -189797.1000000000
242 -187628.1000000000
267 -187572.1000000000
272 -185802.1000000000
279 -185469.1000000000
287 -184982.1000000000
290 -184042.1000000000
291 -183070.1000000000
293 -181226.1000000000
298 -180397.1000000000
305 -178779.1000000000
310 -178316.1000000000
311 -178114.1000000000
312 -177870.1000000000
315 -177644.1000000000
316 -174833.1000000000
323 -172989.1000000000
328 -172619.1000000000
332 -171938.1000000000
341 -171450.1000000000
342 -169564.1000000000
350 -169502.1000000000
364 -169135.1000000000
369 -168395.1000000000
374 -167207.1000000000
377 -166670.1000000000
380 -165224.1000000000
388 -163462.1000000000
428 -161910.1000000000
431 -161573.1000000000
434 -160395.1000000000
442 -160238.1000000000
466 23257.6377043924
467 24043.2920132690
468 24459.7638481264
470 24716.7693018812
474 25017.1667031982
476 25207.8885496648
499 25309.8037346546
585 25510.0698339689
630 25710.3319881483
733 26110.8536795760
903 26210.9818140404
1175 26312.8739299088
10000 -163679.1000000000
evaluations raw_y
1 -272915.1000000000
2 -271975.1000000000
4 -271820.1000000000
5 -271044.1000000000
7 -271043.1000000000
9 -270430.1000000000
10 -267326.1000000000
14 -266383.1000000000
17 -264465.1000000000
22 -263791.1000000000
23 -263303.1000000000
24 -262851.1000000000
25 -261489.1000000000
27 -260749.1000000000
29 -260139.1000000000
33 -256599.1000000000
34 -255790.1000000000
37 -252859.1000000000
46 -251978.1000000000
48 -251588.1000000000
49 -251251.1000000000
51 -251112.1000000000
56 -250476.1000000000
57 -248974.1000000000
58 -246826.1000000000
59 -245034.1000000000
63 -244571.1000000000
64 -244448.1000000000
66 -244347.1000000000
69 -241455.1000000000
73 -238619.1000000000
75 -235035.1000000000
76 -232158.1000000000
84 -230824.1000000000
87 -229206.1000000000
88 -228082.1000000000
89 -227909.1000000000
90 -225153.1000000000
92 -225012.1000000000
93 -224770.1000000000
100 -223849.1000000000
107 -221473.1000000000
109 -221273.1000000000
110 -220336.1000000000
111 -219359.1000000000
115 -218539.1000000000
119 -217816.1000000000
120 -217048.1000000000
122 -215278.1000000000
123 -215038.1000000000
125 -213536.1000000000
126 -212662.1000000000
132 -212168.1000000000
137 -208420.1000000000
141 -207120.1000000000
142 -206366.1000000000
143 -205429.1000000000
144 -203386.1000000000
145 -200498.1000000000
150 -199764.1000000000
152 -199075.1000000000
153 -198853.1000000000
160 -197345.1000000000
164 -196167.1000000000
169 -196161.1000000000
171 -196114.1000000000
176 -195478.1000000000
188 -194531.1000000000
191 -194065.1000000000
195 -192221.1000000000
200 -191750.1000000000
201 -190198.1000000000
211 -189661.1000000000
214 -187891.1000000000
227 -186514.1000000000
231 -185952.1000000000
235 -185647.1000000000
244 -185239.1000000000
249 -184883.1000000000
253 -184397.1000000000
254 -183479.1000000000
256 -182011.1000000000
279 -181619.1000000000
284 -181197.1000000000
288 -177197.1000000000
289 -176019.1000000000
291 -174019.1000000000
292 -172257.1000000000
308 -171428.1000000000
310 -170834.1000000000
316 -168251.1000000000
317 -167542.1000000000
336 -167079.1000000000
338 -166853.1000000000
339 -166482.1000000000
376 -166010.1000000000
380 -162694.1000000000
383 -162008.1000000000
399 -160122.1000000000
402 25396.6711661410
403 25692.2466305620
405 25934.9284477961
462 26035.0704009012
509 26235.3544563835
10000 -160434.1000000000
evaluations raw_y
1 -292908.1000000000
2 -292437.1000000000
4 -291497.1000000000
5 -287749.1000000000
9 -287687.1000000000
10 -286241.1000000000
13 -284825.1000000000
18 -283453.1000000000
21 -283083.1000000000
25 -282489.1000000000
28 -278905.1000000000
30 -277717.1000000000
34 -275837.1000000000
36 -275201.1000000000
38 -274257.1000000000
41 -272737.1000000000
42 -270361.1000000000
44 -269725.1000000000
46 -268435.1000000000
50 -267101.1000000000
52 -266378.1000000000
53 -265903.1000000000
55 -265087.1000000000
56 -263325.1000000000
61 -261707.1000000000
63 -261033.1000000000
66 -259587.1000000000
68 -258650.1000000000
69 -258178.1000000000
70 -256958.1000000000
73 -256084.1000000000
75 -255598.1000000000
77 -254948.1000000000
79 -254946.1000000000
80 -254590.1000000000
82 -251659.1000000000
83 -250918.1000000000
86 -250388.1000000000
92 -249984.1000000000
94 -249740.1000000000
95 -248564.1000000000
96 -248068.1000000000
97 -247967.1000000000
100 -247030.1000000000
105 -246951.1000000000
107 -246001.1000000000
109 -245311.1000000000
111 -244450.1000000000
114 -243674.1000000000
115 -243307.1000000000
123 -242484.1000000000
125 -241896.1000000000
129 -241073.1000000000
130 -240748.1000000000
131 -239997.1000000000
132 -238619.1000000000
133 -237723.1000000000
140 -237095.1000000000
142 -236940.1000000000
144 -235054.1000000000
152 -233764.1000000000
155 -230872.1000000000
160 -228872.1000000000
161 -227646.1000000000
165 -225802.1000000000
169 -223928.1000000000
172 -223315.1000000000
174 -220423.1000000000
175 -219594.1000000000
183 -218414.1000000000
186 -217493.1000000000
187 -217013.1000000000
188 -215511.1000000000
190 -211763.1000000000
207 -210882.1000000000
211 -207778.1000000000
213 -207003.1000000000
218 -206670.1000000000
220 -206422.1000000000
221 -205699.1000000000
234 -204752.1000000000
240 -202858.1000000000
242 -200059.1000000000
247 -197303.1000000000
257 -196913.1000000000
262 -196232.1000000000
263 -195255.1000000000
266 -193355.1000000000
275 -193354.1000000000
277 -190518.1000000000
286 -190066.1000000000
291 -189066.1000000000
292 -188987.1000000000
293 -186839.1000000000
296 -186783.1000000000
311 -185231.1000000000
320 -184305.1000000000
323 -183895.1000000000
325 -182669.1000000000
329 -180217.1000000000
330 -179730.1000000000
337 -178793.1000000000
342 -176927.1000000000
343 -172927.1000000000
367 -171009.1000000000
378 -170447.1000000000
386 -170245.1000000000
389 -168605.1000000000
390 -168300.1000000000
395 -167820.1000000000
397 -166696.1000000000
410 -166494.1000000000
411 -166086.1000000000
433 -165781.1000000000
440 -164809.1000000000
448 -162547.1000000000
456 -161575.1000000000
462 -161013.1000000000
498 -160054.1000000000
515 21946.2769891855
516 22743.4538106047
517 24434.4447747333
518 24748.0501839697
533 24875.2652785538
582 24977.3770502326
599 25378.0876492705
711 25578.4419139752
811 25778.7924545320
900 25880.8840965490
1062 25981.0561309467
10000 -160511.1000000000
evaluations raw_y
1 -266224.1000000000
3 -264104.1000000000
5 -262342.1000000000
11 -262263.1000000000
13 -261777.1000000000
15 -260225.1000000000
16 -259536.1000000000
17 -258712.1000000000
18 -258000.1000000000
20 -257541.1000000000
21 -256061.1000000000
26 -254175.1000000000
27 -253238.1000000000
30 -253012.1000000000
31 -252810.1000000000
35 -250930.1000000000
37 -249676.1000000000
39 -248802.1000000000
40 -248629.1000000000
41 -246755.1000000000
47 -246389.1000000000
56 -244495.1000000000
62 -243719.1000000000
63 -242769.1000000000
64 -242239.1000000000
67 -241479.1000000000
68 -240011.1000000000
72 -239546.1000000000
73 -238625.1000000000
76 -234625.1000000000
79 -234621.1000000000
80 -232473.1000000000
83 -230145.1000000000
88 -228701.1000000000
89 -227181.1000000000
91 -227042.1000000000
96 -226930.1000000000
107 -225056.1000000000
110 -224468.1000000000
112 -224101.1000000000
117 -221649.1000000000
120 -220820.1000000000
121 -220398.1000000000
124 -218846.1000000000
125 -218602.1000000000
131 -217665.1000000000
132 -216489.1000000000
138 -213485.1000000000
140 -210729.1000000000
141 -210673.1000000000
142 -210028.1000000000
144 -209205.1000000000
159 -206943.1000000000
164 -206520.1000000000
168 -202748.1000000000
171 -201494.1000000000
178 -200671.1000000000
181 -199848.1000000000
185 -199004.1000000000
188 -197830.1000000000
191 -196496.1000000000
195 -195806.1000000000
198 -195501.1000000000
202 -195344.1000000000
205 -195034.1000000000
211 -194752.1000000000
218 -193856.1000000000
223 -193825.1000000000
228 -193198.1000000000
231 -191696.1000000000
232 -191102.1000000000
240 -190130.1000000000
251 -189183.1000000000
257 -188415.1000000000
269 -188353.1000000000
275 -186869.1000000000
281 -186479.1000000000
283 -185542.1000000000
290 -185209.1000000000
291 -184235.1000000000
292 -183412.1000000000
297 -181966.1000000000
301 -180594.1000000000
303 -177278.1000000000
304 -176688.1000000000
310 -176225.1000000000
315 -175663.1000000000
316 -175551.1000000000
324 -175064.1000000000
346 -175017.1000000000
353 -173371.1000000000
360 -170995.1000000000
365 -170052.1000000000
371 -168752.1000000000
391 -167094.1000000000
393 -166343.1000000000
394 -166202.1000000000
395 -165225.1000000000
397 -164416.1000000000
399 -163472.1000000000
403 -162859.1000000000
405 -161937.1000000000
427 -161711.1000000000
433 -160971.1000000000
437 -160196.1000000000
439 25430.3910832712
440 25956.7348257791
452 26147.3105416900
465 26278.3482744086
572 26378.6216297634
600 26779.7166887139
768 26980.2610181876
936 27082.7895493565
1441 27185.2997769839
2044 27385.8372660247
10000 -161799.1000000000
evaluations raw_y
1 -288398.1000000000
6 -288276.1000000000
11 -287299.1000000000
12 -285922.1000000000
15 -285188.1000000000
17 -284437.1000000000
18 -283907.1000000000
23 -283294.1000000000
24 -280406.1000000000
26 -279947.1000000000
27 -278067.1000000000
29 -277473.1000000000
30 -277262.1000000000
31 -275844.1000000000
32 -275511.1000000000
33 -274567.1000000000
38 -273593.1000000000
40 -272231.1000000000
43 -271744.1000000000
45 -270807.1000000000
50 -269363.1000000000
52 -268674.1000000000
53 -266838.1000000000
55 -266791.1000000000
57 -266171.1000000000
58 -265224.1000000000
60 -265168.1000000000
62 -264393.1000000000
63 -263760.1000000000
69 -263758.1000000000
72 -260922.1000000000
75 -259476.1000000000
76 -258186.1000000000
78 -256666.1000000000
79 -255478.1000000000
82 -255337.1000000000
86 -253217.1000000000
87 -252494.1000000000
88 -250594.1000000000
89 -250223.1000000000
91 -249280.1000000000
93 -248870.1000000000
94 -247933.1000000000
104 -247729.1000000000
105 -247020.1000000000
109 -243728.1000000000
113 -243361.1000000000
117 -242865.1000000000
118 -242663.1000000000
122 -239659.1000000000
126 -238433.1000000000
127 -237589.1000000000
135 -236848.1000000000
141 -236088.1000000000
142 -235680.1000000000
144 -235044.1000000000
145 -234163.1000000000
151 -231364.1000000000
152 -230555.1000000000
160 -230476.1000000000
162 -229104.1000000000
164 -228219.1000000000
174 -227592.1000000000
176 -225638.1000000000
183 -225537.1000000000
184 -222645.1000000000
185 -222614.1000000000
189 -222170.1000000000
206 -222070.1000000000
207 -221660.1000000000
213 -220326.1000000000
217 -219645.1000000000
224 -218905.1000000000
226 -218453.1000000000
229 -217624.1000000000
233 -216290.1000000000
235 -215369.1000000000
237 -213991.1000000000
239 -213215.1000000000
240 -212602.1000000000
245 -212210.1000000000
254 -211524.1000000000
259 -210598.1000000000
262 -210316.1000000000
270 -209541.1000000000
271 -208467.1000000000
274 -206983.1000000000
284 -204227.1000000000
286 -203411.1000000000
295 -202537.1000000000
297 -200693.1000000000
299 -197153.1000000000
303 -194570.1000000000
313 -193674.1000000000
316 -193432.1000000000
321 -192743.1000000000
323 -191191.1000000000
328 -188260.1000000000
334 -187698.1000000000
339 -187298.1000000000
346 -185998.1000000000
357 -185348.1000000000
358 -185346.1000000000
359 -185146.1000000000
363 -184556.1000000000
364 -184383.1000000000
369 -184078.1000000000
386 -183204.1000000000
389 -180752.1000000000
398 -177648.1000000000
416 -176524.1000000000
423 -174878.1000000000
429 -171294.1000000000
462 -170470.1000000000
464 -166470.1000000000
474 -166358.1000000000
489 -162610.1000000000
498 -160567.1000000000
503 -160079.1000000000
512 21752.3889283754
521 21822.4371755986
527 21875.5915520329
545 22074.7347882300
560 22162.6736650393
729 22560.8684625262
782 22633.0674204207
785 22716.7165255974
790 22944.6036657952
793 23045.1105048329
808 23186.3013362511
809 23364.2223808134
878 23378.8824220389
892 23414.8546160473
928 23498.6263897031
1010 23588.0660351335
1032 23687.6677480890
1062 23886.8705821366
1102 23986.6387523182
1381 24103.8923937342
1576 24106.2493038792
1579 24283.4090639396
1590 24397.4779823995
1696 24407.8251183947
1703 24531.9593199016
10000 24432.2031027124
evaluations raw_y
1 -284360.1000000000
3 -283674.1000000000
4 -281952.1000000000
6 -280662.1000000000
7 -280203.1000000000
8 -279023.1000000000
10 -277137.1000000000
13 -276314.1000000000
15 -274552.1000000000
20 -273593.1000000000
22 -273382.1000000000
24 -272322.1000000000
25 -269962.1000000000
26 -269139.1000000000
30 -268676.1000000000
33 -268286.1000000000
34 -266924.1000000000
36 -266039.1000000000
37 -265223.1000000000
38 -261683.1000000000
41 -259839.1000000000
45 -259837.1000000000
46 -259680.1000000000
51 -255932.1000000000
57 -255188.1000000000
59 -254499.1000000000
60 -252581.1000000000
63 -252051.1000000000
66 -251309.1000000000
67 -250917.1000000000
70 -249437.1000000000
74 -246681.1000000000
76 -246194.1000000000
77 -245729.1000000000
80 -245307.1000000000
82 -245276.1000000000
83 -242477.1000000000
85 -242054.1000000000
91 -241975.1000000000
92 -241731.1000000000
96 -241143.1000000000
100 -238691.1000000000
108 -237969.1000000000
109 -237603.1000000000
113 -234711.1000000000
114 -234378.1000000000
119 -231798.1000000000
121 -229798.1000000000
123 -228854.1000000000
130 -227933.1000000000
131 -227596.1000000000
138 -227423.1000000000
140 -226562.1000000000
143 -225974.1000000000
144 -225100.1000000000
146 -224366.1000000000
147 -222994.1000000000
148 -222219.1000000000
151 -220353.1000000000
156 -219379.1000000000
158 -218505.1000000000
163 -218138.1000000000
166 -217309.1000000000
168 -215841.1000000000
175 -213721.1000000000
178 -213440.1000000000
181 -212820.1000000000
185 -212332.1000000000
192 -208332.1000000000
194 -208018.1000000000
195 -207250.1000000000
199 -206538.1000000000
203 -205616.1000000000
205 -204980.1000000000
206 -204624.1000000000
207 -203848.1000000000
214 -200917.1000000000
223 -200304.1000000000
227 -199004.1000000000
229 -198604.1000000000
230 -197881.1000000000
237 -197879.1000000000
240 -197554.1000000000
241 -195784.1000000000
244 -195340.1000000000
246 -195035.1000000000
249 -194085.1000000000
252 -194038.1000000000
258 -193425.1000000000
271 -192482.1000000000
279 -191601.1000000000
287 -189701.1000000000
293 -189065.1000000000
294 -187887.1000000000
295 -187881.1000000000
298 -187130.1000000000
300 -184961.1000000000
302 -183543.1000000000
305 -182956.1000000000
316 -180120.1000000000
321 -179634.1000000000
323 -178662.1000000000
325 -178325.1000000000
351 -177502.1000000000
354 -177391.1000000000
364 -176763.1000000000
366 -176640.1000000000
375 -173636.1000000000
379 -173432.1000000000
386 -172960.1000000000
388 -171124.1000000000
392 -169640.1000000000
433 -168196.1000000000
444 -167008.1000000000
445 -165506.1000000000
447 -165135.1000000000
455 -164522.1000000000
462 -163813.1000000000
466 -161919.1000000000
468 24827.3498366320
476 25069.2291321702
486 25184.9602644222
560 25287.7529057877
597 25688.9883344294
756 25889.6032600768
808 26090.2194020823
10000 -160554.1000000000
evaluations raw_y
1 -270264.1000000000
2 -270042.1000000000
3 -267165.1000000000
6 -266954.1000000000
7 -266728.1000000000
8 -266257.1000000000
9 -265361.1000000000
12 -265314.1000000000
15 -264633.1000000000
16 -263445.1000000000
19 -262083.1000000000
20 -261801.1000000000
21 -261411.1000000000
22 -260537.1000000000
27 -260074.1000000000
33 -259718.1000000000
36 -259259.1000000000
37 -257497.1000000000
39 -255989.1000000000
40 -255249.1000000000
42 -254613.1000000000
43 -251682.1000000000
51 -250866.1000000000
54 -249420.1000000000
55 -248360.1000000000
58 -248120.1000000000
61 -247876.1000000000
62 -247190.1000000000
65 -245722.1000000000
66 -245366.1000000000
68 -243448.1000000000
69 -241964.1000000000
70 -241492.1000000000
74 -241082.1000000000
75 -241051.1000000000
78 -238903.1000000000
81 -237423.1000000000
87 -236663.1000000000
88 -235689.1000000000
89 -234221.1000000000
91 -233284.1000000000
92 -233037.1000000000
94 -232676.1000000000
99 -231908.1000000000
102 -231234.1000000000
104 -228130.1000000000
105 -227158.1000000000
106 -225824.1000000000
110 -225745.1000000000
111 -225003.1000000000
132 -223559.1000000000
135 -222182.1000000000
140 -221428.1000000000
143 -220584.1000000000
150 -218822.1000000000
153 -216922.1000000000
157 -216099.1000000000
158 -215511.1000000000
160 -213865.1000000000
162 -212943.1000000000
163 -212257.1000000000
164 -211069.1000000000
166 -210094.1000000000
168 -207202.1000000000
169 -206378.1000000000
170 -205789.1000000000
174 -205179.1000000000
177 -203627.1000000000
180 -201987.1000000000
182 -201164.1000000000
186 -200962.1000000000
187 -199662.1000000000
190 -199606.1000000000
196 -196162.1000000000
197 -195473.1000000000
200 -194986.1000000000
203 -192658.1000000000
205 -192170.1000000000
206 -189371.1000000000
207 -188834.1000000000
212 -188201.1000000000
218 -186981.1000000000
219 -186240.1000000000
226 -185060.1000000000
228 -184597.1000000000
233 -183660.1000000000
238 -183458.1000000000
250 -183153.1000000000
252 -181279.1000000000
259 -181156.1000000000
264 -180810.1000000000
268 -180698.1000000000
271 -180298.1000000000
277 -180187.1000000000
278 -177299.1000000000
280 -176928.1000000000
284 -176366.1000000000
285 -175632.1000000000
299 -175299.1000000000
301 -175142.1000000000
302 -174202.1000000000
304 -173373.1000000000
308 -172753.1000000000
309 -172361.1000000000
321 -171748.1000000000
335 -170925.1000000000
338 -170533.1000000000
342 -168579.1000000000
381 -168375.1000000000
397 -167149.1000000000
404 -166868.1000000000
426 -164606.1000000000
429 -163862.1000000000
438 -163740.1000000000
439 -161896.1000000000
454 -161308.1000000000
461 24124.0729199832
472 24324.2825413226
488 24425.8863764764
491 24826.2933906859
577 24930.8081534551
629 25130.9841400796
793 25232.4912521950
10000 25128.0309901577
evaluations raw_y
1 -269228.1000000000
3 -267274.1000000000
4 -266907.1000000000
13 -266681.1000000000
14 -265319.1000000000
20 -264319.1000000000
24 -263029.1000000000
28 -262384.1000000000
32 -261980.1000000000
34 -261619.1000000000
35 -260682.1000000000
39 -260272.1000000000
40 -258428.1000000000
42 -258091.1000000000
43 -257268.1000000000
47 -256092.1000000000
50 -255991.1000000000
54 -255378.1000000000
56 -254627.1000000000
58 -253706.1000000000
61 -251914.1000000000
70 -251792.1000000000
72 -249892.1000000000
77 -249652.1000000000
79 -248100.1000000000
83 -247487.1000000000
84 -246925.1000000000
87 -246515.1000000000
88 -242515.1000000000
90 -242190.1000000000
91 -241346.1000000000
94 -240369.1000000000
99 -239635.1000000000
100 -238860.1000000000
101 -236966.1000000000
109 -235482.1000000000
110 -234995.1000000000
112 -234175.1000000000
113 -232667.1000000000
114 -232386.1000000000
115 -232286.1000000000
117 -231673.1000000000
120 -228785.1000000000
121 -228313.1000000000
122 -227976.1000000000
123 -227004.1000000000
124 -225346.1000000000
127 -224956.1000000000
138 -223982.1000000000
143 -223206.1000000000
145 -222743.1000000000
147 -221443.1000000000
151 -218551.1000000000
156 -218161.1000000000
158 -217265.1000000000
160 -216077.1000000000
162 -215710.1000000000
163 -215508.1000000000
164 -214692.1000000000
165 -213863.1000000000
170 -212491.1000000000
177 -212243.1000000000
181 -212001.1000000000
192 -210231.1000000000
193 -209917.1000000000
195 -206377.1000000000
197 -205617.1000000000
198 -205395.1000000000
201 -204217.1000000000
205 -203655.1000000000
209 -202913.1000000000
211 -202813.1000000000
212 -202325.1000000000
214 -201451.1000000000
226 -200728.1000000000
227 -199795.1000000000
229 -199449.1000000000
233 -198695.1000000000
237 -198385.1000000000
240 -197905.1000000000
241 -197311.1000000000
243 -196723.1000000000
244 -196719.1000000000
249 -196688.1000000000
252 -196100.1000000000
255 -194378.1000000000
259 -194372.1000000000
262 -193398.1000000000
264 -192537.1000000000
277 -192426.1000000000
294 -191302.1000000000
296 -190417.1000000000
308 -190215.1000000000
315 -189392.1000000000
324 -188703.1000000000
342 -188232.1000000000
347 -187260.1000000000
356 -186868.1000000000
360 -186402.1000000000
362 -186396.1000000000
368 -185515.1000000000
380 -184829.1000000000
386 -182955.1000000000
392 -182126.1000000000
404 -179234.1000000000
406 -178008.1000000000
407 -176592.1000000000
412 -175720.1000000000
417 -171972.1000000000
424 -170492.1000000000
427 -169574.1000000000
436 -167574.1000000000
437 -166893.1000000000
454 -166219.1000000000
457 -164375.1000000000
459 -163607.1000000000
462 -162189.1000000000
469 -160020.1000000000
520 23115.8033226248
533 23314.2173530819
535 23405.9058277616
597 23601.0888709625
729 23800.7978268209
932 23901.5182275293
10000 -160416.1000000000
evaluations raw_y
1 -273833.1000000000
2 -272607.1000000000
9 -272077.1000000000
12 -271835.1000000000
13 -271355.1000000000
14 -267583.1000000000
15 -267161.1000000000
19 -266696.1000000000
21 -265973.1000000000
23 -265239.1000000000
26 -264292.1000000000
28 -263900.1000000000
29 -262454.1000000000
31 -261008.1000000000
32 -260675.1000000000
33 -259794.1000000000
35 -258618.1000000000
36 -257867.1000000000
37 -256963.1000000000
39 -256596.1000000000
40 -256282.1000000000
41 -252282.1000000000
43 -251294.1000000000
44 -251012.1000000000
46 -250399.1000000000
48 -247563.1000000000
50 -246950.1000000000
51 -246580.1000000000
52 -246480.1000000000
53 -245867.1000000000
64 -244807.1000000000
66 -244363.1000000000
67 -243674.1000000000
69 -243448.1000000000
70 -241968.1000000000
73 -241937.1000000000
74 -241309.1000000000
76 -240533.1000000000
79 -240047.1000000000
81 -239357.1000000000
83 -236469.1000000000
85 -235023.1000000000
86 -234779.1000000000
88 -233956.1000000000
89 -233481.1000000000
90 -231581.1000000000
92 -231122.1000000000
102 -229706.1000000000
106 -228406.1000000000
110 -227996.1000000000
114 -225668.1000000000
118 -225245.1000000000
122 -224057.1000000000
123 -223383.1000000000
124 -223382.1000000000
126 -221914.1000000000
128 -221835.1000000000
134 -220909.1000000000
137 -220134.1000000000
140 -220078.1000000000
142 -219590.1000000000
146 -218256.1000000000
157 -216894.1000000000
160 -216442.1000000000
162 -214082.1000000000
164 -210334.1000000000
166 -210222.1000000000
169 -209406.1000000000
175 -206954.1000000000
180 -206732.1000000000
181 -205554.1000000000
187 -205453.1000000000
188 -203683.1000000000
189 -202683.1000000000
194 -202436.1000000000
196 -201750.1000000000
197 -200776.1000000000
210 -199947.1000000000
212 -199051.1000000000
219 -198108.1000000000
220 -197475.1000000000
221 -195213.1000000000
228 -194888.1000000000
233 -193510.1000000000
240 -190194.1000000000
247 -189020.1000000000
250 -188266.1000000000
251 -186372.1000000000
252 -185435.1000000000
256 -184845.1000000000
261 -183895.1000000000
276 -182605.1000000000
278 -178857.1000000000
279 -178465.1000000000
284 -178217.1000000000
298 -178211.1000000000
308 -177624.1000000000
313 -176848.1000000000
319 -175974.1000000000
321 -174212.1000000000
322 -172992.1000000000
329 -172356.1000000000
347 -171419.1000000000
348 -170939.1000000000
355 -170487.1000000000
356 -170408.1000000000
360 -169487.1000000000
364 -168667.1000000000
407 -167333.1000000000
408 -163749.1000000000
412 -163444.1000000000
446 -162621.1000000000
455 -162231.1000000000
456 -160813.1000000000
466 -160611.1000000000
470 -160148.1000000000
508 22491.4884003414
509 22604.3802442867
510 22907.5388481122
511 23195.9606356354
540 23295.8590172167
566 23396.7688570533
676 23596.5603654056
710 23721.2217081390
764 23920.9764781471
10000 -160888.1000000000
evaluations raw_y
1 -264613.1000000000
2 -264023.1000000000
8 -263797.1000000000
10 -263317.1000000000
15 -262684.1000000000
17 -262370.1000000000
18 -262014.1000000000
19 -260178.1000000000
22 -258298.1000000000
24 -257931.1000000000
27 -257565.1000000000
28 -257563.1000000000
32 -256263.1000000000
33 -256259.1000000000
35 -255898.1000000000
38 -254564.1000000000
42 -254093.1000000000
43 -254014.1000000000
45 -253014.1000000000
46 -252767.1000000000
47 -252180.1000000000
48 -251494.1000000000
50 -250884.1000000000
51 -249947.1000000000
52 -249029.1000000000
54 -248549.1000000000
55 -247602.1000000000
63 -246890.1000000000
67 -245830.1000000000
69 -245140.1000000000
72 -244504.1000000000
73 -242052.1000000000
75 -241958.1000000000
76 -240300.1000000000
78 -239328.1000000000
80 -238038.1000000000
88 -236666.1000000000
90 -236509.1000000000
92 -235331.1000000000
95 -233969.1000000000
96 -233632.1000000000
100 -233160.1000000000
101 -231368.1000000000
103 -229606.1000000000
106 -226770.1000000000
109 -226380.1000000000
110 -225957.1000000000
112 -225267.1000000000
121 -224382.1000000000
123 -223762.1000000000
125 -222242.1000000000
127 -221834.1000000000
129 -220846.1000000000
131 -219366.1000000000
132 -218625.1000000000
134 -217501.1000000000
136 -215627.1000000000
137 -215625.1000000000
139 -215385.1000000000
142 -213123.1000000000
145 -213000.1000000000
150 -212513.1000000000
153 -211824.1000000000
158 -211414.1000000000
162 -210160.1000000000
164 -207404.1000000000
177 -207037.1000000000
182 -205485.1000000000
184 -205384.1000000000
185 -204962.1000000000
187 -204081.1000000000
188 -203144.1000000000
191 -200564.1000000000
194 -197765.1000000000
196 -195891.1000000000
198 -195202.1000000000
201 -194608.1000000000
204 -194406.1000000000
207 -194375.1000000000
212 -193912.1000000000
216 -192962.1000000000
217 -192466.1000000000
227 -191799.1000000000
240 -189845.1000000000
245 -187485.1000000000
257 -186662.1000000000
280 -185216.1000000000
284 -184279.1000000000
289 -184167.1000000000
291 -182124.1000000000
295 -181511.1000000000
298 -181141.1000000000
309 -177601.1000000000
315 -174709.1000000000
319 -174404.1000000000
320 -173543.1000000000
322 -172610.1000000000
341 -170848.1000000000
342 -167404.1000000000
346 -166560.1000000000
348 -166168.1000000000
355 -165196.1000000000
359 -164442.1000000000
360 -164109.1000000000
372 -163481.1000000000
381 -163073.1000000000
383 -162973.1000000000
385 -162149.1000000000
397 -162102.1000000000
398 -161466.1000000000
405 -161465.1000000000
406 23601.5721099908
411 23645.8485473626
413 23754.4144512680
423 24153.1579412448
435 24352.5273341017
503 24551.8921230280
510 24651.5729894670
743 24751.5505971121
841 24851.5388950299
10000 -160108.1000000000
evaluations raw_y
1 -276918.1000000000
2 -274119.1000000000
3 -271188.1000000000
4 -270244.1000000000
5 -269707.1000000000
6 -269467.1000000000
7 -268725.1000000000
8 -267391.1000000000
12 -264503.1000000000
13 -264447.1000000000
14 -262895.1000000000
16 -260852.1000000000
18 -260077.1000000000
20 -259127.1000000000
21 -258507.1000000000
23 -258146.1000000000
26 -256728.1000000000
27 -256726.1000000000
29 -256370.1000000000
30 -254608.1000000000
31 -253682.1000000000
32 -252428.1000000000
33 -251742.1000000000
35 -251061.1000000000
37 -250451.1000000000
38 -249197.1000000000
40 -247331.1000000000
42 -246741.1000000000
47 -245767.1000000000
49 -244109.1000000000
50 -243476.1000000000
53 -242786.1000000000
55 -242584.1000000000
58 -241206.1000000000
60 -240802.1000000000
67 -239582.1000000000
69 -238993.1000000000
71 -237201.1000000000
73 -236920.1000000000
78 -236169.1000000000
79 -234879.1000000000
81 -233957.1000000000
84 -232039.1000000000
85 -231167.1000000000
87 -230227.1000000000
88 -227416.1000000000
90 -226727.1000000000
91 -225549.1000000000
92 -224375.1000000000
94 -223566.1000000000
98 -222122.1000000000
100 -219670.1000000000
103 -219260.1000000000
104 -217112.1000000000
105 -216741.1000000000
106 -214971.1000000000
108 -214203.1000000000
109 -213480.1000000000
115 -212950.1000000000
116 -212362.1000000000
117 -210946.1000000000
127 -210333.1000000000
129 -209862.1000000000
133 -209039.1000000000
134 -208866.1000000000
138 -205862.1000000000
144 -205856.1000000000
147 -204975.1000000000
152 -204874.1000000000
154 -204378.1000000000
156 -204041.1000000000
158 -203391.1000000000
165 -202448.1000000000
168 -201989.1000000000
170 -200487.1000000000
183 -199487.1000000000
184 -197643.1000000000
185 -196163.1000000000
187 -196024.1000000000
189 -195397.1000000000
190 -195150.1000000000
195 -193704.1000000000
197 -193502.1000000000
200 -192565.1000000000
209 -188817.1000000000
215 -188786.1000000000
219 -187942.1000000000
225 -186062.1000000000
228 -185475.1000000000
229 -185067.1000000000
234 -184505.1000000000
239 -184159.1000000000
242 -182273.1000000000
248 -182271.1000000000
253 -179691.1000000000
254 -178207.1000000000
256 -177713.1000000000
269 -176736.1000000000
277 -175913.1000000000
282 -175702.1000000000
306 -175365.1000000000
313 -175286.1000000000
317 -174298.1000000000
326 -171542.1000000000
331 -169648.1000000000
333 -169226.1000000000
337 -168638.1000000000
338 -167897.1000000000
344 -166135.1000000000
346 -165522.1000000000
347 -164661.1000000000
358 -163972.1000000000
368 -163572.1000000000
372 -161850.1000000000
376 -161090.1000000000
377 -160496.1000000000
402 23032.7406746536
405 23154.5514551987
407 23319.8286678836
443 23414.8820095756
446 23813.9535075658
475 23903.5108642946
479 23997.2380368582
10000 -159947.1000000000
evaluations raw_y
1 -293423.1000000000
6 -293361.1000000000
8 -292824.1000000000
13 -292073.1000000000
17 -289621.1000000000
18 -288988.1000000000
19 -288084.1000000000
20 -287945.1000000000
23 -286461.1000000000
24 -285981.1000000000
25 -285826.1000000000
26 -282382.1000000000
28 -281128.1000000000
30 -279262.1000000000
31 -278573.1000000000
32 -277884.1000000000
35 -275764.1000000000
37 -272016.1000000000
38 -271612.1000000000
39 -271246.1000000000
40 -270652.1000000000
45 -269962.1000000000
47 -268962.1000000000
53 -267988.1000000000
54 -267986.1000000000
55 -267049.1000000000
56 -266340.1000000000
57 -266240.1000000000
60 -265322.1000000000
61 -262430.1000000000
64 -261676.1000000000
70 -260386.1000000000
71 -260076.1000000000
73 -259316.1000000000
74 -258140.1000000000
75 -256370.1000000000
76 -254370.1000000000
80 -252578.1000000000
82 -251755.1000000000
84 -251388.1000000000
85 -250559.1000000000
86 -249225.1000000000
87 -248248.1000000000
88 -248107.1000000000
92 -247284.1000000000
94 -246562.1000000000
97 -246257.1000000000
99 -246055.1000000000
100 -243472.1000000000
105 -242910.1000000000
107 -242439.1000000000
108 -239603.1000000000
109 -238990.1000000000
110 -237146.1000000000
113 -233562.1000000000
115 -232094.1000000000
119 -231020.1000000000
122 -230094.1000000000
128 -226094.1000000000
137 -224868.1000000000
140 -223106.1000000000
142 -222162.1000000000
145 -221318.1000000000
148 -220788.1000000000
154 -219903.1000000000
157 -219459.1000000000
158 -218538.1000000000
168 -217238.1000000000
172 -216564.1000000000
179 -215118.1000000000
194 -214892.1000000000
196 -213918.1000000000
197 -213526.1000000000
221 -212792.1000000000
222 -212761.1000000000
223 -211541.1000000000
224 -209901.1000000000
227 -209078.1000000000
231 -207598.1000000000
232 -207111.1000000000
233 -206871.1000000000
236 -205691.1000000000
238 -204769.1000000000
256 -202851.1000000000
275 -199963.1000000000
279 -198455.1000000000
291 -198032.1000000000
299 -197351.1000000000
302 -197140.1000000000
313 -196266.1000000000
316 -195278.1000000000
321 -194665.1000000000
322 -193019.1000000000
323 -192333.1000000000
330 -192254.1000000000
333 -191898.1000000000
336 -190955.1000000000
340 -190924.1000000000
342 -189478.1000000000
356 -185730.1000000000
360 -185271.1000000000
364 -185270.1000000000
377 -184708.1000000000
383 -183932.1000000000
388 -183446.1000000000
389 -181978.1000000000
391 -179526.1000000000
403 -179155.1000000000
424 -178667.1000000000
449 -178445.1000000000
458 -178084.1000000000
466 -176707.1000000000
468 -175453.1000000000
470 -175342.1000000000
482 -174164.1000000000
499 -170624.1000000000
515 -168248.1000000000
520 -167432.1000000000
541 -166612.1000000000
544 -163735.1000000000
566 -162373.1000000000
568 -161983.1000000000
591 -161355.1000000000
603 24216.9620451776
610 24417.2648345880
643 24517.4149761732
657 24717.7176796360
709 24819.4821387892
1049 25220.0713410594
1304 25321.8177435383
10000 -160320.1000000000
evaluations raw_y
1 -276016.1000000000
3 -275679.1000000000
4 -274199.1000000000
5 -273513.1000000000
6 -272652.1000000000
7 -272650.1000000000
8 -269719.1000000000
10 -268797.1000000000
11 -268085.1000000000
12 -267599.1000000000
14 -267207.1000000000
15 -265987.1000000000
16 -265739.1000000000
18 -265276.1000000000
19 -264050.1000000000
22 -263456.1000000000
23 -262509.1000000000
26 -262163.1000000000
27 -261340.1000000000
28 -261228.1000000000
34 -260354.1000000000
36 -259100.1000000000
38 -258570.1000000000
40 -257960.1000000000
41 -257271.1000000000
42 -256966.1000000000
43 -256033.1000000000
44 -255299.1000000000
45 -255099.1000000000
46 -254355.1000000000
49 -253719.1000000000
50 -252896.1000000000
51 -252723.1000000000
58 -251279.1000000000
60 -249907.1000000000
61 -247030.1000000000
64 -246058.1000000000
67 -244418.1000000000
68 -243642.1000000000
73 -243563.1000000000
76 -242613.1000000000
77 -242203.1000000000
78 -241956.1000000000
84 -241590.1000000000
86 -240402.1000000000
89 -240308.1000000000
91 -239622.1000000000
92 -239178.1000000000
94 -238774.1000000000
98 -237827.1000000000
101 -237105.1000000000
105 -236994.1000000000
106 -236122.1000000000
107 -236066.1000000000
110 -235181.1000000000
111 -235026.1000000000
116 -233264.1000000000
117 -232444.1000000000
119 -231948.1000000000
124 -231538.1000000000
126 -229672.1000000000
133 -228254.1000000000
135 -226211.1000000000
138 -225530.1000000000
139 -224354.1000000000
143 -224348.1000000000
145 -222462.1000000000
146 -222258.1000000000
149 -221902.1000000000
151 -221314.1000000000
153 -220862.1000000000
164 -219070.1000000000
166 -218680.1000000000
168 -218118.1000000000
173 -214826.1000000000
174 -214600.1000000000
175 -211156.1000000000
177 -210914.1000000000
182 -210910.1000000000
191 -210297.1000000000
196 -209353.1000000000
199 -209165.1000000000
200 -208356.1000000000
203 -206594.1000000000
206 -204640.1000000000
207 -204232.1000000000
210 -203472.1000000000
213 -202730.1000000000
215 -199894.1000000000
217 -197138.1000000000
219 -195884.1000000000
220 -194896.1000000000
222 -194773.1000000000
229 -193473.1000000000
230 -191827.1000000000
233 -190381.1000000000
234 -189460.1000000000
248 -187586.1000000000
250 -186770.1000000000
253 -184890.1000000000
255 -184789.1000000000
256 -183281.1000000000
259 -182513.1000000000
267 -180743.1000000000
268 -179555.1000000000
293 -177195.1000000000
299 -176314.1000000000
300 -175694.1000000000
303 -175389.1000000000
309 -174666.1000000000
316 -173666.1000000000
327 -173179.1000000000
332 -172001.1000000000
334 -171634.1000000000
341 -170738.1000000000
343 -168820.1000000000
347 -165048.1000000000
353 -164891.1000000000
360 -163717.1000000000
365 -163050.1000000000
403 -160674.1000000000
414 -160643.1000000000
444 20926.8625966474
445 21065.0630332204
446 21184.2687539832
447 21284.3929003643
449 21314.2390464868
457 21382.5133145819
460 21548.6319326634
468 21592.2574224434
476 21989.4470479508
502 22070.2472885011
524 22172.6312769096
539 22186.4845182209
541 22389.3736392591
547 22494.2922424217
548 22592.8592452614
553 22633.3360621046
558 22883.0983864143
581 22951.3196443795
593 23050.9441824492
609 23280.6048492432
622 23354.9989224804
629 23371.0147148262
636 23498.1409879285
641 23513.2961024232
642 23559.3492552236
653 23570.7578663573
654 23648.1589108097
656 23725.0676935296
669 23756.9782352651
678 23854.3454744883
691 23995.0765610986
767 24030.0676928722
774 24030.5027492402
776 24166.2581938422
783 24234.3072058625
790 24433.0306408284
866 24514.3796999997
876 24633.1104284665
1020 24750.6318895518
1022 24942.1585211087
1023 25111.3266337291
1031 25197.7033453052
1074 25255.3755678703
1075 25633.1678403777
1079 25832.1040805870
1137 25929.4503807737
1139 26204.6420627524
1157 26210.3281775007
1386 26255.2085671200
1388 26379.0115158959
1391 26390.7475843770
10000 -161065.1000000000
evaluations raw_y
1 -278499.1000000000
10 -277905.1000000000
11 -277899.1000000000
13 -277079.1000000000
14 -275905.1000000000
15 -275315.1000000000
17 -272311.1000000000
18 -272211.1000000000
20 -271367.1000000000
23 -270445.1000000000
24 -270078.1000000000
26 -268716.1000000000
28 -267270.1000000000
29 -266519.1000000000
31 -265331.1000000000
32 -265127.1000000000
34 -264441.1000000000
37 -264033.1000000000
41 -263210.1000000000
42 -262730.1000000000
43 -261797.1000000000
45 -261405.1000000000
47 -260433.1000000000
48 -258711.1000000000
51 -258098.1000000000
56 -256098.1000000000
57 -253978.1000000000
59 -253899.1000000000
68 -253263.1000000000
69 -252618.1000000000
72 -251284.1000000000
75 -250825.1000000000
77 -249765.1000000000
79 -249404.1000000000
83 -248817.1000000000
84 -247333.1000000000
92 -246345.1000000000
93 -245167.1000000000
94 -244821.1000000000
97 -243203.1000000000
108 -241826.1000000000
112 -241715.1000000000
115 -240213.1000000000
116 -239473.1000000000
118 -239379.1000000000
120 -236487.1000000000
122 -235547.1000000000
124 -235210.1000000000
126 -235109.1000000000
127 -234386.1000000000
134 -232968.1000000000
136 -232597.1000000000
139 -230643.1000000000
140 -228807.1000000000
142 -228039.1000000000
147 -227564.1000000000
149 -226084.1000000000
151 -224904.1000000000
153 -224023.1000000000
155 -223821.1000000000
156 -221947.1000000000
159 -221257.1000000000
160 -220523.1000000000
169 -220051.1000000000
172 -218207.1000000000
174 -218176.1000000000
182 -218114.1000000000
183 -216814.1000000000
192 -215524.1000000000
194 -214701.1000000000
200 -214578.1000000000
202 -210830.1000000000
205 -210657.1000000000
206 -208771.1000000000
208 -206623.1000000000
218 -206160.1000000000
219 -205750.1000000000
223 -202939.1000000000
227 -202531.1000000000
229 -201797.1000000000
232 -200893.1000000000
235 -200611.1000000000
238 -200363.1000000000
242 -200049.1000000000
251 -200048.1000000000
254 -199122.1000000000
255 -198178.1000000000
260 -197811.1000000000
263 -196591.1000000000
264 -196434.1000000000
267 -195968.1000000000
268 -195139.1000000000
277 -193499.1000000000
280 -190622.1000000000
281 -190312.1000000000
294 -186868.1000000000
295 -186563.1000000000
297 -185011.1000000000
302 -184889.1000000000
315 -182306.1000000000
330 -181678.1000000000
338 -178842.1000000000
339 -178620.1000000000
353 -178264.1000000000
370 -175465.1000000000
371 -174636.1000000000
387 -172260.1000000000
398 -171260.1000000000
402 -168329.1000000000
404 -168298.1000000000
414 -167961.1000000000
424 -167551.1000000000
428 -165999.1000000000
441 -165755.1000000000
458 -164834.1000000000
459 -163857.1000000000
464 -163190.1000000000
492 -161670.1000000000
498 -161444.1000000000
504 -160907.1000000000
512 24053.1901508329
522 24155.5362331484
538 24555.2884957689
595 24656.8890538654
874 24756.8222358857
10000 -160859.1000000000
evaluations raw_y
1 -284911.1000000000
2 -281163.1000000000
4 -280216.1000000000
5 -280122.1000000000
8 -279878.1000000000
9 -278108.1000000000
10 -276731.1000000000
13 -275859.1000000000
14 -274375.1000000000
19 -273121.1000000000
20 -272367.1000000000
21 -272336.1000000000
22 -270828.1000000000
24 -270523.1000000000
25 -270321.1000000000
28 -269145.1000000000
31 -268284.1000000000
32 -267475.1000000000
34 -266789.1000000000
35 -266099.1000000000
36 -264597.1000000000
38 -263650.1000000000
44 -263279.1000000000
45 -263178.1000000000
46 -262568.1000000000
47 -261444.1000000000
49 -259998.1000000000
50 -259309.1000000000
51 -259278.1000000000
52 -258855.1000000000
53 -257493.1000000000
55 -256047.1000000000
56 -254181.1000000000
59 -253248.1000000000
60 -252330.1000000000
61 -252048.1000000000
63 -251111.1000000000
66 -250430.1000000000
67 -250424.1000000000
70 -248381.1000000000
72 -247444.1000000000
78 -246693.1000000000
83 -246285.1000000000
84 -245755.1000000000
85 -245135.1000000000
88 -244231.1000000000
91 -243043.1000000000
93 -242987.1000000000
97 -240407.1000000000
98 -239780.1000000000
99 -237328.1000000000
104 -236594.1000000000
108 -235148.1000000000
109 -234676.1000000000
115 -234268.1000000000
116 -234080.1000000000
121 -233105.1000000000
123 -232179.1000000000
125 -231590.1000000000
130 -228713.1000000000
133 -228226.1000000000
135 -227613.1000000000
136 -226939.1000000000
137 -225965.1000000000
139 -224413.1000000000
140 -224187.1000000000
146 -223009.1000000000
150 -222376.1000000000
156 -222172.1000000000
160 -221826.1000000000
162 -220876.1000000000
163 -220765.1000000000
167 -219843.1000000000
169 -219704.1000000000
170 -219167.1000000000
171 -217749.1000000000
172 -217121.1000000000
180 -216641.1000000000
181 -214767.1000000000
188 -214205.1000000000
189 -214048.1000000000
191 -213225.1000000000
192 -212773.1000000000
194 -211950.1000000000
197 -208366.1000000000
200 -207470.1000000000
201 -207060.1000000000
202 -205688.1000000000
204 -205100.1000000000
206 -204795.1000000000
212 -204403.1000000000
213 -203343.1000000000
222 -200891.1000000000
223 -199665.1000000000
240 -197779.1000000000
243 -196311.1000000000
267 -193423.1000000000
270 -191979.1000000000
278 -191527.1000000000
281 -190805.1000000000
284 -189862.1000000000
287 -189548.1000000000
297 -188576.1000000000
298 -187388.1000000000
317 -185626.1000000000
325 -184903.1000000000
326 -184677.1000000000
345 -183175.1000000000
350 -182785.1000000000
364 -181911.1000000000
367 -179155.1000000000
371 -178181.1000000000
376 -177825.1000000000
377 -174077.1000000000
381 -173233.1000000000
385 -172841.1000000000
387 -171621.1000000000
400 -170846.1000000000
412 -169002.1000000000
414 -168226.1000000000
421 -167816.1000000000
425 -166516.1000000000
433 -166028.1000000000
438 -165667.1000000000
446 -162868.1000000000
451 -162388.1000000000
454 -162166.1000000000
460 -162054.1000000000
498 -161744.1000000000
525 -161419.1000000000
557 22772.5801058574
558 23355.2435439590
562 23625.0209070793
564 23768.0816995500
565 23974.0843175951
788 24074.0456844871
859 24173.9977434662
1027 24274.6246061079
10000 -160552.1000000000
evaluations raw_y
1 -293125.1000000000
3 -292192.1000000000
4 -290858.1000000000
5 -290225.1000000000
6 -289484.1000000000
8 -288306.1000000000
10 -286804.1000000000
11 -286556.1000000000
13 -285943.1000000000
15 -285381.1000000000
17 -283735.1000000000
18 -281973.1000000000
22 -281773.1000000000
24 -280355.1000000000
25 -279621.1000000000
26 -278447.1000000000
27 -277687.1000000000
28 -277530.1000000000
29 -275686.1000000000
30 -274814.1000000000
35 -272234.1000000000
37 -270368.1000000000
38 -269114.1000000000
39 -267934.1000000000
40 -266054.1000000000
42 -265077.1000000000
43 -264710.1000000000
45 -264121.1000000000
46 -261859.1000000000
49 -261108.1000000000
51 -261061.1000000000
54 -258130.1000000000
59 -256212.1000000000
61 -254840.1000000000
62 -253966.1000000000
65 -253338.1000000000
66 -252652.1000000000
67 -250930.1000000000
68 -250520.1000000000
69 -249752.1000000000
71 -247908.1000000000
74 -246688.1000000000
75 -245714.1000000000
76 -244777.1000000000
78 -243840.1000000000
81 -241966.1000000000
83 -240486.1000000000
86 -239836.1000000000
88 -239742.1000000000
89 -238516.1000000000
93 -235624.1000000000
97 -235382.1000000000
99 -234092.1000000000
101 -232474.1000000000
103 -232002.1000000000
104 -231901.1000000000
105 -230841.1000000000
106 -230087.1000000000
112 -228317.1000000000
114 -227650.1000000000
116 -226098.1000000000
118 -224098.1000000000
120 -222262.1000000000
121 -220794.1000000000
124 -219978.1000000000
125 -219155.1000000000
127 -217269.1000000000
130 -216281.1000000000
131 -215105.1000000000
138 -214220.1000000000
140 -212842.1000000000
142 -212102.1000000000
144 -212098.1000000000
148 -211289.1000000000
153 -211283.1000000000
154 -210817.1000000000
161 -209993.1000000000
162 -209656.1000000000
166 -208836.1000000000
168 -208503.1000000000
169 -208051.1000000000
175 -207695.1000000000
181 -207059.1000000000
183 -205419.1000000000
184 -203299.1000000000
186 -202819.1000000000
188 -201819.1000000000
190 -200844.1000000000
192 -197400.1000000000
193 -197095.1000000000
197 -196599.1000000000
200 -195857.1000000000
210 -195855.1000000000
213 -194905.1000000000
216 -194805.1000000000
217 -194192.1000000000
222 -193729.1000000000
228 -192541.1000000000
243 -192418.1000000000
247 -191728.1000000000
250 -191269.1000000000
254 -190446.1000000000
260 -189958.1000000000
261 -189368.1000000000
265 -187991.1000000000
269 -187666.1000000000
278 -185896.1000000000
283 -185410.1000000000
284 -184736.1000000000
288 -184375.1000000000
310 -183881.1000000000
333 -183236.1000000000
335 -182773.1000000000
336 -180445.1000000000
346 -179723.1000000000
348 -179582.1000000000
362 -178030.1000000000
367 -174446.1000000000
370 -172492.1000000000
384 -171904.1000000000
389 -170488.1000000000
390 -170266.1000000000
399 -169801.1000000000
438 -168972.1000000000
439 -168050.1000000000
447 -167463.1000000000
448 -166339.1000000000
453 -163451.1000000000
464 -162273.1000000000
474 -161903.1000000000
479 -161781.1000000000
491 23629.8911556450
492 23718.2971213765
501 24058.7348876163
515 24091.9661342950
520 24196.9348316815
538 24396.1115146072
606 24495.6969935872
636 24519.6903671938
639 24593.4150792089
647 24632.8760071830
688 24832.0350115795
772 24869.8389037879
779 25062.1692305435
782 25334.8384085239
1074 25733.1856821743
1158 25832.1567894737
1259 25833.2322812733
1267 25928.3397607841
1286 26080.1851136071
1292 26264.1174133659
1314 26432.2946912897
10000 -160673.1000000000
evaluations raw_y
1 -261582.1000000000
4 -259130.1000000000
5 -257952.1000000000
10 -257586.1000000000
11 -256296.1000000000
12 -255536.1000000000
13 -254761.1000000000
15 -253281.1000000000
18 -252407.1000000000
20 -251780.1000000000
21 -251186.1000000000
22 -248810.1000000000
27 -246230.1000000000
29 -244230.1000000000
30 -243486.1000000000
31 -243082.1000000000
33 -240078.1000000000
38 -238898.1000000000
41 -237720.1000000000
49 -236074.1000000000
50 -234740.1000000000
51 -231984.1000000000
52 -231164.1000000000
53 -227624.1000000000
54 -227165.1000000000
56 -226321.1000000000
57 -224769.1000000000
60 -222875.1000000000
61 -222409.1000000000
65 -221459.1000000000
69 -220574.1000000000
72 -220111.1000000000
76 -220017.1000000000
81 -219813.1000000000
82 -219059.1000000000
84 -218471.1000000000
85 -218006.1000000000
89 -216522.1000000000
92 -215575.1000000000
94 -214241.1000000000
98 -213753.1000000000
99 -212806.1000000000
100 -210970.1000000000
105 -210236.1000000000
111 -209056.1000000000
115 -208933.1000000000
118 -205349.1000000000
126 -204897.1000000000
127 -203525.1000000000
129 -203523.1000000000
134 -202833.1000000000
140 -202346.1000000000
141 -201985.1000000000
144 -201885.1000000000
150 -198997.1000000000
152 -198692.1000000000
153 -198636.1000000000
157 -198023.1000000000
169 -197048.1000000000
172 -196435.1000000000
173 -195815.1000000000
175 -195753.1000000000
177 -195752.1000000000
178 -195066.1000000000
179 -194909.1000000000
180 -194499.1000000000
184 -192655.1000000000
195 -192042.1000000000
200 -191353.1000000000
207 -188542.1000000000
215 -187482.1000000000
216 -186659.1000000000
219 -186628.1000000000
228 -185684.1000000000
235 -185440.1000000000
236 -184568.1000000000
247 -183887.1000000000
252 -183661.1000000000
259 -183261.1000000000
260 -183259.1000000000
267 -182547.1000000000
269 -181643.1000000000
277 -180197.1000000000
280 -179734.1000000000
290 -179344.1000000000
299 -178677.1000000000
305 -177705.1000000000
317 -177605.1000000000
318 -177526.1000000000
319 -175626.1000000000
332 -173864.1000000000
333 -173752.1000000000
342 -172390.1000000000
347 -171581.1000000000
348 -171393.1000000000
361 -170983.1000000000
367 -170421.1000000000
378 -169927.1000000000
382 -169001.1000000000
399 -168970.1000000000
404 -168048.1000000000
416 -168042.1000000000
420 -167963.1000000000
422 -166709.1000000000
446 -163832.1000000000
455 -163244.1000000000
457 -161124.1000000000
463 -160985.1000000000
471 -160217.1000000000
479 23521.2041915491
480 23888.5100865567
491 23998.8196133848
512 24098.8130398758
514 24200.1021902550
517 24400.0629503640
553 24499.7172510401
802 24699.6373664879
10000 -160888.1000000000
evaluations raw_y
1 -276839.1000000000
2 -274796.1000000000
3 -274202.1000000000
5 -273835.1000000000
7 -273199.1000000000
11 -271647.1000000000
12 -271255.1000000000
20 -270855.1000000000
21 -269994.1000000000
23 -269305.1000000000
25 -268125.1000000000
28 -267349.1000000000
36 -265797.1000000000
37 -265595.1000000000
38 -263825.1000000000
39 -263339.1000000000
42 -262653.1000000000
45 -261963.1000000000
46 -261019.1000000000
56 -260296.1000000000
62 -259607.1000000000
63 -258353.1000000000
64 -255461.1000000000
67 -254727.1000000000
76 -254117.1000000000
78 -253221.1000000000
79 -252041.1000000000
80 -251290.1000000000
81 -250316.1000000000
82 -249026.1000000000
85 -247126.1000000000
88 -246704.1000000000
92 -244860.1000000000
93 -244170.1000000000
95 -243705.1000000000
96 -242221.1000000000
97 -240887.1000000000
98 -240175.1000000000
101 -238813.1000000000
104 -237395.1000000000
105 -237254.1000000000
113 -236431.1000000000
117 -235527.1000000000
118 -235047.1000000000
122 -234110.1000000000
124 -233658.1000000000
125 -229886.1000000000
130 -228406.1000000000
134 -227106.1000000000
135 -226169.1000000000
137 -225746.1000000000
138 -225390.1000000000
139 -225057.1000000000
144 -224527.1000000000
149 -224301.1000000000
150 -223541.1000000000
151 -223204.1000000000
153 -222229.1000000000
155 -221858.1000000000
160 -220200.1000000000
161 -220121.1000000000
163 -219816.1000000000
164 -219810.1000000000
170 -218873.1000000000
171 -218871.1000000000
173 -218629.1000000000
174 -217755.1000000000
176 -217394.1000000000
177 -216394.1000000000
184 -216293.1000000000
185 -216093.1000000000
198 -215685.1000000000
201 -215098.1000000000
203 -214602.1000000000
204 -213921.1000000000
211 -213531.1000000000
215 -212610.1000000000
216 -209774.1000000000
223 -207414.1000000000
227 -204098.1000000000
229 -203139.1000000000
234 -202645.1000000000
243 -200476.1000000000
244 -200445.1000000000
245 -199621.1000000000
246 -198695.1000000000
248 -196809.1000000000
249 -195965.1000000000
250 -193589.1000000000
254 -189841.1000000000
258 -187967.1000000000
265 -187144.1000000000
273 -186194.1000000000
275 -185419.1000000000
280 -183465.1000000000
284 -179881.1000000000
293 -178591.1000000000
294 -178029.1000000000
297 -178023.1000000000
299 -177373.1000000000
316 -176836.1000000000
326 -174025.1000000000
327 -173303.1000000000
329 -170547.1000000000
330 -169103.1000000000
333 -167925.1000000000
353 -167737.1000000000
364 -164197.1000000000
368 -161193.1000000000
371 -160826.1000000000
381 25624.9755232397
385 25728.7516531232
388 26061.9330233086
514 26175.2124343367
552 26375.9662296921
602 26576.7168818182
787 26680.2175598622
800 27081.7141695005
10000 -160795.1000000000
evaluations raw_y
1 -284469.1000000000
2 -283519.1000000000
3 -281257.1000000000
8 -279789.1000000000
10 -278915.1000000000
11 -278452.1000000000
12 -277842.1000000000
13 -277472.1000000000
17 -277135.1000000000
18 -276909.1000000000
20 -276584.1000000000
22 -274698.1000000000
23 -272854.1000000000
24 -272168.1000000000
29 -270528.1000000000
30 -268766.1000000000
31 -268300.1000000000
34 -266798.1000000000
35 -265975.1000000000
37 -265031.1000000000
39 -264919.1000000000
40 -264548.1000000000
41 -262172.1000000000
44 -261582.1000000000
47 -258746.1000000000
49 -256792.1000000000
50 -256566.1000000000
55 -254114.1000000000
57 -252934.1000000000
58 -251760.1000000000
60 -251264.1000000000
65 -250324.1000000000
70 -250212.1000000000
75 -249822.1000000000
76 -247922.1000000000
77 -247680.1000000000
78 -246504.1000000000
81 -245729.1000000000
84 -243937.1000000000
86 -242101.1000000000
87 -240921.1000000000
89 -238801.1000000000
91 -237824.1000000000
94 -237001.1000000000
99 -235127.1000000000
104 -234499.1000000000
105 -231495.1000000000
106 -229993.1000000000
113 -228703.1000000000
114 -228295.1000000000
118 -227472.1000000000
119 -226398.1000000000
120 -225654.1000000000
122 -224965.1000000000
126 -224865.1000000000
128 -224328.1000000000
131 -222848.1000000000
133 -222747.1000000000
135 -222668.1000000000
141 -222589.1000000000
144 -222583.1000000000
149 -222124.1000000000
154 -219955.1000000000
160 -219461.1000000000
170 -217133.1000000000
186 -216787.1000000000
188 -215533.1000000000
194 -215477.1000000000
195 -212585.1000000000
202 -210437.1000000000
205 -209249.1000000000
215 -206145.1000000000
217 -204499.1000000000
220 -202047.1000000000
222 -201517.1000000000
223 -200183.1000000000
228 -199979.1000000000
231 -199669.1000000000
232 -199355.1000000000
233 -199050.1000000000
255 -199049.1000000000
264 -198657.1000000000
268 -195365.1000000000
280 -195121.1000000000
290 -194236.1000000000
297 -194081.1000000000
301 -192613.1000000000
302 -191932.1000000000
303 -189055.1000000000
304 -188603.1000000000
305 -185019.1000000000
317 -184251.1000000000
320 -184029.1000000000
325 -183200.1000000000
329 -179200.1000000000
332 -179059.1000000000
334 -178446.1000000000
352 -178384.1000000000
358 -177919.1000000000
359 -175027.1000000000
362 -171711.1000000000
375 -170739.1000000000
379 -169923.1000000000
383 -169002.1000000000
396 -168328.1000000000
403 -166884.1000000000
404 -166882.1000000000
408 -166709.1000000000
422 -165772.1000000000
423 -165145.1000000000
425 -162562.1000000000
428 -160800.1000000000
452 -160392.1000000000
481 24116.1159874195
493 24548.2931014172
504 24748.5262720581
639 24948.7555777451
727 25048.8689798308
10000 -160415.1000000000
evaluations raw_y
1 -277808.1000000000
2 -276927.1000000000
3 -276519.1000000000
6 -273075.1000000000
8 -271313.1000000000
9 -270921.1000000000
11 -268593.1000000000
13 -268591.1000000000
15 -267882.1000000000
17 -267472.1000000000
18 -264541.1000000000
20 -263367.1000000000
22 -261007.1000000000
29 -260951.1000000000
31 -260559.1000000000
35 -258183.1000000000
38 -257240.1000000000
50 -256894.1000000000
51 -256528.1000000000
52 -255777.1000000000
55 -255036.1000000000
57 -254646.1000000000
59 -254279.1000000000
61 -252917.1000000000
62 -252183.1000000000
71 -250339.1000000000
72 -249049.1000000000
75 -245301.1000000000
80 -244945.1000000000
82 -244358.1000000000
84 -243514.1000000000
85 -242869.1000000000
86 -241869.1000000000
87 -241728.1000000000
97 -240550.1000000000
98 -240098.1000000000
100 -239568.1000000000
104 -238739.1000000000
109 -237679.1000000000
111 -237309.1000000000
116 -236813.1000000000
118 -236079.1000000000
121 -234633.1000000000
126 -233893.1000000000
129 -233611.1000000000
132 -232277.1000000000
133 -231814.1000000000
136 -231783.1000000000
144 -228491.1000000000
145 -227606.1000000000
147 -224502.1000000000
149 -220730.1000000000
152 -218610.1000000000
153 -216030.1000000000
154 -214156.1000000000
156 -213197.1000000000
162 -212993.1000000000
164 -212225.1000000000
165 -211739.1000000000
166 -211660.1000000000
169 -210214.1000000000
172 -209353.1000000000
188 -208816.1000000000
190 -206930.1000000000
194 -206928.1000000000
195 -206032.1000000000
196 -204564.1000000000
198 -203735.1000000000
201 -200731.1000000000
203 -200050.1000000000
205 -197598.1000000000
210 -196372.1000000000
212 -196150.1000000000
214 -195950.1000000000
217 -195261.1000000000
220 -194328.1000000000
223 -194322.1000000000
225 -193914.1000000000
239 -192070.1000000000
242 -191196.1000000000
248 -190473.1000000000
258 -190411.1000000000
259 -190050.1000000000
264 -189461.1000000000
266 -188638.1000000000
276 -188150.1000000000
280 -187229.1000000000
282 -185583.1000000000
284 -185258.1000000000
288 -184572.1000000000
293 -183860.1000000000
295 -182308.1000000000
299 -178768.1000000000
308 -178364.1000000000
310 -178059.1000000000
311 -176805.1000000000
314 -176177.1000000000
319 -175587.1000000000
324 -174897.1000000000
325 -172314.1000000000
327 -171060.1000000000
332 -170123.1000000000
344 -169146.1000000000
352 -168402.1000000000
353 -167430.1000000000
355 -166836.1000000000
362 -164956.1000000000
374 -164394.1000000000
386 -162874.1000000000
400 24577.0201423221
403 25122.3500252433
406 25226.3407777219
472 25326.3952845836
473 25428.2184165321
527 25628.3233580285
621 25744.8588289195
662 25944.9043712227
664 26344.9882537107
10000 -160674.1000000000
evaluations raw_y
1 -266209.1000000000
2 -264701.1000000000
5 -263367.1000000000
8 -263366.1000000000
9 -262188.1000000000
11 -262076.1000000000
12 -260354.1000000000
13 -259983.1000000000
14 -257835.1000000000
18 -257348.1000000000
19 -256948.1000000000
21 -255396.1000000000
22 -254673.1000000000
27 -252630.1000000000
32 -252150.1000000000
34 -250734.1000000000
36 -247978.1000000000
38 -247155.1000000000
46 -246212.1000000000
52 -245503.1000000000
53 -244791.1000000000
55 -244587.1000000000
58 -243827.1000000000
61 -243460.1000000000
63 -243068.1000000000
65 -242786.1000000000
67 -242419.1000000000
71 -240779.1000000000
72 -240112.1000000000
77 -239175.1000000000
79 -238753.1000000000
82 -237781.1000000000
83 -236937.1000000000
85 -236407.1000000000
86 -235870.1000000000
88 -234682.1000000000
89 -232838.1000000000
91 -231866.1000000000
93 -229286.1000000000
94 -228821.1000000000
95 -228721.1000000000
97 -228365.1000000000
101 -226947.1000000000
103 -226941.1000000000
104 -226551.1000000000
106 -226181.1000000000
107 -226080.1000000000
109 -225105.1000000000
113 -224619.1000000000
114 -224227.1000000000
116 -223756.1000000000
123 -222756.1000000000
124 -222312.1000000000
126 -221945.1000000000
135 -220971.1000000000
136 -220519.1000000000
138 -220277.1000000000
141 -219502.1000000000
142 -219440.1000000000
145 -218853.1000000000
147 -217972.1000000000
152 -215710.1000000000
156 -212822.1000000000
159 -210822.1000000000
165 -209596.1000000000
170 -208649.1000000000
171 -207277.1000000000
173 -206355.1000000000
175 -205867.1000000000
186 -205178.1000000000
187 -204703.1000000000
194 -202829.1000000000
196 -201037.1000000000
197 -200864.1000000000
200 -199968.1000000000
204 -199564.1000000000
205 -198944.1000000000
206 -198700.1000000000
208 -197756.1000000000
210 -197634.1000000000
213 -194630.1000000000
217 -193888.1000000000
222 -193884.1000000000
233 -190440.1000000000
235 -189977.1000000000
237 -189161.1000000000
248 -186709.1000000000
249 -185835.1000000000
250 -184217.1000000000
258 -181406.1000000000
259 -180793.1000000000
265 -180693.1000000000
275 -179939.1000000000
282 -178713.1000000000
283 -178250.1000000000
284 -177313.1000000000
287 -176380.1000000000
288 -176374.1000000000
289 -174728.1000000000
293 -174672.1000000000
299 -173698.1000000000
315 -172398.1000000000
324 -171902.1000000000
327 -170568.1000000000
333 -170321.1000000000
334 -170319.1000000000
346 -170009.1000000000
348 -169381.1000000000
353 -168647.1000000000
356 -167427.1000000000
358 -166137.1000000000
363 -165832.1000000000
378 -165142.1000000000
381 -164861.1000000000
390 -162025.1000000000
403 -160523.1000000000
417 25197.0783336463
419 25387.4177549404
483 25587.9172691410
499 25688.1659006041
510 25797.0119986460
527 25997.4925862043
681 26398.4477075070
689 26500.7092594514
977 26602.9668529827
10000 26087.1560468506
evaluations raw_y
1 -275079.1000000000
2 -274517.1000000000
7 -273843.1000000000
8 -273349.1000000000
11 -270973.1000000000
14 -267529.1000000000
16 -267125.1000000000
20 -266458.1000000000
23 -266427.1000000000
25 -265799.1000000000
28 -264840.1000000000
33 -264017.1000000000
38 -263955.1000000000
39 -262185.1000000000
41 -262012.1000000000
42 -261075.1000000000
43 -260974.1000000000
45 -260748.1000000000
47 -258168.1000000000
48 -257555.1000000000
50 -256087.1000000000
55 -255327.1000000000
57 -254027.1000000000
58 -253207.1000000000
62 -250624.1000000000
69 -248476.1000000000
70 -248335.1000000000
75 -247855.1000000000
77 -247325.1000000000
79 -246584.1000000000
84 -246279.1000000000
86 -245435.1000000000
90 -245323.1000000000
95 -245244.1000000000
102 -244428.1000000000
104 -243932.1000000000
107 -243395.1000000000
111 -240103.1000000000
113 -239413.1000000000
116 -236521.1000000000
117 -236442.1000000000
125 -234180.1000000000
134 -233586.1000000000
135 -232410.1000000000
137 -231724.1000000000
138 -230895.1000000000
140 -230209.1000000000
146 -226669.1000000000
152 -226056.1000000000
157 -224576.1000000000
158 -222682.1000000000
162 -220562.1000000000
171 -219952.1000000000
173 -219177.1000000000
179 -218588.1000000000
185 -215696.1000000000
186 -214974.1000000000
188 -213454.1000000000
191 -213252.1000000000
199 -212476.1000000000
205 -211008.1000000000
210 -210641.1000000000
217 -209698.1000000000
225 -209276.1000000000
229 -208886.1000000000
231 -208001.1000000000
242 -207083.1000000000
244 -205705.1000000000
245 -204705.1000000000
246 -203882.1000000000
248 -203760.1000000000
251 -201591.1000000000
254 -199747.1000000000
255 -199339.1000000000
258 -195339.1000000000
262 -193385.1000000000
266 -192617.1000000000
276 -191429.1000000000
277 -190013.1000000000
278 -189667.1000000000
281 -188249.1000000000
283 -187277.1000000000
285 -187165.1000000000
289 -186545.1000000000
292 -186179.1000000000
294 -182431.1000000000
295 -181719.1000000000
298 -179391.1000000000
301 -178991.1000000000
302 -178505.1000000000
309 -178411.1000000000
310 -178078.1000000000
322 -176900.1000000000
331 -175926.1000000000
336 -174976.1000000000
337 -174222.1000000000
341 -171291.1000000000
348 -171191.1000000000
357 -170711.1000000000
359 -169774.1000000000
361 -169768.1000000000
367 -167924.1000000000
399 -167311.1000000000
402 -164307.1000000000
444 -163844.1000000000
478 -162398.1000000000
490 -160954.1000000000
493 23299.0277898045
501 23399.0397198327
505 23510.3684381603
524 23707.8537415956
525 23807.2607212152
543 23908.2618869654
584 24009.2656893172
689 24209.0820582519
966 24408.8942475703
10000 -160144.1000000000
evaluations raw_y
1 -276657.1000000000
2 -275657.1000000000
7 -273488.1000000000
8 -272951.1000000000
11 -269847.1000000000
13 -269227.1000000000
14 -267811.1000000000
20 -266259.1000000000
21 -265922.1000000000
22 -264022.1000000000
23 -263614.1000000000
24 -260803.1000000000
27 -260215.1000000000
30 -259474.1000000000
32 -258864.1000000000
34 -258862.1000000000
40 -258375.1000000000
42 -256501.1000000000
43 -255083.1000000000
44 -254143.1000000000
46 -253210.1000000000
47 -253204.1000000000
50 -249432.1000000000
53 -248528.1000000000
54 -246662.1000000000
55 -245928.1000000000
57 -245239.1000000000
58 -244292.1000000000
64 -243812.1000000000
65 -243090.1000000000
66 -242868.1000000000
73 -242255.1000000000
78 -241693.1000000000
79 -241213.1000000000
82 -240276.1000000000
84 -239332.1000000000
85 -239085.1000000000
87 -238411.1000000000
88 -237775.1000000000
91 -237663.1000000000
92 -237302.1000000000
94 -236839.1000000000
95 -236449.1000000000
99 -235707.1000000000
100 -235094.1000000000
112 -234629.1000000000
113 -233257.1000000000
114 -232269.1000000000
117 -230395.1000000000
119 -226811.1000000000
121 -226325.1000000000
122 -225602.1000000000
124 -224851.1000000000
135 -223473.1000000000
136 -222885.1000000000
141 -220999.1000000000
142 -219821.1000000000
143 -216890.1000000000
145 -215128.1000000000
146 -214156.1000000000
148 -213875.1000000000
149 -213248.1000000000
151 -209804.1000000000
157 -209693.1000000000
159 -207365.1000000000
172 -206732.1000000000
180 -206202.1000000000
185 -205736.1000000000
186 -204815.1000000000
191 -204811.1000000000
195 -203041.1000000000
199 -201319.1000000000
200 -200490.1000000000
201 -200351.1000000000
205 -199507.1000000000
213 -197663.1000000000
219 -196286.1000000000
220 -192994.1000000000
224 -192057.1000000000
237 -189909.1000000000
241 -189553.1000000000
246 -189153.1000000000
248 -188517.1000000000
251 -188042.1000000000
254 -187414.1000000000
261 -186605.1000000000
263 -185893.1000000000
267 -185070.1000000000
271 -184733.1000000000
273 -184592.1000000000
278 -183090.1000000000
290 -180198.1000000000
296 -178864.1000000000
299 -177502.1000000000
301 -174186.1000000000
308 -173312.1000000000
311 -171050.1000000000
323 -170745.1000000000
331 -170666.1000000000
346 -169843.1000000000
359 -167963.1000000000
360 -165164.1000000000
368 -163372.1000000000
373 -163184.1000000000
376 -162817.1000000000
387 -161517.1000000000
399 -161417.1000000000
403 -160804.1000000000
408 22743.0101015948
412 22912.8525689632
424 23009.2090837293
426 23208.8166807562
441 23300.0044121387
495 23400.3906411457
517 23799.4932402037
616 23899.8709817401
661 24099.4143806745
10000 -160750.1000000000
evaluations raw_y
1 -278460.1000000000
3 -276291.1000000000
7 -275828.1000000000
8 -273954.1000000000
9 -273073.1000000000
12 -272579.1000000000
14 -271605.1000000000
20 -270161.1000000000
26 -268207.1000000000
27 -267720.1000000000
31 -267476.1000000000
37 -266732.1000000000
38 -266322.1000000000
39 -266316.1000000000
43 -264698.1000000000
44 -263875.1000000000
46 -262009.1000000000
48 -261643.1000000000
50 -259381.1000000000
51 -258851.1000000000
54 -256015.1000000000
57 -252243.1000000000
60 -251369.1000000000
65 -251002.1000000000
66 -250902.1000000000
68 -249965.1000000000
75 -249754.1000000000
77 -246750.1000000000
79 -246417.1000000000
82 -246080.1000000000
84 -245709.1000000000
86 -245467.1000000000
90 -243623.1000000000
92 -240731.1000000000
95 -240118.1000000000
101 -239632.1000000000
108 -237788.1000000000
109 -237194.1000000000
114 -235424.1000000000
119 -234862.1000000000
120 -234173.1000000000
121 -232839.1000000000
124 -232105.1000000000
128 -230727.1000000000
129 -226727.1000000000
130 -226588.1000000000
131 -224136.1000000000
133 -221760.1000000000
134 -221513.1000000000
135 -220569.1000000000
136 -219933.1000000000
137 -218745.1000000000
147 -216165.1000000000
149 -215218.1000000000
158 -213772.1000000000
163 -211936.1000000000
164 -210468.1000000000
169 -208828.1000000000
170 -207451.1000000000
171 -205659.1000000000
172 -205237.1000000000
175 -204249.1000000000
176 -203659.1000000000
182 -202883.1000000000
191 -199779.1000000000
195 -199498.1000000000
199 -199137.1000000000
201 -198666.1000000000
209 -198665.1000000000
212 -197113.1000000000
216 -196638.1000000000
220 -195695.1000000000
222 -195050.1000000000
228 -194554.1000000000
230 -193617.1000000000
238 -192990.1000000000
243 -192072.1000000000
247 -191607.1000000000
250 -190997.1000000000
264 -189581.1000000000
282 -189424.1000000000
287 -185676.1000000000
290 -184922.1000000000
293 -184612.1000000000
295 -184606.1000000000
296 -183782.1000000000
301 -182280.1000000000
317 -181505.1000000000
318 -180327.1000000000
320 -178881.1000000000
323 -178489.1000000000
333 -178081.1000000000
345 -177544.1000000000
352 -174745.1000000000
356 -174059.1000000000
379 -173734.1000000000
389 -172757.1000000000
392 -171989.1000000000
393 -171816.1000000000
411 -171408.1000000000
416 -170154.1000000000
421 -166838.1000000000
425 -165538.1000000000
427 -162650.1000000000
433 -162206.1000000000
451 -161593.1000000000
453 -161591.1000000000
463 -161529.1000000000
510 -160607.1000000000
535 -160217.1000000000
538 23758.0396546666
539 24050.5595704388
543 24179.1500339806
544 24303.9839713259
560 24425.3716687879
604 24625.6971721977
626 24727.6254874322
630 24827.7846677996
881 25028.1054275601
882 25428.7398740555
10000 -160406.1000000000
evaluations raw_y
1 -249095.1000000000
3 -248691.1000000000
7 -247391.1000000000
11 -246029.1000000000
13 -245379.1000000000
14 -244969.1000000000
15 -243909.1000000000
18 -243908.1000000000
20 -243735.1000000000
26 -241891.1000000000
27 -240665.1000000000
28 -239793.1000000000
30 -239670.1000000000
33 -238186.1000000000
34 -237426.1000000000
35 -236522.1000000000
36 -236491.1000000000
40 -235954.1000000000
42 -234192.1000000000
44 -233769.1000000000
46 -230665.1000000000
48 -230194.1000000000
49 -229558.1000000000
50 -228996.1000000000
53 -228774.1000000000
56 -227012.1000000000
57 -226289.1000000000
63 -225984.1000000000
68 -225953.1000000000
69 -221953.1000000000
71 -221586.1000000000
72 -220034.1000000000
75 -219569.1000000000
77 -219507.1000000000
84 -217607.1000000000
87 -216997.1000000000
93 -214414.1000000000
94 -213747.1000000000
95 -213547.1000000000
96 -212597.1000000000
97 -212458.1000000000
98 -210289.1000000000
103 -209317.1000000000
104 -208823.1000000000
110 -208542.1000000000
111 -208441.1000000000
113 -208194.1000000000
114 -207804.1000000000
118 -207798.1000000000
119 -207794.1000000000
120 -205466.1000000000
122 -204592.1000000000
124 -202952.1000000000
138 -202615.1000000000
144 -202389.1000000000
149 -201703.1000000000
155 -201389.1000000000
161 -200893.1000000000
163 -199956.1000000000
164 -199493.1000000000
166 -198807.1000000000
170 -196913.1000000000
179 -196702.1000000000
190 -196172.1000000000
197 -195692.1000000000
205 -194692.1000000000
206 -193704.1000000000
216 -193023.1000000000
219 -192194.1000000000
220 -191731.1000000000
231 -190759.1000000000
239 -189257.1000000000
251 -187377.1000000000
255 -186440.1000000000
263 -184566.1000000000
265 -183791.1000000000
268 -181873.1000000000
280 -180695.1000000000
281 -179961.1000000000
285 -179272.1000000000
296 -177152.1000000000
306 -176539.1000000000
319 -174747.1000000000
335 -173862.1000000000
337 -171051.1000000000
339 -169177.1000000000
346 -167800.1000000000
357 -167024.1000000000
370 -166719.1000000000
378 -164139.1000000000
380 -164027.1000000000
387 -163635.1000000000
396 -162447.1000000000
423 -161713.1000000000
424 -159991.1000000000
433 24474.3194587923
434 24700.5869332364
436 24973.0245748192
450 25075.0520079117
593 25176.8980096120
694 25576.9446604225
842 25678.7527432167
1079 25778.7603313426
1267 25880.3219754356
10000 -161766.1000000000
evaluations raw_y
1 -288371.1000000000
2 -288292.1000000000
3 -287827.1000000000
4 -285016.1000000000
5 -283828.1000000000
6 -283716.1000000000
7 -281673.1000000000
8 -280373.1000000000
9 -280131.1000000000
10 -279464.1000000000
13 -278492.1000000000
14 -277266.1000000000
16 -275822.1000000000
19 -274978.1000000000
20 -273476.1000000000
22 -271974.1000000000
23 -271078.1000000000
27 -270404.1000000000
28 -269216.1000000000
32 -267558.1000000000
34 -266614.1000000000
37 -265753.1000000000
38 -265290.1000000000
41 -263872.1000000000
42 -261978.1000000000
47 -260104.1000000000
53 -259329.1000000000
54 -258553.1000000000
58 -258306.1000000000
61 -256544.1000000000
63 -255623.1000000000
65 -255286.1000000000
66 -254106.1000000000
67 -251746.1000000000
68 -250799.1000000000
70 -248651.1000000000
73 -248001.1000000000
74 -247172.1000000000
76 -244168.1000000000
79 -243246.1000000000
81 -242020.1000000000
83 -240102.1000000000
84 -238462.1000000000
88 -237925.1000000000
92 -237429.1000000000
95 -236251.1000000000
96 -235771.1000000000
97 -234595.1000000000
98 -233535.1000000000
99 -233048.1000000000
108 -232272.1000000000
109 -231094.1000000000
115 -230953.1000000000
118 -229879.1000000000
119 -228939.1000000000
120 -228116.1000000000
123 -226670.1000000000
125 -226247.1000000000
126 -223795.1000000000
130 -220047.1000000000
131 -219457.1000000000
134 -219005.1000000000
135 -218999.1000000000
138 -217637.1000000000
144 -216886.1000000000
146 -215949.1000000000
148 -215947.1000000000
149 -215537.1000000000
150 -214924.1000000000
157 -214918.1000000000
158 -214510.1000000000
164 -211579.1000000000
169 -211099.1000000000
171 -210707.1000000000
175 -209835.1000000000
187 -208065.1000000000
195 -207865.1000000000
196 -207753.1000000000
198 -206978.1000000000
209 -206292.1000000000
214 -205333.1000000000
216 -204459.1000000000
219 -204336.1000000000
220 -201537.1000000000
224 -201181.1000000000
229 -199315.1000000000
250 -198592.1000000000
251 -198170.1000000000
252 -197182.1000000000
261 -195338.1000000000
262 -194004.1000000000
266 -193054.1000000000
267 -191174.1000000000
269 -190365.1000000000
270 -188919.1000000000
276 -188708.1000000000
279 -188347.1000000000
284 -187817.1000000000
293 -187717.1000000000
296 -184401.1000000000
297 -183572.1000000000
308 -182883.1000000000
309 -178883.1000000000
312 -177663.1000000000
317 -177461.1000000000
324 -176975.1000000000
334 -176531.1000000000
343 -174411.1000000000
345 -171655.1000000000
360 -171263.1000000000
375 -170675.1000000000
392 -168883.1000000000
400 -168602.1000000000
402 -168212.1000000000
404 -167866.1000000000
415 -166314.1000000000
420 -165377.1000000000
436 -162794.1000000000
445 -161978.1000000000
462 -161512.1000000000
470 22087.1464131541
472 22216.5427739707
474 22320.5696994482
498 22390.2834733253
521 22589.7094291246
646 22988.5574854511
864 23187.9795108158
10000 -160363.1000000000
evaluations raw_y
1 -308989.1000000000
2 -308052.1000000000
3 -306874.1000000000
7 -305953.1000000000
10 -303910.1000000000
11 -302464.1000000000
12 -299572.1000000000
13 -299107.1000000000
14 -298741.1000000000
15 -297553.1000000000
16 -297442.1000000000
17 -296382.1000000000
18 -295439.1000000000
21 -295338.1000000000
23 -294971.1000000000
24 -294086.1000000000
25 -293205.1000000000
26 -291565.1000000000
28 -291563.1000000000
31 -291033.1000000000
32 -290752.1000000000
37 -290652.1000000000
40 -290200.1000000000
41 -289613.1000000000
43 -289154.1000000000
45 -288217.1000000000
46 -287629.1000000000
47 -286251.1000000000
48 -285905.1000000000
49 -285683.1000000000
51 -285583.1000000000
52 -285161.1000000000
53 -284407.1000000000
54 -281115.1000000000
56 -280705.1000000000
58 -280400.1000000000
59 -280029.1000000000
60 -279287.1000000000
61 -278843.1000000000
64 -277291.1000000000
68 -276795.1000000000
72 -276683.1000000000
75 -275997.1000000000
76 -275222.1000000000
78 -273778.1000000000
79 -272132.1000000000
81 -270956.1000000000
85 -270712.1000000000
88 -268260.1000000000
89 -267082.1000000000
93 -267081.1000000000
94 -267077.1000000000
99 -266954.1000000000
101 -266743.1000000000
103 -263299.1000000000
104 -262119.1000000000
106 -261142.1000000000
107 -261063.1000000000
108 -259183.1000000000
112 -259026.1000000000
114 -256857.1000000000
115 -254971.1000000000
116 -254049.1000000000
117 -250049.1000000000
119 -249188.1000000000
121 -247636.1000000000
123 -247396.1000000000
124 -245674.1000000000
126 -245318.1000000000
128 -244957.1000000000
129 -243657.1000000000
131 -243177.1000000000
139 -242240.1000000000
148 -240863.1000000000
151 -240119.1000000000
153 -236803.1000000000
157 -236167.1000000000
159 -235842.1000000000
161 -232258.1000000000
163 -231435.1000000000
171 -230846.1000000000
178 -229344.1000000000
180 -228372.1000000000
181 -224624.1000000000
188 -223262.1000000000
190 -220682.1000000000
192 -219236.1000000000
193 -219142.1000000000
198 -218515.1000000000
199 -217527.1000000000
208 -216193.1000000000
211 -214535.1000000000
212 -211643.1000000000
215 -210141.1000000000
227 -209267.1000000000
228 -205495.1000000000
229 -203495.1000000000
234 -202621.1000000000
237 -201203.1000000000
238 -200452.1000000000
240 -196912.1000000000
244 -195540.1000000000
247 -195534.1000000000
248 -195286.1000000000
256 -193766.1000000000
263 -193461.1000000000
265 -193094.1000000000
270 -192274.1000000000
275 -191048.1000000000
276 -190381.1000000000
278 -189641.1000000000
287 -187723.1000000000
298 -187413.1000000000
306 -186724.1000000000
309 -186524.1000000000
314 -186058.1000000000
325 -184838.1000000000
330 -182255.1000000000
336 -179367.1000000000
346 -179030.1000000000
347 -178402.1000000000
351 -177693.1000000000
359 -176970.1000000000
391 -176141.1000000000
412 -173305.1000000000
418 -172481.1000000000
446 -172167.1000000000
460 -170047.1000000000
461 -166299.1000000000
464 -165836.1000000000
482 -165364.1000000000
488 -164641.1000000000
494 -161842.1000000000
523 -161168.1000000000
526 21591.1062334517
527 21639.4991836481
537 21899.6100266552
557 21990.6202852191
560 22064.6620362943
564 22579.5579525895
603 22698.4235739046
617 22897.7785076538
639 22997.6831945941
640 23197.0267302551
725 23296.8815637298
727 23695.5501728149
936 23698.3922977000
937 23898.3642271695
953 23966.5142655210
983 24066.2089785410
1238 24158.6201156185
10000 -160833.1000000000
evaluations raw_y
1 -288836.1000000000
4 -287915.1000000000
8 -287505.1000000000
9 -286892.1000000000
11 -286526.1000000000
13 -285554.1000000000
15 -284577.1000000000
18 -282937.1000000000
19 -281043.1000000000
20 -280964.1000000000
21 -279064.1000000000
22 -276060.1000000000
27 -273172.1000000000
28 -272950.1000000000
30 -272089.1000000000
34 -271266.1000000000
40 -270772.1000000000
41 -270672.1000000000
42 -269918.1000000000
44 -269324.1000000000
46 -268398.1000000000
48 -267712.1000000000
50 -267304.1000000000
52 -266671.1000000000
55 -265727.1000000000
57 -264784.1000000000
60 -263282.1000000000
62 -262102.1000000000
63 -261180.1000000000
64 -260728.1000000000
66 -259994.1000000000
77 -259657.1000000000
81 -258976.1000000000
87 -258160.1000000000
90 -254412.1000000000
91 -253637.1000000000
93 -252877.1000000000
98 -252521.1000000000
102 -251854.1000000000
104 -251742.1000000000
106 -251283.1000000000
109 -249513.1000000000
113 -248632.1000000000
114 -248406.1000000000
115 -246760.1000000000
118 -244880.1000000000
120 -242552.1000000000
123 -240678.1000000000
124 -238804.1000000000
126 -237514.1000000000
129 -235514.1000000000
134 -234802.1000000000
137 -234358.1000000000
141 -232440.1000000000
146 -231186.1000000000
149 -230227.1000000000
150 -229577.1000000000
151 -227733.1000000000
155 -226443.1000000000
159 -226076.1000000000
162 -225828.1000000000
163 -225523.1000000000
164 -223801.1000000000
166 -223211.1000000000
167 -223209.1000000000
169 -223109.1000000000
174 -221223.1000000000
176 -219075.1000000000
179 -217713.1000000000
186 -217513.1000000000
191 -216539.1000000000
196 -215167.1000000000
199 -215136.1000000000
201 -214934.1000000000
202 -214038.1000000000
204 -213229.1000000000
212 -209645.1000000000
213 -208869.1000000000
228 -208758.1000000000
230 -207582.1000000000
232 -207441.1000000000
234 -207127.1000000000
240 -207005.1000000000
244 -203257.1000000000
247 -203102.1000000000
256 -202361.1000000000
257 -201585.1000000000
261 -201224.1000000000
264 -200984.1000000000
266 -200937.1000000000
267 -200843.1000000000
272 -200255.1000000000
275 -200013.1000000000
282 -198939.1000000000
284 -198035.1000000000
288 -197473.1000000000
307 -196783.1000000000
308 -195833.1000000000
314 -194331.1000000000
316 -194327.1000000000
328 -192847.1000000000
336 -192457.1000000000
338 -189877.1000000000
355 -189540.1000000000
361 -188796.1000000000
367 -184796.1000000000
374 -183616.1000000000
376 -182628.1000000000
382 -182402.1000000000
384 -180448.1000000000
388 -179708.1000000000
389 -177872.1000000000
394 -177283.1000000000
405 -176574.1000000000
429 -176044.1000000000
430 -173668.1000000000
431 -173387.1000000000
439 -171625.1000000000
444 -168085.1000000000
472 -167589.1000000000
480 -165006.1000000000
486 -162195.1000000000
488 -160861.1000000000
505 23998.5259318956
506 24110.7334009977
507 24241.3184994921
517 24343.8459633365
579 24743.9504939612
630 24845.5206495863
896 24947.0939747348
956 25147.1363253378
10000 -160814.1000000000
