evaluations raw_y
1 -2150943.0000000005
2 -2149941.0000000005
3 -2148933.0000000005
4 -2147927.0000000005
5 -2146925.0000000005
8 -2145920.0000000005
10 -2144912.0000000005
12 -2143909.0000000005
20 -2142902.0000000005
25 -2141901.0000000005
26 -2140892.0000000005
28 -2139886.0000000005
30 -2138880.0000000005
31 -2137873.0000000005
32 -2136866.0000000005
33 -2135861.0000000005
34 -2134857.0000000005
36 -2133848.0000000005
38 -2132839.0000000005
41 -2131832.0000000005
42 -2130823.0000000005
44 -2129815.0000000005
47 -2128815.0000000005
48 -2127814.0000000005
49 -2126806.0000000005
50 -2125797.0000000005
51 -2124790.0000000005
52 -2123783.0000000005
55 -2122774.0000000005
56 -2121774.0000000005
57 -2120770.0000000005
59 -2119764.0000000005
63 -2118756.0000000005
64 -2117755.0000000005
70 -2116753.0000000005
72 -2115750.0000000005
73 -2114749.0000000005
76 -2113743.0000000005
77 -2112742.0000000005
78 -2111736.0000000005
79 -2110736.0000000005
80 -2109730.0000000005
83 -2108726.0000000005
84 -2107721.0000000005
85 -2106713.0000000005
87 -2105708.0000000005
88 -2104701.0000000005
92 -2103700.0000000005
93 -2102699.0000000005
94 -2101699.0000000005
95 -2100693.0000000005
96 -2099684.0000000005
100 -2098683.0000000005
101 -2097678.0000000005
102 -2096676.0000000005
106 -2095672.0000000005
108 -2094671.0000000005
110 -2093663.0000000005
111 -2092661.0000000005
116 -2091661.0000000005
119 -2090659.0000000005
121 -2089658.0000000005
124 -2088656.0000000005
126 -2087656.0000000005
129 -2086655.0000000005
130 -2085647.0000000005
131 -2084643.0000000005
134 -2083642.0000000005
136 -2082642.0000000005
138 -2081636.0000000005
143 -2080633.0000000005
144 -2079624.0000000005
146 -2078615.0000000005
147 -2077612.0000000005
152 -2076604.0000000005
155 -2075603.0000000005
157 -2074602.0000000005
164 -2073602.0000000005
167 309714.1033196808
409 309731.5969474579
410 310667.6635412780
555 310698.1367429537
556 310981.9611482248
724 310985.3309827929
725 311347.2173512395
789 311383.3134295831
792 311731.4985921837
838 311743.5410803537
841 312418.8342678417
854 312419.6611114562
855 313234.7272206065
906 313268.7798493950
907 313927.7958562869
983 313948.5949290488
984 314251.7344251632
1171 314289.0317501911
1172 314497.4214486591
1228 314535.2017088015
1230 314924.4706370650
1258 314927.0126549938
1261 315181.8310501781
1319 315198.8311635955
1320 315518.9734533614
1710 315544.5326053256
1711 315789.6995396709
1764 315800.7493551035
1765 316099.3961653477
2576 316124.9356748295
2578 316671.8371945744
3035 316711.8175328356
3037 316898.0834427160
4268 316936.3468906712
4269 317601.8773625459
7597 317624.6099414609
7598 318244.4388094673
10000 -2073603.0000000005
evaluations raw_y
1 -2155988.0000000005
3 -2154988.0000000005
6 -2153982.0000000005
10 -2152978.0000000005
15 -2151973.0000000005
16 -2150965.0000000005
20 -2149962.0000000005
23 -2148954.0000000005
25 -2147954.0000000005
27 -2146954.0000000005
29 -2145947.0000000005
30 -2144940.0000000005
31 -2143936.0000000005
32 -2142928.0000000005
34 -2141922.0000000005
38 -2140915.0000000005
41 -2139907.0000000005
44 -2138901.0000000005
46 -2137895.0000000005
48 -2136893.0000000005
51 -2135885.0000000005
53 -2134882.0000000005
56 -2133875.0000000005
59 -2132866.0000000005
62 -2131860.0000000005
63 -2130852.0000000005
68 -2129844.0000000005
69 -2128836.0000000005
71 -2127827.0000000005
79 -2126818.0000000005
80 -2125809.0000000005
82 -2124805.0000000005
84 -2123798.0000000005
86 -2122793.0000000005
88 -2121789.0000000005
89 -2120785.0000000005
91 -2119777.0000000005
92 -2118776.0000000005
93 -2117775.0000000005
94 -2116775.0000000005
95 -2115766.0000000005
98 -2114764.0000000005
101 -2113762.0000000005
102 -2112762.0000000005
103 -2111759.0000000005
104 -2110757.0000000005
107 -2109756.0000000005
108 -2108747.0000000005
110 -2107742.0000000005
111 -2106742.0000000005
117 -2105739.0000000005
118 -2104739.0000000005
119 -2103738.0000000005
126 -2102735.0000000005
127 -2101728.0000000005
130 -2100723.0000000005
133 -2099718.0000000005
134 -2098718.0000000005
136 -2097711.0000000005
138 -2096706.0000000005
141 -2095700.0000000005
147 -2094691.0000000005
148 -2093688.0000000005
150 -2092682.0000000005
151 -2091680.0000000005
152 -2090674.0000000005
154 -2089669.0000000005
155 -2088665.0000000005
157 -2087662.0000000005
160 -2086654.0000000005
161 -2085652.0000000005
162 -2084650.0000000005
166 -2083643.0000000005
168 -2082643.0000000005
170 -2081639.0000000005
176 -2080636.0000000005
179 -2079633.0000000005
181 -2078633.0000000005
182 -2077630.0000000005
185 -2076626.0000000005
189 -2075621.0000000005
190 -2074614.0000000005
192 -2073613.0000000005
199 309573.0626055172
275 309581.2907730805
278 310104.7464016890
337 310113.6916886549
338 310547.9871338599
486 310566.7556719933
487 311011.4045681903
561 311024.1446984053
562 311322.4902680921
585 311324.9743347893
586 311640.1946876655
661 311676.9174989814
663 312347.9639769450
720 312354.8626532552
722 312604.8459173147
825 312638.9355454264
826 313580.6644226533
1021 313594.4758060758
1022 313857.2777652385
1265 313874.1443469051
1266 313950.3244729330
1472 313976.6104167821
1474 314080.1235510033
1891 314091.4479258629
1892 314834.6930058757
1928 314874.4867646296
1930 314967.5454575059
1943 314976.4697460089
1944 315620.5161990284
1994 315643.5438128869
1996 316141.9777956218
2025 316156.3127414754
2027 316904.1966753589
2157 316936.5487729980
2158 317423.8092932135
2217 317450.2153975668
2219 317621.9227919366
2570 317652.5068510938
2571 317907.3366417209
3165 317907.8782244328
3167 318549.7168842691
3634 318573.1879454303
3636 318769.7576298721
10000 318017.4256687326
evaluations raw_y
1 -2122815.0000000005
4 -2121807.0000000005
5 -2120804.0000000005
6 -2119804.0000000005
8 -2118795.0000000005
9 -2117790.0000000005
12 -2116785.0000000005
14 -2115784.0000000005
17 -2114778.0000000005
18 -2113778.0000000005
19 -2112778.0000000005
20 -2111778.0000000005
21 -2110769.0000000005
22 -2109762.0000000005
24 -2108758.0000000005
26 -2107750.0000000005
27 -2106750.0000000005
28 -2105747.0000000005
29 -2104746.0000000005
30 -2103741.0000000005
31 -2102741.0000000005
32 -2101740.0000000005
33 -2100733.0000000005
37 -2099732.0000000005
38 -2098730.0000000005
42 -2097722.0000000005
44 -2096720.0000000005
46 -2095717.0000000005
49 -2094709.0000000005
51 -2093708.0000000005
52 -2092702.0000000005
53 -2091698.0000000005
62 -2090697.0000000005
65 -2089695.0000000005
69 -2088693.0000000005
74 -2087692.0000000005
75 -2086687.0000000005
78 -2085685.0000000005
84 -2084676.0000000005
85 -2083668.0000000005
87 -2082661.0000000005
88 -2081659.0000000005
89 -2080654.0000000005
93 -2079651.0000000005
95 -2078648.0000000005
97 -2077643.0000000005
99 -2076637.0000000005
100 -2075637.0000000005
103 -2074633.0000000005
104 -2073629.0000000005
105 299924.5222760122
134 299944.8498264571
135 300218.1303121402
196 300237.2421709699
198 300271.1711646640
253 300306.2541761828
257 300792.5174797449
302 300799.5038892202
306 301574.7725092645
373 301589.9218098921
374 301663.6002730291
376 301676.8968750398
377 301686.9976399433
494 301702.7761522054
497 302320.5871911005
499 302356.4605608532
500 303200.8228836047
568 303215.9801911308
569 303309.1419277783
640 303343.1961596890
641 303580.6923242547
793 303591.6313032249
794 303708.3916194385
925 303717.4007023781
926 304386.5924845705
1131 304409.4924200261
1132 305072.6086402964
1299 305082.0089070664
1301 305965.6964237787
1418 305996.7954215297
1419 306651.1999842059
1911 306660.9486564640
1913 307130.8937893728
2170 307167.8403204119
2172 307548.3428442527
2750 307588.9033736381
2754 307971.3329537463
6386 307979.1168701889
6387 308256.8125083389
10000 -2073621.0000000005
evaluations raw_y
1 -2147929.0000000005
2 -2146920.0000000005
4 -2145919.0000000005
6 -2144917.0000000005
9 -2143912.0000000005
12 -2142909.0000000005
13 -2141906.0000000005
16 -2140898.0000000005
17 -2139898.0000000005
18 -2138895.0000000005
19 -2137892.0000000005
34 -2136884.0000000005
36 -2135877.0000000005
37 -2134874.0000000005
39 -2133873.0000000005
47 -2132871.0000000005
48 -2131865.0000000005
54 -2130858.0000000005
57 -2129854.0000000005
58 -2128852.0000000005
59 -2127851.0000000005
60 -2126845.0000000005
62 -2125843.0000000005
64 -2124841.0000000005
65 -2123840.0000000005
66 -2122832.0000000005
68 -2121824.0000000005
69 -2120818.0000000005
70 -2119817.0000000005
73 -2118809.0000000005
76 -2117806.0000000005
78 -2116797.0000000005
80 -2115791.0000000005
81 -2114782.0000000005
82 -2113781.0000000005
84 -2112772.0000000005
86 -2111769.0000000005
87 -2110769.0000000005
88 -2109763.0000000005
89 -2108755.0000000005
90 -2107746.0000000005
91 -2106738.0000000005
93 -2105729.0000000005
95 -2104729.0000000005
96 -2103728.0000000005
97 -2102722.0000000005
101 -2101717.0000000005
102 -2100717.0000000005
103 -2099712.0000000005
109 -2098709.0000000005
112 -2097701.0000000005
114 -2096693.0000000005
115 -2095685.0000000005
118 -2094678.0000000005
122 -2093676.0000000005
124 -2092669.0000000005
125 -2091667.0000000005
131 -2090659.0000000005
134 -2089655.0000000005
135 -2088650.0000000005
137 -2087641.0000000005
141 -2086641.0000000005
145 -2085641.0000000005
146 -2084632.0000000005
148 -2083624.0000000005
149 -2082617.0000000005
150 -2081614.0000000005
155 -2080608.0000000005
158 -2079607.0000000005
161 -2078602.0000000005
162 -2077601.0000000005
163 -2076596.0000000005
164 -2075589.0000000005
166 -2074584.0000000005
170 -2073578.0000000005
173 300357.9727482420
432 300394.5401961323
433 300724.3074375968
586 300740.8519028436
587 301096.0576578755
680 301104.8368493761
682 301786.0599772630
683 301787.8633168184
685 302722.4989932671
725 302740.2062174214
728 302879.3251755890
996 302885.5628204775
997 303058.3134923532
1154 303069.1981100112
1155 303865.8806118802
1264 303879.4047087861
1265 304020.6836632460
1277 304031.8060165881
1280 304635.1099566657
1303 304636.5331141394
1304 305537.7526783483
1412 305548.2280913528
1413 306229.7222615944
1503 306258.2595340450
1504 306846.5682601284
1901 306853.3757718557
1902 307276.3525171073
2110 307311.9107311864
2112 307387.1717447591
2164 307406.1481991009
2165 308098.3709754905
2294 308113.8534089191
2295 308522.1865168781
2767 308531.7467419648
2770 309265.2799064504
4258 309269.3425349001
4259 310047.7342020324
7083 310082.9988567010
7084 310431.6466024589
10000 310375.3596751386
evaluations raw_y
1 -2137840.0000000005
2 -2136837.0000000005
4 -2135828.0000000005
7 -2134821.0000000005
10 -2133814.0000000005
12 -2132807.0000000005
14 -2131801.0000000005
16 -2130801.0000000005
18 -2129792.0000000005
19 -2128792.0000000005
20 -2127784.0000000005
21 -2126775.0000000005
30 -2125768.0000000005
31 -2124761.0000000005
32 -2123755.0000000005
33 -2122755.0000000005
34 -2121749.0000000005
37 -2120742.0000000005
39 -2119739.0000000005
40 -2118732.0000000005
41 -2117730.0000000005
42 -2116729.0000000005
44 -2115728.0000000005
45 -2114719.0000000005
46 -2113711.0000000005
48 -2112703.0000000005
51 -2111699.0000000005
54 -2110699.0000000005
55 -2109697.0000000005
56 -2108693.0000000005
58 -2107687.0000000005
61 -2106679.0000000005
64 -2105672.0000000005
67 -2104664.0000000005
68 -2103661.0000000005
69 -2102660.0000000005
73 -2101656.0000000005
74 -2100656.0000000005
75 -2099653.0000000005
82 -2098647.0000000005
83 -2097643.0000000005
84 -2096641.0000000005
85 -2095641.0000000005
91 -2094635.0000000005
96 -2093635.0000000005
98 -2092626.0000000005
102 -2091624.0000000005
103 -2090615.0000000005
105 -2089612.0000000005
106 -2088604.0000000005
108 -2087603.0000000005
109 -2086598.0000000005
110 -2085593.0000000005
111 -2084589.0000000005
112 -2083583.0000000005
120 -2082577.0000000005
122 -2081571.0000000005
123 -2080563.0000000005
124 -2079556.0000000005
125 -2078554.0000000005
126 -2077554.0000000005
127 -2076545.0000000005
128 -2075544.0000000005
131 -2074536.0000000005
134 -2073530.0000000005
137 312055.9871324396
253 312078.6245318163
256 312168.0063781756
303 312182.7265006588
304 312298.5721621464
318 312320.6755750936
320 312591.7311270194
373 312631.5677016526
374 312855.9356953119
433 312872.8793622105
434 313512.6660747315
469 313527.5192899922
471 313731.8361415461
503 313743.7613858692
504 314558.2378162390
539 314601.6925097943
540 314816.2579856667
548 314828.4653520343
549 314842.0566745285
770 314878.7796710781
774 315331.5889242215
981 315369.2667924704
982 316199.3702448931
1025 316218.2476260109
1031 317031.6311776969
1238 317040.0131835815
1239 317778.2202688268
1365 317790.7384380893
1369 317912.9994340161
1498 317926.3919522514
1499 318398.6152074786
1864 318423.6621680180
1865 318767.2574036740
2004 318782.6652380183
2006 318818.7262240119
2030 318835.5442339685
2031 319712.6629983233
2265 319730.1170593810
2266 319780.9049531643
2370 319816.6512517327
2373 319864.7828689092
2397 319902.6934539552
2398 320182.8329760311
2711 320199.4725104988
2712 320711.9425147044
2832 320714.7547187897
2835 320738.2078951272
3929 320766.1535744371
3930 321534.3860944477
10000 321371.7952797333
evaluations raw_y
1 -2168029.0000000005
3 -2167025.0000000005
5 -2166019.0000000005
6 -2165011.0000000005
8 -2164009.0000000005
9 -2163008.0000000005
11 -2162002.0000000005
12 -2160994.0000000005
13 -2159991.0000000005
14 -2158991.0000000005
15 -2157990.0000000005
16 -2156986.0000000005
19 -2155984.0000000005
20 -2154976.0000000005
21 -2153967.0000000005
24 -2152966.0000000005
26 -2151962.0000000005
28 -2150955.0000000005
29 -2149951.0000000005
31 -2148950.0000000005
32 -2147946.0000000005
34 -2146946.0000000005
35 -2145938.0000000005
36 -2144932.0000000005
39 -2143927.0000000005
40 -2142919.0000000005
41 -2141916.0000000005
43 -2140916.0000000005
44 -2139911.0000000005
46 -2138905.0000000005
49 -2137899.0000000005
52 -2136893.0000000005
53 -2135890.0000000005
55 -2134885.0000000005
57 -2133885.0000000005
61 -2132883.0000000005
63 -2131875.0000000005
75 -2130866.0000000005
76 -2129865.0000000005
77 -2128860.0000000005
78 -2127859.0000000005
79 -2126853.0000000005
81 -2125847.0000000005
85 -2124842.0000000005
89 -2123839.0000000005
91 -2122833.0000000005
92 -2121828.0000000005
94 -2120821.0000000005
97 -2119816.0000000005
98 -2118812.0000000005
100 -2117807.0000000005
102 -2116802.0000000005
103 -2115796.0000000005
104 -2114796.0000000005
106 -2113791.0000000005
107 -2112790.0000000005
110 -2111785.0000000005
111 -2110785.0000000005
112 -2109776.0000000005
114 -2108767.0000000005
115 -2107758.0000000005
117 -2106757.0000000005
120 -2105754.0000000005
121 -2104746.0000000005
122 -2103741.0000000005
124 -2102738.0000000005
126 -2101730.0000000005
129 -2100729.0000000005
134 -2099722.0000000005
135 -2098718.0000000005
139 -2097718.0000000005
140 -2096715.0000000005
142 -2095712.0000000005
145 -2094712.0000000005
147 -2093709.0000000005
148 -2092700.0000000005
149 -2091692.0000000005
150 -2090691.0000000005
153 -2089682.0000000005
154 -2088682.0000000005
155 -2087682.0000000005
160 -2086678.0000000005
161 -2085672.0000000005
162 -2084672.0000000005
163 -2083672.0000000005
167 -2082663.0000000005
168 -2081654.0000000005
169 -2080653.0000000005
170 -2079648.0000000005
172 -2078640.0000000005
173 -2077638.0000000005
176 -2076630.0000000005
177 -2075629.0000000005
185 -2074622.0000000005
187 -2073621.0000000005
189 304263.0727351838
216 304275.2896564207
217 304791.4380802073
301 304828.2182037280
303 305202.7973488982
512 305218.0084690633
514 305250.9951842091
575 305273.0874174166
576 305430.3558781507
731 305466.5642197430
733 305545.7139303659
771 305558.6328053845
775 306458.8747813276
1005 306494.2955121188
1006 306912.0973817179
1146 306941.5793245577
1147 307201.0092268844
1289 307225.7128631624
1290 307570.2560914025
1402 307586.3703503051
1403 307670.4805250720
1597 307707.2023271595
1598 308004.3328668980
1803 308011.5026336078
1805 308654.3248174871
2208 308672.3924489386
2209 309615.6112790779
2659 309631.4474305784
2660 309688.7089563527
3472 309727.2336765149
3473 310326.6916069462
4678 310333.2376642815
4679 311133.4362009229
5010 311147.6693054123
5011 311886.1987092030
5281 311896.7946060037
5285 312186.3404293442
10000 -2073615.0000000005
evaluations raw_y
1 -2134839.0000000005
3 -2133834.0000000005
4 -2132829.0000000005
8 -2131823.0000000005
10 -2130816.0000000005
12 -2129814.0000000005
13 -2128808.0000000005
16 -2127806.0000000005
17 -2126800.0000000005
20 -2125794.0000000005
21 -2124786.0000000005
24 -2123786.0000000005
27 -2122780.0000000005
29 -2121777.0000000005
30 -2120771.0000000005
32 -2119764.0000000005
35 -2118764.0000000005
37 -2117760.0000000005
41 -2116757.0000000005
42 -2115755.0000000005
44 -2114749.0000000005
45 -2113749.0000000005
47 -2112742.0000000005
50 -2111739.0000000005
53 -2110735.0000000005
55 -2109729.0000000005
57 -2108729.0000000005
58 -2107728.0000000005
60 -2106728.0000000005
61 -2105727.0000000005
62 -2104721.0000000005
64 -2103712.0000000005
65 -2102706.0000000005
68 -2101703.0000000005
69 -2100702.0000000005
72 -2099693.0000000005
74 -2098689.0000000005
76 -2097681.0000000005
78 -2096678.0000000005
79 -2095669.0000000005
80 -2094662.0000000005
82 -2093661.0000000005
85 -2092660.0000000005
88 -2091656.0000000005
89 -2090648.0000000005
90 -2089640.0000000005
91 -2088632.0000000005
92 -2087626.0000000005
93 -2086618.0000000005
96 -2085609.0000000005
97 -2084601.0000000005
99 -2083599.0000000005
101 -2082595.0000000005
104 -2081593.0000000005
109 -2080591.0000000005
110 -2079586.0000000005
111 -2078581.0000000005
112 -2077580.0000000005
117 -2076577.0000000005
118 -2075572.0000000005
120 -2074572.0000000005
124 -2073564.0000000005
126 298717.9116802675
309 298725.4278955506
311 299000.3797179262
615 299017.0243417207
622 299914.6843837143
702 299951.0630150912
706 300835.0332769187
785 300839.7030488451
788 301575.9422922811
915 301585.8440850383
916 302321.6206007585
1026 302358.8502318803
1027 303295.8187582484
1257 303338.4018018825
1258 303364.6348362812
1392 303378.1936636820
1393 303539.5278546158
1417 303568.5944066007
1418 304432.6362933842
1454 304451.9256671426
1455 304502.0816429116
1651 304526.7353662566
1652 305131.1759874073
1716 305144.8769878210
1719 305972.1774065410
1786 305993.7786383146
1788 306576.1468892837
2000 306612.3695154172
2002 306987.5326939333
2052 307008.3965939163
2058 307163.9619034884
2121 307179.6654306332
2123 307296.5252047562
2301 307315.8841520495
2303 308213.1395415563
3723 308223.8517912389
3725 308525.6974792147
4137 308550.8597890768
4142 309277.6423027936
10000 308678.1880379954
evaluations raw_y
1 -2135910.0000000005
4 -2134910.0000000005
5 -2133909.0000000005
8 -2132902.0000000005
9 -2131901.0000000005
14 -2130897.0000000005
17 -2129891.0000000005
18 -2128891.0000000005
19 -2127882.0000000005
20 -2126879.0000000005
22 -2125874.0000000005
23 -2124873.0000000005
24 -2123869.0000000005
25 -2122867.0000000005
28 -2121858.0000000005
31 -2120855.0000000005
34 -2119849.0000000005
36 -2118844.0000000005
38 -2117840.0000000005
39 -2116834.0000000005
40 -2115828.0000000005
44 -2114826.0000000005
46 -2113818.0000000005
47 -2112812.0000000005
51 -2111812.0000000005
53 -2110805.0000000005
56 -2109797.0000000005
62 -2108788.0000000005
63 -2107780.0000000005
68 -2106772.0000000005
71 -2105771.0000000005
72 -2104769.0000000005
73 -2103769.0000000005
74 -2102768.0000000005
78 -2101761.0000000005
81 -2100754.0000000005
83 -2099747.0000000005
85 -2098740.0000000005
86 -2097731.0000000005
88 -2096729.0000000005
89 -2095721.0000000005
91 -2094713.0000000005
92 -2093713.0000000005
95 -2092707.0000000005
98 -2091705.0000000005
99 -2090696.0000000005
102 -2089696.0000000005
103 -2088691.0000000005
107 -2087684.0000000005
109 -2086680.0000000005
111 -2085676.0000000005
113 -2084667.0000000005
114 -2083663.0000000005
120 -2082663.0000000005
121 -2081657.0000000005
123 -2080654.0000000005
124 -2079645.0000000005
125 -2078637.0000000005
126 -2077630.0000000005
127 -2076625.0000000005
131 -2075622.0000000005
132 -2074613.0000000005
133 -2073607.0000000005
134 298370.4152101264
138 298394.8907275024
139 299039.8587601790
179 299043.4657310755
181 299334.0159052240
195 299345.5442819404
196 300224.6885991211
255 300237.4345438460
256 301022.9761264576
276 301049.6692265703
277 301650.3390596790
279 301651.7041907695
280 302106.4035870227
286 302141.1431029748
287 302797.4095191045
652 302813.0820273620
655 303714.6742953543
714 303728.6305518137
718 303847.7775557017
719 303862.7133948465
721 304178.0094435813
833 304188.5110339466
834 304783.8546047618
1100 304821.4407542948
1102 305441.7226056756
1132 305442.3516752890
1136 306270.1373921964
1247 306305.5309736208
1249 307022.4839854150
2406 307035.3559124288
2407 307934.8370587647
2606 307954.6842367240
2607 308507.3902027705
2779 308543.2362732684
2780 308769.3092191099
3392 308784.0131848717
3393 309021.7675773890
10000 308953.7619469141
evaluations raw_y
1 -2126776.0000000005
2 -2125771.0000000005
5 -2124771.0000000005
6 -2123770.0000000005
7 -2122763.0000000005
8 -2121760.0000000005
10 -2120753.0000000005
12 -2119747.0000000005
14 -2118743.0000000005
15 -2117742.0000000005
18 -2116737.0000000005
19 -2115735.0000000005
21 -2114728.0000000005
24 -2113720.0000000005
26 -2112720.0000000005
28 -2111720.0000000005
29 -2110719.0000000005
31 -2109717.0000000005
35 -2108714.0000000005
36 -2107709.0000000005
38 -2106702.0000000005
39 -2105701.0000000005
42 -2104693.0000000005
43 -2103686.0000000005
46 -2102681.0000000005
48 -2101674.0000000005
50 -2100674.0000000005
51 -2099672.0000000005
53 -2098668.0000000005
56 -2097661.0000000005
57 -2096660.0000000005
60 -2095660.0000000005
62 -2094657.0000000005
63 -2093651.0000000005
64 -2092645.0000000005
68 -2091642.0000000005
69 -2090638.0000000005
70 -2089635.0000000005
71 -2088628.0000000005
72 -2087625.0000000005
73 -2086617.0000000005
74 -2085609.0000000005
75 -2084604.0000000005
76 -2083602.0000000005
78 -2082595.0000000005
79 -2081588.0000000005
81 -2080585.0000000005
83 -2079579.0000000005
89 -2078575.0000000005
90 -2077574.0000000005
91 -2076574.0000000005
92 -2075573.0000000005
93 -2074566.0000000005
96 -2073560.0000000005
98 302460.8697199589
166 302477.2679409391
168 303073.3516834212
270 303078.3195281829
272 303529.7717160775
454 303569.0343206535
455 304261.8976405462
458 304275.6538417129
459 304569.7791838134
507 304570.5746443924
508 305004.1448170197
708 305040.9309851113
712 305977.3816254539
809 305997.2290861859
810 306307.5068881665
928 306319.3817811343
929 306413.9961515427
1017 306451.7324022183
1019 307326.4911130648
1414 307363.3088114510
1415 307914.4008999145
1424 307938.6854710609
1425 307940.2222944890
1428 308854.4021765142
1429 309537.4381349891
1483 309547.8036106853
1484 309564.0266818303
1541 309583.0065123443
1542 309616.1524283102
1630 309618.7560101616
1632 310134.4178024731
1728 310145.5756715774
1733 310292.5532856443
1804 310304.5336381239
1805 310791.0096874597
3287 310808.7793659959
3289 310844.1315583851
3450 310871.2222039361
3451 310935.8932280528
3504 310945.3531535712
3506 311195.8423213743
4312 311229.1816446547
4313 311842.0049776125
10000 -2073565.0000000005
evaluations raw_y
1 -2150949.0000000005
3 -2149941.0000000005
5 -2148932.0000000005
7 -2147926.0000000005
9 -2146924.0000000005
11 -2145918.0000000005
13 -2144918.0000000005
14 -2143912.0000000005
22 -2142905.0000000005
24 -2141900.0000000005
26 -2140894.0000000005
28 -2139889.0000000005
30 -2138881.0000000005
32 -2137878.0000000005
38 -2136878.0000000005
40 -2135875.0000000005
42 -2134866.0000000005
45 -2133865.0000000005
46 -2132857.0000000005
48 -2131852.0000000005
50 -2130843.0000000005
53 -2129835.0000000005
54 -2128833.0000000005
55 -2127827.0000000005
57 -2126825.0000000005
58 -2125825.0000000005
59 -2124816.0000000005
61 -2123810.0000000005
64 -2122803.0000000005
65 -2121803.0000000005
66 -2120803.0000000005
68 -2119801.0000000005
71 -2118796.0000000005
73 -2117790.0000000005
74 -2116788.0000000005
75 -2115787.0000000005
78 -2114784.0000000005
79 -2113784.0000000005
80 -2112777.0000000005
86 -2111769.0000000005
95 -2110764.0000000005
101 -2109757.0000000005
103 -2108756.0000000005
104 -2107750.0000000005
105 -2106749.0000000005
106 -2105747.0000000005
107 -2104747.0000000005
109 -2103742.0000000005
110 -2102742.0000000005
118 -2101733.0000000005
122 -2100729.0000000005
123 -2099729.0000000005
124 -2098727.0000000005
126 -2097727.0000000005
127 -2096726.0000000005
129 -2095718.0000000005
130 -2094715.0000000005
131 -2093710.0000000005
135 -2092710.0000000005
136 -2091710.0000000005
139 -2090707.0000000005
141 -2089703.0000000005
142 -2088695.0000000005
148 -2087689.0000000005
149 -2086688.0000000005
150 -2085687.0000000005
152 -2084686.0000000005
154 -2083678.0000000005
155 -2082669.0000000005
156 -2081660.0000000005
157 -2080660.0000000005
158 -2079660.0000000005
160 -2078659.0000000005
163 -2077653.0000000005
164 -2076646.0000000005
165 -2075641.0000000005
166 -2074632.0000000005
167 -2073627.0000000005
168 302030.7966688089
286 302070.2962017676
287 302877.5136866239
394 302890.6076142945
397 303724.4928912282
409 303732.4599158668
411 304652.6487952491
577 304655.1849833037
580 304719.3399969711
688 304757.0243208237
690 305188.5252365490
765 305205.0567673668
767 305942.3453785083
795 305944.9096045226
798 305969.2751282923
839 306005.9816790954
842 306253.8442886560
895 306287.2530519967
898 306458.7899113837
1083 306495.3516260667
1084 306506.6216900534
1088 306687.8455640630
1089 307350.8175556875
1267 307359.8304923694
1269 308270.5147298272
1289 308290.6055735402
1292 308505.9737341911
1745 308541.0800136777
1747 308954.8884883003
2143 308966.3168781247
2144 309020.9087201446
3124 309031.6612339326
3129 309564.7739872332
3451 309580.7114877404
3454 310331.4583066861
3559 310367.1030944647
3560 310742.1440675432
3626 310753.0115652615
3627 310914.8659998779
3821 310940.0708336306
3822 311804.5830839864
4969 311808.9491254575
4972 312072.0389754188
6237 312091.6700273477
6239 312822.4937745465
10000 312174.9566181348
evaluations raw_y
1 -2165992.0000000005
4 -2164987.0000000005
5 -2163985.0000000005
14 -2162985.0000000005
17 -2161984.0000000005
18 -2160981.0000000005
20 -2159979.0000000005
25 -2158971.0000000005
26 -2157965.0000000005
27 -2156959.0000000005
29 -2155951.0000000005
32 -2154942.0000000005
36 -2153937.0000000005
37 -2152928.0000000005
41 -2151926.0000000005
42 -2150921.0000000005
44 -2149912.0000000005
48 -2148904.0000000005
49 -2147896.0000000005
50 -2146890.0000000005
52 -2145889.0000000005
53 -2144887.0000000005
54 -2143886.0000000005
56 -2142878.0000000005
61 -2141874.0000000005
62 -2140873.0000000005
67 -2139873.0000000005
68 -2138873.0000000005
69 -2137868.0000000005
74 -2136862.0000000005
77 -2135861.0000000005
79 -2134860.0000000005
80 -2133857.0000000005
81 -2132848.0000000005
82 -2131842.0000000005
83 -2130839.0000000005
84 -2129831.0000000005
85 -2128826.0000000005
87 -2127825.0000000005
89 -2126822.0000000005
91 -2125814.0000000005
92 -2124811.0000000005
93 -2123809.0000000005
98 -2122805.0000000005
100 -2121796.0000000005
102 -2120796.0000000005
103 -2119788.0000000005
104 -2118781.0000000005
105 -2117779.0000000005
106 -2116775.0000000005
108 -2115771.0000000005
109 -2114764.0000000005
110 -2113755.0000000005
111 -2112746.0000000005
116 -2111746.0000000005
118 -2110741.0000000005
124 -2109732.0000000005
126 -2108723.0000000005
127 -2107715.0000000005
128 -2106709.0000000005
129 -2105708.0000000005
134 -2104706.0000000005
135 -2103706.0000000005
137 -2102698.0000000005
138 -2101694.0000000005
140 -2100691.0000000005
144 -2099687.0000000005
146 -2098680.0000000005
148 -2097672.0000000005
149 -2096665.0000000005
151 -2095658.0000000005
155 -2094656.0000000005
161 -2093654.0000000005
162 -2092652.0000000005
164 -2091644.0000000005
167 -2090643.0000000005
170 -2089638.0000000005
171 -2088632.0000000005
175 -2087628.0000000005
177 -2086619.0000000005
178 -2085610.0000000005
179 -2084603.0000000005
180 -2083596.0000000005
182 -2082594.0000000005
183 -2081590.0000000005
184 -2080586.0000000005
187 -2079586.0000000005
189 -2078579.0000000005
191 -2077570.0000000005
201 -2076565.0000000005
202 -2075559.0000000005
204 -2074556.0000000005
205 -2073553.0000000005
208 301007.1786202198
352 301016.2824844552
353 301607.6400888743
396 301633.0918259551
397 302276.5998656250
632 302290.8137438902
633 302300.4800693716
711 302322.2157751039
713 302910.8910693661
732 302926.0487926267
733 303873.3143502469
769 303910.5791191487
770 304114.0150310762
825 304152.9982779406
828 304498.6500981459
878 304523.2714830108
879 305300.0089630604
981 305329.1388677632
983 305339.1424201748
984 305480.5801792740
985 306147.8391284451
1068 306158.5226127413
1069 306811.3349089300
1147 306836.4667198318
1148 307321.4941464576
1446 307337.2948561615
1448 307600.5771790765
1509 307612.8184625243
1515 308103.8403796597
1651 308105.6048908480
1652 308898.8107763180
1883 308915.4320340978
1885 309802.1779515923
2072 309838.7082164221
2074 309894.1744815179
2904 309901.2146414644
2905 309946.4380846476
2938 309946.6384996906
2939 310805.1984726130
2979 310815.3457917414
2980 311762.2764033916
10000 -2073544.0000000005
evaluations raw_y
1 -2128909.0000000005
2 -2127907.0000000005
3 -2126900.0000000005
4 -2125895.0000000005
6 -2124888.0000000005
8 -2123879.0000000005
9 -2122873.0000000005
10 -2121868.0000000005
12 -2120859.0000000005
13 -2119858.0000000005
14 -2118854.0000000005
16 -2117854.0000000005
17 -2116853.0000000005
18 -2115852.0000000005
20 -2114846.0000000005
21 -2113837.0000000005
22 -2112831.0000000005
23 -2111828.0000000005
25 -2110824.0000000005
30 -2109817.0000000005
32 -2108814.0000000005
33 -2107812.0000000005
40 -2106805.0000000005
41 -2105803.0000000005
44 -2104802.0000000005
46 -2103796.0000000005
47 -2102792.0000000005
48 -2101784.0000000005
49 -2100783.0000000005
51 -2099779.0000000005
54 -2098775.0000000005
55 -2097766.0000000005
56 -2096765.0000000005
58 -2095760.0000000005
63 -2094759.0000000005
65 -2093756.0000000005
66 -2092752.0000000005
71 -2091751.0000000005
73 -2090745.0000000005
78 -2089744.0000000005
79 -2088736.0000000005
84 -2087728.0000000005
85 -2086723.0000000005
86 -2085715.0000000005
89 -2084715.0000000005
92 -2083706.0000000005
95 -2082702.0000000005
96 -2081697.0000000005
100 -2080689.0000000005
101 -2079680.0000000005
103 -2078673.0000000005
105 -2077664.0000000005
106 -2076657.0000000005
107 -2075651.0000000005
109 -2074650.0000000005
116 -2073649.0000000005
119 291308.0091872792
121 291324.1815542796
122 291977.5606572612
133 291979.0759825008
134 292152.4119998652
201 292153.6186327753
202 292180.6013252978
218 292194.2171911184
219 293153.8443105606
238 293174.3498348969
239 293687.4764901765
258 293703.9677630668
259 294502.1337947157
329 294504.6588981498
330 294711.9452195283
484 294719.0952197579
485 295502.9070500236
534 295517.8085154141
537 296412.3612562984
564 296428.1304634108
569 297265.1286891448
733 297307.2325462470
736 298240.2782087008
874 298263.2348104169
876 299031.1082935749
1070 299070.5820008903
1071 299538.3910879469
1211 299577.8640810206
1212 300105.7022092307
1247 300110.9747122591
1248 300560.7953090967
1272 300574.1002704330
1277 301259.0396730587
1309 301272.9002578919
1310 302243.3674171930
1456 302264.8905802593
1458 302614.0128521542
1617 302652.8611499917
1619 303129.1916760360
1832 303169.3767637470
1833 303190.5845350869
2346 303210.4279351329
2349 303515.3448881587
2743 303547.4860337160
2744 303889.0705557994
4263 303901.1214955483
4266 304272.9338513240
4959 304292.1171944463
4960 305258.4548667138
5649 305262.5744029838
5653 305540.4826403620
6106 305579.8187881284
6107 306377.9382568271
10000 305834.2155486625
evaluations raw_y
1 -2153965.0000000005
5 -2152958.0000000005
6 -2151955.0000000005
7 -2150951.0000000005
9 -2149949.0000000005
12 -2148944.0000000005
13 -2147944.0000000005
15 -2146935.0000000005
16 -2145930.0000000005
19 -2144930.0000000005
22 -2143927.0000000005
25 -2142924.0000000005
26 -2141918.0000000005
32 -2140916.0000000005
33 -2139913.0000000005
37 -2138913.0000000005
39 -2137913.0000000005
40 -2136906.0000000005
42 -2135904.0000000005
43 -2134897.0000000005
47 -2133897.0000000005
49 -2132889.0000000005
50 -2131883.0000000005
52 -2130875.0000000005
54 -2129869.0000000005
56 -2128864.0000000005
57 -2127856.0000000005
58 -2126856.0000000005
60 -2125851.0000000005
62 -2124845.0000000005
63 -2123837.0000000005
66 -2122835.0000000005
67 -2121828.0000000005
68 -2120819.0000000005
70 -2119815.0000000005
71 -2118807.0000000005
73 -2117798.0000000005
75 -2116790.0000000005
81 -2115787.0000000005
82 -2114778.0000000005
84 -2113777.0000000005
88 -2112771.0000000005
89 -2111763.0000000005
90 -2110761.0000000005
92 -2109758.0000000005
93 -2108749.0000000005
94 -2107740.0000000005
96 -2106736.0000000005
98 -2105736.0000000005
100 -2104734.0000000005
101 -2103726.0000000005
105 -2102721.0000000005
107 -2101713.0000000005
108 -2100706.0000000005
111 -2099698.0000000005
112 -2098691.0000000005
114 -2097688.0000000005
116 -2096687.0000000005
117 -2095681.0000000005
118 -2094679.0000000005
119 -2093677.0000000005
121 -2092671.0000000005
122 -2091669.0000000005
125 -2090660.0000000005
126 -2089654.0000000005
128 -2088649.0000000005
131 -2087641.0000000005
133 -2086632.0000000005
134 -2085628.0000000005
138 -2084621.0000000005
139 -2083614.0000000005
141 -2082606.0000000005
142 -2081598.0000000005
143 -2080591.0000000005
144 -2079586.0000000005
145 -2078579.0000000005
146 -2077579.0000000005
150 -2076575.0000000005
151 -2075567.0000000005
153 -2074561.0000000005
156 -2073557.0000000005
158 299954.6793226275
170 299969.2036156644
171 299979.6205600653
194 300018.3335423695
195 300534.5452480277
207 300579.0573590419
208 301285.1148087092
391 301296.9151146075
392 301879.8017388818
406 301886.2378057518
407 302231.9943050944
454 302271.5245042671
455 302722.9696638476
714 302738.7735691739
716 302787.9777905426
881 302788.9475333893
882 302789.2469939392
883 303104.7792607026
884 303699.1879412715
1371 303712.2028862438
1374 304540.0499098029
1484 304549.7938483160
1487 305330.9514789172
1730 305357.5404166813
1731 305676.5382839134
1973 305692.1146086099
1975 306009.6899307838
2799 306050.7804257593
2800 306081.4526719900
2884 306119.8751412440
2886 306961.2100961761
3218 306984.2744359616
3219 307199.9669995251
4277 307218.1239461156
4278 307762.1826179611
4352 307765.8448926240
4353 308383.0938711043
6603 308398.5859777209
6604 308780.2088088240
10000 -2073560.0000000005
evaluations raw_y
1 -2098622.0000000005
2 -2097618.0000000005
3 -2096616.0000000005
5 -2095613.0000000005
7 -2094610.0000000005
8 -2093608.0000000005
9 -2092602.0000000005
12 -2091598.0000000005
15 -2090589.0000000005
17 -2089587.0000000005
23 -2088586.0000000005
25 -2087581.0000000005
31 -2086576.0000000005
32 -2085572.0000000005
33 -2084569.0000000005
39 -2083569.0000000005
43 -2082567.0000000005
44 -2081559.0000000005
48 -2080554.0000000005
49 -2079546.0000000005
55 -2078544.0000000005
58 -2077544.0000000005
60 -2076543.0000000005
62 -2075534.0000000005
65 -2074526.0000000005
70 -2073524.0000000005
72 308706.2668285476
114 308732.6018358146
115 308852.9620289782
284 308866.1048207323
286 309423.3403217946
290 309467.6213771607
291 309925.0108957016
298 309926.1164637376
301 309996.3026427270
324 310011.6834666171
325 310464.9593613530
655 310465.2414637711
657 311260.4666945291
700 311278.6387440931
701 311320.2775354941
784 311326.3231069778
785 311962.1002445322
895 311975.2536400573
898 312640.3927957955
1024 312647.5843986927
1027 313282.7816966966
1197 313311.9028249083
1201 314085.2715426200
1253 314087.6685436688
1256 314151.7817139546
1672 314156.0083449774
1673 314999.9003192710
1795 315019.8338424723
1796 315748.6620308518
1820 315772.4918019045
1821 315821.7787192259
2114 315844.9041889469
2115 316558.9926751802
3050 316575.1998387079
3051 317036.6577286613
10000 -2073509.0000000005
evaluations raw_y
1 -2138800.0000000005
2 -2137800.0000000005
7 -2136792.0000000005
8 -2135786.0000000005
10 -2134777.0000000005
12 -2133773.0000000005
15 -2132764.0000000005
20 -2131760.0000000005
22 -2130753.0000000005
25 -2129750.0000000005
26 -2128750.0000000005
27 -2127750.0000000005
31 -2126749.0000000005
32 -2125744.0000000005
33 -2124739.0000000005
34 -2123732.0000000005
35 -2122723.0000000005
36 -2121722.0000000005
39 -2120714.0000000005
41 -2119711.0000000005
42 -2118702.0000000005
44 -2117694.0000000005
48 -2116689.0000000005
50 -2115687.0000000005
51 -2114679.0000000005
54 -2113671.0000000005
55 -2112664.0000000005
57 -2111662.0000000005
59 -2110659.0000000005
64 -2109650.0000000005
65 -2108643.0000000005
66 -2107635.0000000005
67 -2106629.0000000005
68 -2105623.0000000005
71 -2104621.0000000005
74 -2103616.0000000005
78 -2102609.0000000005
79 -2101608.0000000005
81 -2100608.0000000005
82 -2099603.0000000005
84 -2098602.0000000005
86 -2097599.0000000005
87 -2096593.0000000005
88 -2095587.0000000005
89 -2094582.0000000005
90 -2093578.0000000005
91 -2092578.0000000005
92 -2091578.0000000005
95 -2090571.0000000005
96 -2089563.0000000005
100 -2088563.0000000005
101 -2087555.0000000005
102 -2086554.0000000005
105 -2085549.0000000005
110 -2084542.0000000005
111 -2083539.0000000005
112 -2082535.0000000005
115 -2081535.0000000005
118 -2080534.0000000005
123 -2079527.0000000005
124 -2078526.0000000005
125 -2077520.0000000005
132 -2076518.0000000005
136 -2075518.0000000005
138 -2074513.0000000005
142 -2073513.0000000005
143 306793.6806820552
330 306793.8675790821
332 307646.2332838922
459 307690.8252214588
460 307766.2250498305
512 307801.1691774273
514 308401.9842910647
767 308419.9121311306
770 309311.6193898996
786 309327.2268175207
788 310198.3040397943
1237 310236.1264686944
1239 310849.3182693014
1310 310864.5056314437
1312 311570.6897252285
1684 311607.5002225942
1685 311854.4352671313
1738 311870.0150811047
1739 312581.5231839901
1806 312594.6772212097
1808 312744.0746623591
2464 312745.8020714420
2468 313335.1704920937
3065 313338.7494992527
3067 313929.8696318865
3353 313944.1880413605
3355 314376.9669699534
3382 314396.9149981674
3383 315356.3794718100
10000 -2073512.0000000005
evaluations raw_y
1 -2164989.0000000005
2 -2163989.0000000005
4 -2162984.0000000005
5 -2161983.0000000005
6 -2160978.0000000005
9 -2159978.0000000005
12 -2158972.0000000005
14 -2157971.0000000005
16 -2156968.0000000005
17 -2155960.0000000005
20 -2154954.0000000005
21 -2153946.0000000005
22 -2152944.0000000005
26 -2151935.0000000005
28 -2150934.0000000005
30 -2149928.0000000005
32 -2148928.0000000005
33 -2147924.0000000005
34 -2146917.0000000005
37 -2145914.0000000005
38 -2144907.0000000005
41 -2143901.0000000005
42 -2142896.0000000005
43 -2141894.0000000005
44 -2140890.0000000005
47 -2139889.0000000005
52 -2138883.0000000005
53 -2137880.0000000005
54 -2136880.0000000005
55 -2135872.0000000005
56 -2134866.0000000005
59 -2133861.0000000005
60 -2132853.0000000005
62 -2131853.0000000005
64 -2130845.0000000005
68 -2129841.0000000005
71 -2128833.0000000005
76 -2127828.0000000005
77 -2126819.0000000005
80 -2125819.0000000005
82 -2124818.0000000005
84 -2123818.0000000005
85 -2122809.0000000005
86 -2121808.0000000005
90 -2120800.0000000005
95 -2119800.0000000005
96 -2118796.0000000005
99 -2117795.0000000005
100 -2116794.0000000005
103 -2115791.0000000005
104 -2114788.0000000005
105 -2113782.0000000005
108 -2112780.0000000005
110 -2111775.0000000005
112 -2110773.0000000005
116 -2109772.0000000005
117 -2108764.0000000005
119 -2107756.0000000005
120 -2106755.0000000005
121 -2105748.0000000005
122 -2104746.0000000005
124 -2103743.0000000005
126 -2102734.0000000005
127 -2101734.0000000005
129 -2100729.0000000005
130 -2099720.0000000005
131 -2098720.0000000005
133 -2097720.0000000005
135 -2096713.0000000005
136 -2095711.0000000005
137 -2094706.0000000005
138 -2093699.0000000005
140 -2092699.0000000005
144 -2091692.0000000005
145 -2090683.0000000005
146 -2089679.0000000005
151 -2088676.0000000005
155 -2087667.0000000005
156 -2086664.0000000005
161 -2085660.0000000005
164 -2084660.0000000005
165 -2083653.0000000005
166 -2082647.0000000005
172 -2081642.0000000005
175 -2080635.0000000005
176 -2079627.0000000005
179 -2078618.0000000005
181 -2077609.0000000005
184 -2076603.0000000005
185 -2075599.0000000005
186 -2074591.0000000005
190 -2073588.0000000005
191 302954.7484727482
296 302961.7082872381
297 303149.0141278045
319 303158.0060523066
320 303812.6960769711
423 303850.0246252090
425 304650.2874274579
444 304668.4907837540
446 304674.4706701959
545 304675.4589710936
548 305160.9973256526
687 305178.5824640204
688 305756.4529323660
768 305769.7077841405
771 306665.9314984514
932 306706.4177568411
936 307017.9131441758
1025 307044.8127802108
1028 307345.8505053655
1050 307368.4471720476
1051 308188.6309807309
1112 308190.1610630318
1114 308221.0934845243
1280 308240.2598216586
1281 308693.9166883736
1565 308697.5813009852
1566 309333.0804363735
2338 309377.2937291297
2339 309487.3729721145
3452 309508.5138186870
3454 309965.4305941786
3665 309977.5440789726
3666 310278.7127562588
3849 310293.7373919709
3850 310751.9253337366
5299 310789.4187448062
5300 311390.9260362792
10000 -2073586.0000000005
evaluations raw_y
1 -2124771.0000000005
2 -2123763.0000000005
6 -2122756.0000000005
8 -2121756.0000000005
9 -2120755.0000000005
10 -2119752.0000000005
11 -2118746.0000000005
12 -2117737.0000000005
13 -2116734.0000000005
14 -2115734.0000000005
15 -2114728.0000000005
17 -2113727.0000000005
19 -2112726.0000000005
21 -2111722.0000000005
22 -2110722.0000000005
23 -2109722.0000000005
25 -2108715.0000000005
26 -2107706.0000000005
27 -2106704.0000000005
29 -2105697.0000000005
31 -2104689.0000000005
36 -2103688.0000000005
41 -2102681.0000000005
46 -2101679.0000000005
47 -2100672.0000000005
50 -2099665.0000000005
53 -2098663.0000000005
56 -2097655.0000000005
59 -2096646.0000000005
60 -2095642.0000000005
62 -2094638.0000000005
63 -2093634.0000000005
65 -2092631.0000000005
68 -2091623.0000000005
71 -2090621.0000000005
72 -2089620.0000000005
74 -2088615.0000000005
75 -2087615.0000000005
76 -2086613.0000000005
77 -2085606.0000000005
78 -2084597.0000000005
79 -2083597.0000000005
81 -2082589.0000000005
83 -2081580.0000000005
84 -2080576.0000000005
85 -2079576.0000000005
86 -2078571.0000000005
91 -2077567.0000000005
93 -2076567.0000000005
95 -2075561.0000000005
97 -2074558.0000000005
99 -2073558.0000000005
102 301202.1748599806
145 301224.4409137004
147 302096.0459169667
172 302130.0126221460
173 302507.4146836746
328 302543.9875243917
330 302974.5199302948
417 302984.7342193704
421 303687.4412347823
539 303696.4268590444
540 303844.4990079700
576 303871.2668962181
580 303877.4157670966
609 303886.7770493349
611 304555.5213038683
627 304566.9182952544
628 304747.7911434529
640 304756.4000022616
642 304969.0384006686
719 304974.5231047805
720 305781.2639740787
1044 305798.7830591211
1045 306513.5792413246
1065 306518.9672631391
1068 306871.0775726277
1234 306885.1525380480
1237 307386.0127150925
1699 307399.9462515583
1702 307696.7472317457
2231 307730.9605946440
2232 307863.9380890718
2348 307897.5947831068
2350 308801.7407917861
2422 308819.2650167637
2427 309634.8439279889
2733 309657.6617220319
2734 310277.3657787497
4532 310291.3949493912
4533 311230.0519455460
5655 311230.2604186360
5659 311879.8414825410
10000 -2073560.0000000005
evaluations raw_y
1 -2125911.0000000005
9 -2124909.0000000005
10 -2123904.0000000005
16 -2122899.0000000005
18 -2121894.0000000005
19 -2120890.0000000005
20 -2119889.0000000005
21 -2118880.0000000005
22 -2117875.0000000005
23 -2116875.0000000005
26 -2115875.0000000005
27 -2114866.0000000005
28 -2113859.0000000005
30 -2112852.0000000005
31 -2111844.0000000005
33 -2110838.0000000005
35 -2109829.0000000005
36 -2108820.0000000005
38 -2107813.0000000005
39 -2106807.0000000005
40 -2105803.0000000005
42 -2104795.0000000005
43 -2103795.0000000005
44 -2102786.0000000005
45 -2101782.0000000005
47 -2100774.0000000005
49 -2099772.0000000005
51 -2098772.0000000005
55 -2097769.0000000005
56 -2096765.0000000005
57 -2095757.0000000005
58 -2094754.0000000005
59 -2093752.0000000005
60 -2092747.0000000005
65 -2091738.0000000005
66 -2090730.0000000005
75 -2089723.0000000005
76 -2088715.0000000005
80 -2087714.0000000005
81 -2086708.0000000005
83 -2085701.0000000005
85 -2084699.0000000005
86 -2083696.0000000005
88 -2082688.0000000005
90 -2081681.0000000005
91 -2080672.0000000005
92 -2079665.0000000005
97 -2078662.0000000005
98 -2077657.0000000005
100 -2076653.0000000005
102 -2075650.0000000005
103 -2074649.0000000005
105 -2073641.0000000005
107 306886.8737761934
149 306899.1876737320
151 306916.0479348491
192 306946.7663633517
193 307515.3078220690
238 307516.5251371182
240 307912.8351460569
253 307930.6792305677
256 307957.1248555687
259 307974.1918193325
261 308290.9556108034
266 309015.3103740436
267 309823.9449447533
291 309838.1589526847
293 310273.7683278487
379 310277.0081209289
380 310749.5657549740
409 310755.8516661452
410 311581.7168829653
656 311610.5856562831
658 312192.9008798811
1394 312231.8236987080
1396 313177.0807226073
1696 313177.3260915470
1702 313433.9302960249
1832 313478.0486326870
1835 314156.7344150372
1895 314179.9279447802
1897 314751.5072833750
2285 314786.0948482572
2288 315602.4837227900
3086 315606.1064776242
3087 316391.6248304225
3329 316407.5662721935
3330 316904.7951105261
4313 316917.7567160744
4316 317763.7760770753
5896 317785.0069310574
5899 318608.3369926125
10000 -2073631.0000000005
evaluations raw_y
1 -2147908.0000000005
2 -2146906.0000000005
4 -2145901.0000000005
6 -2144892.0000000005
7 -2143884.0000000005
8 -2142875.0000000005
9 -2141871.0000000005
12 -2140862.0000000005
13 -2139853.0000000005
15 -2138851.0000000005
16 -2137845.0000000005
18 -2136838.0000000005
19 -2135837.0000000005
21 -2134831.0000000005
22 -2133825.0000000005
24 -2132817.0000000005
29 -2131813.0000000005
31 -2130806.0000000005
33 -2129799.0000000005
35 -2128793.0000000005
41 -2127786.0000000005
42 -2126779.0000000005
43 -2125778.0000000005
45 -2124777.0000000005
46 -2123769.0000000005
48 -2122767.0000000005
49 -2121762.0000000005
50 -2120760.0000000005
55 -2119753.0000000005
57 -2118747.0000000005
58 -2117747.0000000005
59 -2116746.0000000005
60 -2115738.0000000005
61 -2114736.0000000005
62 -2113733.0000000005
63 -2112726.0000000005
65 -2111722.0000000005
66 -2110717.0000000005
67 -2109709.0000000005
68 -2108706.0000000005
71 -2107700.0000000005
76 -2106692.0000000005
80 -2105690.0000000005
81 -2104686.0000000005
82 -2103679.0000000005
84 -2102678.0000000005
87 -2101671.0000000005
89 -2100665.0000000005
90 -2099661.0000000005
91 -2098661.0000000005
92 -2097657.0000000005
93 -2096648.0000000005
94 -2095640.0000000005
96 -2094640.0000000005
98 -2093632.0000000005
100 -2092624.0000000005
102 -2091619.0000000005
103 -2090612.0000000005
106 -2089604.0000000005
110 -2088595.0000000005
113 -2087589.0000000005
115 -2086587.0000000005
119 -2085587.0000000005
123 -2084585.0000000005
128 -2083585.0000000005
130 -2082576.0000000005
133 -2081567.0000000005
134 -2080567.0000000005
138 -2079562.0000000005
139 -2078558.0000000005
142 -2077549.0000000005
144 -2076547.0000000005
145 -2075541.0000000005
146 -2074540.0000000005
147 -2073537.0000000005
149 309934.4756709542
205 309942.7401122703
206 310268.0689819650
359 310280.3533864473
360 311165.8152386551
361 311202.9562078250
362 311918.3894696805
459 311928.8747590319
462 312469.7894942650
499 312504.0414560288
502 312777.0849263467
642 312785.7182815817
644 313556.8187692240
678 313556.8545440917
679 313587.2346219489
681 313760.6293839937
682 314286.5244076035
729 314302.4689133306
730 315163.8005305970
1284 315183.1733203097
1286 315547.0277567789
1366 315564.7211605280
1370 316285.6143811390
1478 316307.9063204481
1480 317183.7579713775
2031 317216.3859767018
2032 317466.6623096028
2509 317480.0675399572
2511 318192.9022113009
2680 318199.2508446231
2681 318556.4848255470
10000 -2073516.0000000005
evaluations raw_y
1 -2165878.0000000005
2 -2164869.0000000005
5 -2163867.0000000005
7 -2162867.0000000005
9 -2161866.0000000005
11 -2160862.0000000005
13 -2159860.0000000005
15 -2158855.0000000005
16 -2157854.0000000005
18 -2156853.0000000005
19 -2155848.0000000005
21 -2154846.0000000005
23 -2153840.0000000005
26 -2152834.0000000005
27 -2151826.0000000005
29 -2150822.0000000005
32 -2149821.0000000005
33 -2148816.0000000005
35 -2147809.0000000005
36 -2146804.0000000005
37 -2145797.0000000005
38 -2144788.0000000005
39 -2143787.0000000005
40 -2142780.0000000005
41 -2141778.0000000005
43 -2140777.0000000005
44 -2139774.0000000005
46 -2138774.0000000005
47 -2137765.0000000005
48 -2136758.0000000005
51 -2135749.0000000005
53 -2134742.0000000005
60 -2133734.0000000005
70 -2132727.0000000005
73 -2131727.0000000005
77 -2130718.0000000005
78 -2129709.0000000005
80 -2128709.0000000005
81 -2127706.0000000005
83 -2126697.0000000005
84 -2125697.0000000005
87 -2124695.0000000005
88 -2123695.0000000005
89 -2122688.0000000005
90 -2121686.0000000005
91 -2120678.0000000005
94 -2119678.0000000005
96 -2118674.0000000005
100 -2117668.0000000005
101 -2116662.0000000005
103 -2115655.0000000005
106 -2114646.0000000005
108 -2113637.0000000005
111 -2112630.0000000005
114 -2111623.0000000005
115 -2110614.0000000005
120 -2109607.0000000005
123 -2108601.0000000005
126 -2107595.0000000005
127 -2106586.0000000005
130 -2105584.0000000005
131 -2104575.0000000005
134 -2103575.0000000005
135 -2102567.0000000005
139 -2101565.0000000005
144 -2100564.0000000005
147 -2099563.0000000005
151 -2098562.0000000005
153 -2097562.0000000005
156 -2096560.0000000005
157 -2095551.0000000005
158 -2094544.0000000005
163 -2093536.0000000005
164 -2092533.0000000005
168 -2091532.0000000005
170 -2090530.0000000005
172 -2089530.0000000005
173 -2088525.0000000005
175 -2087516.0000000005
177 -2086509.0000000005
179 -2085503.0000000005
182 -2084500.0000000005
183 -2083494.0000000005
186 -2082491.0000000005
187 -2081483.0000000005
188 -2080480.0000000005
192 -2079479.0000000005
194 -2078473.0000000005
196 -2077467.0000000005
198 -2076463.0000000005
202 -2075459.0000000005
213 -2074459.0000000005
215 -2073458.0000000005
220 312242.5142299136
310 312247.3988370819
311 312875.9553320163
392 312897.3415917852
395 313042.0232812983
408 313058.2158766064
410 313241.2204968221
425 313241.8675883727
427 313281.5650635319
439 313283.8052247138
440 313292.8740756160
557 313295.4198589968
558 314147.7937229377
748 314158.0403045767
750 314825.3283804569
807 314861.3635495271
808 315703.4476324875
917 315705.2225565920
920 315955.8624931649
938 315963.0459462150
939 316295.3965602189
1112 316307.6820287378
1116 316669.9255485071
1124 316684.3961715833
1125 316825.3243036147
1479 316843.1503600560
1480 317210.6979070734
1564 317235.0159554518
1568 317873.6739475806
1881 317909.6122116931
1885 318794.9171661283
2606 318823.6869478373
2608 319556.4662930237
3520 319557.5560170282
3523 319801.7739200837
3537 319820.3980021843
3538 319870.2412459865
7191 319904.1406597524
7193 320870.3590312023
10000 320201.5107784570
evaluations raw_y
1 -2174018.0000000005
3 -2173011.0000000005
4 -2172008.0000000005
6 -2170999.0000000005
7 -2169997.0000000005
8 -2168989.0000000005
11 -2167988.0000000005
13 -2166981.0000000005
15 -2165978.0000000005
19 -2164978.0000000005
21 -2163971.0000000005
22 -2162963.0000000005
25 -2161954.0000000005
28 -2160950.0000000005
29 -2159947.0000000005
30 -2158940.0000000005
31 -2157938.0000000005
32 -2156935.0000000005
33 -2155933.0000000005
34 -2154927.0000000005
36 -2153923.0000000005
37 -2152917.0000000005
38 -2151915.0000000005
41 -2150912.0000000005
43 -2149907.0000000005
45 -2148906.0000000005
46 -2147905.0000000005
48 -2146898.0000000005
49 -2145889.0000000005
55 -2144888.0000000005
56 -2143885.0000000005
59 -2142880.0000000005
61 -2141879.0000000005
63 -2140872.0000000005
67 -2139872.0000000005
68 -2138863.0000000005
71 -2137855.0000000005
73 -2136849.0000000005
74 -2135843.0000000005
78 -2134835.0000000005
80 -2133835.0000000005
84 -2132827.0000000005
87 -2131823.0000000005
89 -2130817.0000000005
91 -2129813.0000000005
92 -2128807.0000000005
93 -2127806.0000000005
97 -2126806.0000000005
99 -2125805.0000000005
101 -2124798.0000000005
110 -2123798.0000000005
111 -2122790.0000000005
113 -2121782.0000000005
119 -2120780.0000000005
121 -2119771.0000000005
123 -2118771.0000000005
124 -2117769.0000000005
125 -2116763.0000000005
126 -2115754.0000000005
127 -2114751.0000000005
136 -2113749.0000000005
138 -2112742.0000000005
139 -2111742.0000000005
140 -2110742.0000000005
147 -2109735.0000000005
148 -2108732.0000000005
150 -2107731.0000000005
151 -2106722.0000000005
152 -2105713.0000000005
153 -2104706.0000000005
154 -2103701.0000000005
160 -2102695.0000000005
164 -2101694.0000000005
165 -2100690.0000000005
168 -2099683.0000000005
170 -2098674.0000000005
171 -2097669.0000000005
174 -2096664.0000000005
176 -2095659.0000000005
177 -2094650.0000000005
178 -2093647.0000000005
179 -2092647.0000000005
180 -2091644.0000000005
183 -2090637.0000000005
189 -2089631.0000000005
192 -2088628.0000000005
193 -2087622.0000000005
198 -2086620.0000000005
199 -2085617.0000000005
203 -2084617.0000000005
204 -2083608.0000000005
205 -2082599.0000000005
206 -2081599.0000000005
207 -2080599.0000000005
208 -2079596.0000000005
211 -2078596.0000000005
216 -2077594.0000000005
217 -2076590.0000000005
223 -2075588.0000000005
225 -2074587.0000000005
229 -2073586.0000000005
233 301753.2428198394
234 301772.1318147407
236 302229.0705086048
259 302247.2816607968
260 302606.0611478358
285 302644.1146131419
287 303501.2365703691
288 303540.6324820519
290 303835.3954631196
324 303874.3602866224
325 303979.4301038360
572 303980.1708103485
573 304801.4036226424
648 304826.9710822959
649 305294.0119616323
663 305317.4044947387
664 305426.5908837332
671 305450.5912021647
673 305756.7628317928
787 305766.5153039621
788 306622.0974847195
846 306648.9871047630
847 307534.0662406712
1046 307540.9248903416
1047 308192.3517720098
1111 308206.3323867464
1112 308743.3064081837
1153 308748.2044917838
1155 309671.3421802301
1223 309710.2488010735
1224 309946.4097027557
1695 309962.9511288577
1697 310909.4083678175
1780 310925.7419110823
1782 311429.2247189409
1970 311442.5504449525
1971 311699.7736058882
2023 311722.0310690295
2024 312252.3906039721
2522 312280.3544465128
2526 312579.9855375307
3539 312600.1701417443
3541 312887.1877319421
3590 312928.7093296741
3592 312952.2527419332
3749 312983.8818023714
3750 313254.3877962989
10000 -2073563.0000000005
evaluations raw_y
1 -2132865.0000000005
4 -2131858.0000000005
5 -2130850.0000000005
6 -2129843.0000000005
7 -2128836.0000000005
9 -2127833.0000000005
11 -2126827.0000000005
12 -2125819.0000000005
13 -2124817.0000000005
14 -2123814.0000000005
15 -2122806.0000000005
16 -2121797.0000000005
17 -2120795.0000000005
19 -2119787.0000000005
20 -2118778.0000000005
22 -2117772.0000000005
24 -2116764.0000000005
25 -2115758.0000000005
28 -2114756.0000000005
29 -2113753.0000000005
30 -2112744.0000000005
34 -2111741.0000000005
38 -2110737.0000000005
39 -2109730.0000000005
42 -2108725.0000000005
47 -2107718.0000000005
49 -2106714.0000000005
50 -2105707.0000000005
55 -2104703.0000000005
56 -2103702.0000000005
59 -2102695.0000000005
61 -2101690.0000000005
64 -2100682.0000000005
65 -2099678.0000000005
68 -2098672.0000000005
69 -2097663.0000000005
70 -2096656.0000000005
73 -2095648.0000000005
74 -2094645.0000000005
75 -2093644.0000000005
79 -2092644.0000000005
82 -2091644.0000000005
83 -2090644.0000000005
85 -2089640.0000000005
86 -2088632.0000000005
93 -2087629.0000000005
94 -2086621.0000000005
95 -2085615.0000000005
104 -2084615.0000000005
105 -2083612.0000000005
106 -2082609.0000000005
108 -2081603.0000000005
111 -2080597.0000000005
112 -2079588.0000000005
113 -2078588.0000000005
114 -2077584.0000000005
120 -2076582.0000000005
122 -2075581.0000000005
123 -2074579.0000000005
124 -2073577.0000000005
126 303633.7443196254
158 303656.7743187373
159 304540.7630990774
198 304553.9458124271
199 304786.1714380895
209 304790.0121842051
210 305061.5350068337
247 305081.6655690426
250 305284.9814017415
570 305285.4711662367
573 305993.5200315784
574 306024.4373962965
576 306048.6796269273
866 306052.8175990849
869 306307.4259264396
879 306334.6660999432
881 307089.5260972413
1073 307124.4138213111
1075 307353.5872065151
1090 307398.0052219348
1091 308221.0603779731
1099 308235.4368018546
1101 308494.0053141994
1141 308512.2874197649
1142 308672.0821731709
1150 308695.2947992509
1155 308790.8645703963
1163 308828.2227193348
1164 309002.5680154248
1243 309020.2291655687
1247 309601.6269756923
1429 309607.7855692230
1431 310260.6398402895
1535 310277.1494777614
1536 311029.0124456955
1882 311041.4979624370
1885 311077.4155629169
2000 311088.9036600756
2001 311313.2140856772
2261 311333.9049258903
2264 311543.0384762530
2574 311554.7539070008
2577 311725.8228146125
5003 311738.4484595374
5004 312470.0903387889
10000 311786.7504077930
evaluations raw_y
1 -2139831.0000000005
4 -2138826.0000000005
6 -2137819.0000000005
8 -2136816.0000000005
9 -2135810.0000000005
10 -2134806.0000000005
11 -2133798.0000000005
15 -2132793.0000000005
16 -2131785.0000000005
17 -2130776.0000000005
25 -2129776.0000000005
26 -2128771.0000000005
27 -2127765.0000000005
28 -2126764.0000000005
29 -2125761.0000000005
31 -2124754.0000000005
32 -2123747.0000000005
35 -2122742.0000000005
40 -2121741.0000000005
41 -2120740.0000000005
42 -2119732.0000000005
45 -2118723.0000000005
50 -2117719.0000000005
52 -2116717.0000000005
54 -2115710.0000000005
56 -2114701.0000000005
60 -2113696.0000000005
61 -2112694.0000000005
63 -2111694.0000000005
65 -2110686.0000000005
67 -2109686.0000000005
71 -2108686.0000000005
72 -2107684.0000000005
73 -2106678.0000000005
74 -2105671.0000000005
76 -2104670.0000000005
85 -2103664.0000000005
86 -2102657.0000000005
87 -2101651.0000000005
88 -2100647.0000000005
91 -2099644.0000000005
93 -2098635.0000000005
95 -2097630.0000000005
96 -2096629.0000000005
97 -2095623.0000000005
99 -2094619.0000000005
100 -2093611.0000000005
102 -2092603.0000000005
107 -2091601.0000000005
109 -2090599.0000000005
111 -2089591.0000000005
115 -2088591.0000000005
117 -2087585.0000000005
118 -2086577.0000000005
119 -2085573.0000000005
120 -2084568.0000000005
122 -2083563.0000000005
124 -2082561.0000000005
127 -2081555.0000000005
129 -2080549.0000000005
130 -2079542.0000000005
132 -2078539.0000000005
133 -2077534.0000000005
135 -2076527.0000000005
137 -2075519.0000000005
138 -2074516.0000000005
139 -2073511.0000000005
140 307045.8864623926
188 307068.6442674273
191 307630.3825395589
207 307636.4875167123
209 308482.6663912595
213 308494.3844878515
214 308649.1830573350
438 308662.7531866024
440 309545.8115230757
493 309567.6683002081
494 310116.4941675939
509 310149.9671065045
510 310480.1740478815
543 310484.7696206935
545 310739.6527918756
777 310757.2889333245
778 311707.7052628655
922 311723.4945048556
923 311820.0416182032
1487 311854.4920360465
1489 312817.5501150007
1908 312857.2225673825
1910 312981.9411839112
1926 313015.8272199524
1927 313251.6976966674
10000 -2073487.0000000005
evaluations raw_y
1 -2130853.0000000005
3 -2129847.0000000005
5 -2128843.0000000005
7 -2127838.0000000005
9 -2126837.0000000005
10 -2125829.0000000005
12 -2124823.0000000005
15 -2123821.0000000005
19 -2122820.0000000005
20 -2121811.0000000005
21 -2120803.0000000005
22 -2119796.0000000005
25 -2118794.0000000005
26 -2117786.0000000005
27 -2116777.0000000005
29 -2115775.0000000005
30 -2114769.0000000005
31 -2113768.0000000005
32 -2112767.0000000005
33 -2111767.0000000005
37 -2110765.0000000005
38 -2109763.0000000005
39 -2108762.0000000005
40 -2107755.0000000005
41 -2106755.0000000005
42 -2105754.0000000005
45 -2104746.0000000005
47 -2103742.0000000005
49 -2102733.0000000005
51 -2101727.0000000005
53 -2100725.0000000005
54 -2099716.0000000005
55 -2098708.0000000005
58 -2097702.0000000005
61 -2096698.0000000005
63 -2095696.0000000005
65 -2094692.0000000005
68 -2093689.0000000005
69 -2092685.0000000005
71 -2091678.0000000005
73 -2090669.0000000005
76 -2089667.0000000005
80 -2088662.0000000005
82 -2087658.0000000005
83 -2086656.0000000005
86 -2085652.0000000005
88 -2084643.0000000005
89 -2083642.0000000005
93 -2082636.0000000005
94 -2081627.0000000005
95 -2080620.0000000005
98 -2079611.0000000005
100 -2078603.0000000005
102 -2077597.0000000005
104 -2076594.0000000005
106 -2075589.0000000005
109 -2074582.0000000005
112 -2073579.0000000005
113 298659.7230014972
134 298662.6330837188
135 298910.0494776539
305 298916.5838079769
307 299177.8726287037
393 299195.1864096431
394 299475.8971135353
476 299512.0680276676
477 299690.5889317450
483 299704.2523368746
484 299798.1719950166
521 299836.0635082579
523 300179.5969438628
592 300191.3592111457
593 301014.9648013404
595 301032.0280065223
596 301501.3177969254
719 301516.0862792242
720 301943.3593837683
736 301981.3328383753
738 302282.7081347943
912 302316.6634156656
914 302644.0376371314
1243 302661.0725189995
1244 303206.0733284328
1365 303221.6950899108
1369 303258.0443771481
1490 303278.8323450003
1491 303876.6125924373
1501 303882.0908415093
1502 304238.3904196214
1894 304250.5057123494
1899 304781.7743335608
1931 304796.8156494149
1932 305649.0770173157
2220 305650.0356538083
2226 306168.1146618270
2254 306188.2957539458
2256 306889.3351536557
3555 306914.7162076371
3556 307863.4070011527
4949 307885.8925158863
4952 308363.8856794449
10000 -2073579.0000000005
evaluations raw_y
1 -2128907.0000000005
2 -2127900.0000000005
4 -2126897.0000000005
7 -2125897.0000000005
8 -2124897.0000000005
11 -2123894.0000000005
12 -2122892.0000000005
15 -2121884.0000000005
20 -2120879.0000000005
21 -2119870.0000000005
22 -2118861.0000000005
24 -2117855.0000000005
26 -2116855.0000000005
27 -2115853.0000000005
30 -2114851.0000000005
31 -2113847.0000000005
32 -2112842.0000000005
34 -2111835.0000000005
37 -2110835.0000000005
38 -2109834.0000000005
42 -2108834.0000000005
48 -2107834.0000000005
52 -2106833.0000000005
54 -2105825.0000000005
55 -2104825.0000000005
57 -2103818.0000000005
59 -2102810.0000000005
64 -2101804.0000000005
70 -2100795.0000000005
71 -2099794.0000000005
74 -2098788.0000000005
75 -2097779.0000000005
76 -2096775.0000000005
78 -2095766.0000000005
79 -2094762.0000000005
80 -2093759.0000000005
83 -2092752.0000000005
88 -2091747.0000000005
89 -2090747.0000000005
90 -2089742.0000000005
91 -2088740.0000000005
93 -2087738.0000000005
95 -2086736.0000000005
96 -2085735.0000000005
99 -2084732.0000000005
100 -2083726.0000000005
101 -2082721.0000000005
102 -2081719.0000000005
104 -2080715.0000000005
106 -2079706.0000000005
107 -2078703.0000000005
108 -2077694.0000000005
110 -2076687.0000000005
112 -2075680.0000000005
113 -2074680.0000000005
115 -2073674.0000000005
119 307935.5613650563
459 307953.0394412981
461 308359.9408478325
667 308395.7649489117
668 309011.7029205817
693 309048.8315592931
697 309375.0307143271
894 309377.8642018422
899 310180.5477578177
951 310220.2753412469
952 310944.8445309064
1024 310961.0945529061
1025 311058.3949951329
1057 311059.7993966407
1058 311170.8776004075
1182 311181.3180443807
1184 311182.2942882978
1255 311207.2283365875
1258 311892.1266476151
1288 311905.2206111431
1289 312042.9780512139
1344 312048.1324868890
1347 312251.0577802132
1380 312294.2223779951
1388 313040.1329722193
1510 313052.0409511667
1513 313553.4087726532
2354 313561.3053434331
2356 314399.6013159085
2494 314436.6447873546
2498 315080.9261215824
3683 315081.1234380311
3684 315807.9605947995
3771 315832.8351736953
3777 316766.8894527346
7423 316773.4422393700
7424 317113.7744132911
10000 316689.5204897178
evaluations raw_y
1 -2114730.0000000005
4 -2113727.0000000005
6 -2112726.0000000005
18 -2111724.0000000005
19 -2110720.0000000005
21 -2109719.0000000005
22 -2108719.0000000005
24 -2107719.0000000005
29 -2106712.0000000005
30 -2105707.0000000005
31 -2104699.0000000005
33 -2103693.0000000005
40 -2102689.0000000005
42 -2101688.0000000005
43 -2100683.0000000005
46 -2099679.0000000005
47 -2098677.0000000005
52 -2097671.0000000005
54 -2096663.0000000005
55 -2095659.0000000005
56 -2094657.0000000005
57 -2093649.0000000005
59 -2092647.0000000005
62 -2091640.0000000005
63 -2090634.0000000005
64 -2089633.0000000005
65 -2088633.0000000005
67 -2087628.0000000005
70 -2086625.0000000005
72 -2085616.0000000005
74 -2084613.0000000005
75 -2083613.0000000005
76 -2082612.0000000005
78 -2081606.0000000005
87 -2080602.0000000005
89 -2079594.0000000005
93 -2078589.0000000005
96 -2077583.0000000005
97 -2076574.0000000005
98 -2075572.0000000005
99 -2074564.0000000005
100 -2073558.0000000005
102 312823.5139776744
182 312840.1468730824
183 312869.7805392703
202 312906.8859745868
203 313682.1784071160
296 313703.1964867075
297 314181.2041555946
426 314207.8645242893
427 314474.3542686166
497 314495.7875610649
498 315087.3952897047
576 315106.8454403328
578 315483.5863151384
839 315499.4339028927
841 315773.0018037576
1229 315796.7963558877
1230 316157.0536653594
1672 316193.1778778516
1674 316396.2601646651
2502 316413.8057777736
2504 316603.8823515983
2505 316614.4217583204
2506 316633.0067717172
2730 316637.4460065094
2731 316683.1990602905
2815 316718.8345455325
2818 316974.5654485346
3872 316998.9678099137
3875 317251.3720288805
4471 317262.8967515688
4472 317725.4417449004
4481 317741.0734931387
4482 318606.1881935935
4812 318619.5399346612
4813 319370.2469681615
6987 319402.8706207871
6990 320079.6025374294
10000 319726.9045356274
evaluations raw_y
1 -2129922.0000000005
3 -2128918.0000000005
4 -2127909.0000000005
6 -2126901.0000000005
8 -2125895.0000000005
9 -2124890.0000000005
13 -2123887.0000000005
17 -2122886.0000000005
18 -2121885.0000000005
19 -2120880.0000000005
20 -2119880.0000000005
21 -2118878.0000000005
22 -2117877.0000000005
24 -2116868.0000000005
25 -2115859.0000000005
27 -2114850.0000000005
28 -2113847.0000000005
30 -2112843.0000000005
35 -2111835.0000000005
36 -2110833.0000000005
37 -2109828.0000000005
38 -2108826.0000000005
40 -2107825.0000000005
42 -2106817.0000000005
44 -2105811.0000000005
49 -2104809.0000000005
53 -2103803.0000000005
56 -2102797.0000000005
57 -2101789.0000000005
59 -2100786.0000000005
61 -2099782.0000000005
62 -2098778.0000000005
63 -2097775.0000000005
66 -2096770.0000000005
67 -2095767.0000000005
68 -2094762.0000000005
73 -2093758.0000000005
81 -2092751.0000000005
83 -2091746.0000000005
84 -2090746.0000000005
85 -2089744.0000000005
86 -2088743.0000000005
87 -2087742.0000000005
89 -2086741.0000000005
91 -2085739.0000000005
92 -2084739.0000000005
93 -2083732.0000000005
94 -2082730.0000000005
99 -2081726.0000000005
100 -2080718.0000000005
102 -2079711.0000000005
104 -2078705.0000000005
105 -2077699.0000000005
106 -2076699.0000000005
110 -2075699.0000000005
111 -2074690.0000000005
115 -2073683.0000000005
118 313152.2706087960
163 313162.6673629598
164 314100.2530008066
286 314101.0133948076
306 314532.1342760028
389 314568.8813636919
394 315493.4385155381
574 315506.8000678014
576 316094.2151669074
580 316118.3703930614
581 316911.8073413139
826 316950.2262475264
827 317658.7133410941
865 317675.0629114674
867 318153.5476775250
985 318164.7535700609
988 318212.4762779794
998 318233.6724117613
1000 318733.9983559820
1221 318769.3553907191
1222 319114.1532698867
1304 319122.7396272130
1306 319583.7691449472
1453 319625.8515735231
1454 319920.2813468505
1755 319921.7650265723
1756 320692.0528186185
1759 320727.7190298676
1760 321179.5565788796
1977 321195.2050855328
1978 321524.1509642419
2651 321539.8154874750
2658 321594.9298086764
2999 321608.5458538320
3000 322341.2032192624
3501 322360.2383689717
3504 322374.6793054630
10000 321750.4238845360
evaluations raw_y
1 -2153872.0000000005
4 -2152872.0000000005
6 -2151872.0000000005
7 -2150864.0000000005
10 -2149858.0000000005
12 -2148858.0000000005
18 -2147853.0000000005
22 -2146850.0000000005
25 -2145846.0000000005
27 -2144846.0000000005
28 -2143846.0000000005
29 -2142846.0000000005
31 -2141843.0000000005
32 -2140841.0000000005
36 -2139832.0000000005
37 -2138828.0000000005
38 -2137825.0000000005
39 -2136819.0000000005
43 -2135812.0000000005
45 -2134812.0000000005
46 -2133811.0000000005
51 -2132804.0000000005
52 -2131797.0000000005
54 -2130791.0000000005
58 -2129791.0000000005
60 -2128786.0000000005
62 -2127781.0000000005
64 -2126777.0000000005
69 -2125771.0000000005
72 -2124771.0000000005
77 -2123762.0000000005
78 -2122758.0000000005
81 -2121756.0000000005
84 -2120750.0000000005
88 -2119745.0000000005
91 -2118743.0000000005
94 -2117743.0000000005
95 -2116743.0000000005
96 -2115735.0000000005
98 -2114729.0000000005
99 -2113727.0000000005
101 -2112719.0000000005
102 -2111719.0000000005
104 -2110714.0000000005
105 -2109712.0000000005
106 -2108704.0000000005
107 -2107702.0000000005
109 -2106698.0000000005
110 -2105697.0000000005
111 -2104693.0000000005
112 -2103693.0000000005
115 -2102689.0000000005
116 -2101686.0000000005
118 -2100682.0000000005
119 -2099674.0000000005
123 -2098673.0000000005
125 -2097671.0000000005
126 -2096671.0000000005
128 -2095664.0000000005
133 -2094658.0000000005
136 -2093655.0000000005
137 -2092654.0000000005
139 -2091647.0000000005
141 -2090643.0000000005
142 -2089635.0000000005
143 -2088631.0000000005
144 -2087630.0000000005
145 -2086626.0000000005
146 -2085625.0000000005
153 -2084619.0000000005
156 -2083613.0000000005
163 -2082613.0000000005
165 -2081606.0000000005
172 -2080604.0000000005
174 -2079596.0000000005
175 -2078596.0000000005
176 -2077593.0000000005
177 -2076585.0000000005
179 -2075577.0000000005
181 -2074571.0000000005
184 -2073568.0000000005
185 308128.6382230754
266 308128.9352686395
267 308386.6995542764
331 308401.1230458525
332 308747.3388750486
487 308753.3355735629
488 308821.3160890060
515 308831.6914274911
518 309278.2304471484
521 309306.0470541040
522 309384.8611210163
555 309390.9195257291
556 310032.8387943740
577 310067.6199091838
580 310866.5107245661
1324 310901.9503055750
1327 311520.4786645733
1512 311521.0912444450
1514 311559.7255190731
1559 311583.0487994078
1561 311796.2845762561
1763 311830.9360499855
1764 312150.4875086973
1833 312173.5009858114
1835 312679.2617818180
2489 312692.6225795837
2491 312864.7167566722
2515 312872.2454461521
2516 313364.5383769617
4064 313367.6094505002
4067 313420.6726656870
4173 313420.7064655946
4174 313882.2421326647
4397 313893.1896108321
4400 314453.6414845438
5350 314473.7134952700
5351 314506.0894673297
10000 -2073567.0000000005
evaluations raw_y
1 -2119710.0000000005
2 -2118709.0000000005
4 -2117701.0000000005
5 -2116701.0000000005
6 -2115693.0000000005
10 -2114687.0000000005
11 -2113679.0000000005
12 -2112674.0000000005
14 -2111673.0000000005
15 -2110669.0000000005
17 -2109664.0000000005
19 -2108660.0000000005
20 -2107657.0000000005
23 -2106650.0000000005
25 -2105641.0000000005
26 -2104635.0000000005
27 -2103634.0000000005
29 -2102629.0000000005
32 -2101623.0000000005
33 -2100615.0000000005
35 -2099612.0000000005
38 -2098608.0000000005
39 -2097607.0000000005
41 -2096605.0000000005
43 -2095596.0000000005
45 -2094588.0000000005
46 -2093581.0000000005
47 -2092581.0000000005
48 -2091579.0000000005
51 -2090571.0000000005
52 -2089566.0000000005
53 -2088558.0000000005
54 -2087555.0000000005
55 -2086554.0000000005
56 -2085549.0000000005
57 -2084542.0000000005
60 -2083538.0000000005
61 -2082533.0000000005
69 -2081530.0000000005
71 -2080528.0000000005
72 -2079528.0000000005
74 -2078521.0000000005
75 -2077517.0000000005
76 -2076510.0000000005
77 -2075505.0000000005
78 -2074500.0000000005
79 -2073496.0000000005
81 306074.8429005513
172 306093.2011628504
173 306862.2273068412
605 306875.8495359601
610 307517.1355825658
674 307526.3175920937
675 308254.2407343268
745 308273.2449212617
748 308825.7227120828
972 308859.0514809561
974 309666.0604905479
1081 309672.6687489082
1083 310490.9057682550
1388 310517.0841499111
1389 310787.1163822304
1431 310799.6434692101
1433 311487.5706587545
1559 311502.0949544393
1560 312342.5307378090
1647 312375.5127448724
1648 313178.3813907833
1895 313195.0186949429
1896 313966.0695041229
3333 313974.2862211957
3335 314736.1631103960
3404 314745.3852696856
3405 315123.8751370676
4140 315143.4796847003
4141 315332.8751370676
6824 315341.8252017220
6825 315646.8564765138
10000 314719.4087278922
evaluations raw_y
1 -2170022.0000000005
2 -2169022.0000000005
3 -2168014.0000000005
4 -2167013.0000000005
7 -2166012.0000000005
8 -2165012.0000000005
12 -2164005.0000000005
15 -2163004.0000000005
21 -2162002.0000000005
22 -2160995.0000000005
23 -2159988.0000000005
30 -2158982.0000000005
31 -2157980.0000000005
35 -2156980.0000000005
36 -2155977.0000000005
37 -2154971.0000000005
38 -2153962.0000000005
39 -2152954.0000000005
40 -2151946.0000000005
41 -2150940.0000000005
42 -2149931.0000000005
50 -2148922.0000000005
52 -2147918.0000000005
53 -2146916.0000000005
57 -2145914.0000000005
58 -2144907.0000000005
61 -2143898.0000000005
62 -2142889.0000000005
64 -2141887.0000000005
67 -2140881.0000000005
69 -2139873.0000000005
70 -2138869.0000000005
71 -2137865.0000000005
74 -2136865.0000000005
76 -2135859.0000000005
77 -2134853.0000000005
79 -2133852.0000000005
81 -2132846.0000000005
82 -2131840.0000000005
84 -2130831.0000000005
85 -2129826.0000000005
87 -2128821.0000000005
88 -2127815.0000000005
89 -2126808.0000000005
90 -2125804.0000000005
91 -2124799.0000000005
92 -2123793.0000000005
96 -2122786.0000000005
97 -2121777.0000000005
101 -2120769.0000000005
102 -2119764.0000000005
104 -2118760.0000000005
106 -2117760.0000000005
107 -2116756.0000000005
108 -2115754.0000000005
110 -2114745.0000000005
112 -2113745.0000000005
113 -2112743.0000000005
115 -2111742.0000000005
126 -2110738.0000000005
128 -2109730.0000000005
129 -2108730.0000000005
130 -2107721.0000000005
134 -2106718.0000000005
138 -2105712.0000000005
140 -2104703.0000000005
141 -2103695.0000000005
146 -2102688.0000000005
147 -2101682.0000000005
149 -2100679.0000000005
151 -2099678.0000000005
159 -2098670.0000000005
161 -2097662.0000000005
163 -2096658.0000000005
166 -2095652.0000000005
169 -2094644.0000000005
170 -2093644.0000000005
173 -2092636.0000000005
175 -2091633.0000000005
176 -2090633.0000000005
177 -2089631.0000000005
179 -2088625.0000000005
182 -2087618.0000000005
183 -2086614.0000000005
189 -2085608.0000000005
190 -2084600.0000000005
192 -2083591.0000000005
195 -2082589.0000000005
196 -2081580.0000000005
199 -2080579.0000000005
200 -2079576.0000000005
201 -2078573.0000000005
204 -2077565.0000000005
206 -2076562.0000000005
210 -2075562.0000000005
211 -2074557.0000000005
212 -2073553.0000000005
215 305029.0848868314
224 305065.9903701316
225 306003.0848545034
249 306005.7388793951
252 306261.1600039394
509 306296.6430184894
518 307067.3287880502
567 307086.7781041388
569 307278.1491904534
605 307302.7748167723
606 307517.4735427168
634 307528.2387592598
636 307629.0426236494
802 307668.7066991117
803 308385.1092358800
895 308422.1071258689
903 308633.7289273111
1202 308670.2956369837
1206 308997.7091844074
1254 309010.1335949891
1255 309269.2626855969
1395 309271.5652021268
1396 309296.9928303399
1397 309970.3196895713
1398 310036.3018911980
1950 310079.6204222026
1951 310924.2508989627
2430 310961.7675510106
2431 311170.4716956397
2567 311195.7757220285
2570 311398.7949436051
3052 311416.2583650650
3055 311465.4238603922
10000 311203.1763245570
