evaluations raw_y
1 -0.5205880689
2 -0.4908676900
5 -0.4578543377
33 -0.4458128860
51 -0.4388425083
75 -0.4366133846
101 -0.4333857301
118 -0.4213937887
134 -0.4012964954
187 -0.3963107133
199 -0.3878926123
229 -0.3834134813
242 -0.3736986853
286 -0.3596467906
359 -0.3593150708
372 -0.3520394406
427 -0.3499897305
438 -0.3468358174
449 -0.3466076610
494 -0.3405702477
539 -0.3400522193
549 -0.3395612359
559 -0.3363642467
568 -0.3342847102
581 -0.3315648029
641 -0.3276729786
706 -0.3270057959
751 -0.3266639668
757 -0.3225807473
787 -0.3191011928
911 -0.3178709026
987 -0.3160679502
1107 -0.3145939557
1125 -0.3137601998
1244 -0.3122862052
1420 -0.3116269940
1440 -0.3112851648
1593 -0.3110782553
1706 -0.3105441475
1726 -0.3103372379
1734 -0.3084251857
1753 -0.3053757711
1804 -0.3049765829
1824 -0.3046347537
2560 -0.3042201084
5559 -0.3027960688
5653 -0.3023814234
11884 -0.3022636159
46586 -0.2999783178
46659 -0.2987858876
84846 -0.2974256900
84897 -0.2943244242
84929 -0.2920664943
100000 -0.2920664943
evaluations raw_y
1 -0.5346039881
2 -0.5027565245
4 -0.4750798388
32 -0.4700258985
73 -0.4541728315
77 -0.4453540744
87 -0.4410167395
151 -0.4326240792
183 -0.4274410518
209 -0.4270727756
219 -0.4243801937
234 -0.4234031250
239 -0.4213396552
242 -0.4062970208
266 -0.3992738882
289 -0.3955446453
298 -0.3883143681
337 -0.3818423607
338 -0.3803466427
370 -0.3792771118
377 -0.3789182683
402 -0.3702333905
406 -0.3602544756
481 -0.3571232909
537 -0.3532499942
558 -0.3523131752
572 -0.3518745981
629 -0.3500728987
640 -0.3492204681
651 -0.3486505841
670 -0.3477464735
734 -0.3472663535
764 -0.3471765896
773 -0.3470054561
782 -0.3467685552
787 -0.3445140396
827 -0.3441645587
833 -0.3440339196
857 -0.3426430203
906 -0.3420731364
909 -0.3384414367
1000 -0.3378248545
1020 -0.3377677917
1031 -0.3340762510
1071 -0.3334596688
1100 -0.3328459608
1116 -0.3327094986
1140 -0.3263970589
1150 -0.3257804766
1183 -0.3245501865
1244 -0.3226179710
1308 -0.3221378510
1375 -0.3213968336
1423 -0.3200073380
1436 -0.3182427643
1464 -0.3164398119
1509 -0.3156987946
1526 -0.3151289106
1576 -0.3149059618
1646 -0.3141278702
1704 -0.3133417111
1712 -0.3124296388
1721 -0.3106875811
1763 -0.3094267850
2243 -0.3093697222
3097 -0.3054916497
14076 -0.3025433926
36663 -0.3019145028
37236 -0.3005885049
57891 -0.2989999035
58290 -0.2988734981
58590 -0.2935538622
100000 -0.3127024638
evaluations raw_y
1 -0.4974929386
2 -0.4919101108
3 -0.4857727393
12 -0.4754009870
15 -0.4657815992
17 -0.4488108315
84 -0.4294488446
103 -0.4054851017
141 -0.3994765725
181 -0.3968046881
220 -0.3843919728
222 -0.3785654764
287 -0.3659083375
389 -0.3647642430
392 -0.3612554781
394 -0.3571938041
431 -0.3562329343
453 -0.3549674578
455 -0.3543468564
463 -0.3498752779
499 -0.3404675079
541 -0.3391295173
551 -0.3377562738
573 -0.3377241392
582 -0.3367789642
591 -0.3363894464
606 -0.3334552276
609 -0.3318867577
627 -0.3284521382
683 -0.3276502972
706 -0.3245818311
736 -0.3232342192
744 -0.3227624843
814 -0.3227540992
833 -0.3197786848
839 -0.3189768438
896 -0.3189684587
940 -0.3180488489
995 -0.3168564188
1072 -0.3168480336
1109 -0.3156801336
1112 -0.3145533975
1116 -0.3137515565
1140 -0.3130392464
1156 -0.3125591264
1157 -0.3125507412
1205 -0.3115093229
1229 -0.3080484295
1279 -0.3076465292
1289 -0.3067546094
1307 -0.3049516570
1331 -0.3048707753
1416 -0.3027287936
1417 -0.3025913268
1479 -0.3004493452
1591 -0.3001177712
1687 -0.2997532944
1712 -0.2994217204
1760 -0.2979001820
1863 -0.2972835997
3915 -0.2957683394
10559 -0.2928200823
100000 -0.2951278327
evaluations raw_y
1 -0.5540478414
2 -0.5079368586
4 -0.4867271643
5 -0.4559142043
30 -0.4551035438
52 -0.4491695468
73 -0.4334676240
164 -0.4330575973
167 -0.4284690570
181 -0.4267453608
194 -0.4000611104
269 -0.3999650832
283 -0.3984975723
296 -0.3825450657
375 -0.3733350449
398 -0.3620257063
479 -0.3616446696
487 -0.3600555173
511 -0.3508705839
598 -0.3507441784
626 -0.3502691551
662 -0.3428486741
699 -0.3393563430
763 -0.3391270152
794 -0.3386519919
819 -0.3365794530
873 -0.3363725435
917 -0.3337840596
920 -0.3331391639
939 -0.3273996375
1072 -0.3271927280
1101 -0.3271843428
1138 -0.3264517106
1149 -0.3264433255
1161 -0.3261833025
1201 -0.3204943647
1230 -0.3204859796
1282 -0.3194849392
1377 -0.3187439219
1396 -0.3173429576
1412 -0.3168964553
1483 -0.3150144967
1495 -0.3147544737
1510 -0.3111939712
1574 -0.3104529538
1839 -0.3103265483
1877 -0.3076724183
1971 -0.3057930717
2007 -0.3023527825
2416 -0.3016567317
3050 -0.2995147501
3212 -0.2988981678
8792 -0.2970594829
10229 -0.2935817546
27855 -0.2920664943
100000 -0.2993489768
evaluations raw_y
1 -0.5284247394
2 -0.5209517937
3 -0.5145436198
4 -0.5032591331
11 -0.4718376210
16 -0.4628995439
38 -0.4469974545
85 -0.4292710065
116 -0.4281411228
136 -0.4262808005
190 -0.4156504094
199 -0.4148831818
216 -0.4145266511
234 -0.4085816629
260 -0.4021643785
267 -0.4020109766
290 -0.3923167937
305 -0.3914899838
330 -0.3877834916
334 -0.3818820131
362 -0.3676056228
405 -0.3654450860
457 -0.3634365551
503 -0.3619102721
527 -0.3593712902
537 -0.3562677235
570 -0.3546918157
610 -0.3480561046
749 -0.3477795121
771 -0.3376576861
800 -0.3361836915
948 -0.3281611450
984 -0.3243970520
1019 -0.3243886669
1052 -0.3177067376
1117 -0.3176983525
1158 -0.3137594304
1177 -0.3137510452
1205 -0.3119796662
1536 -0.3107872361
1542 -0.3101520358
1590 -0.3096719158
1704 -0.3078689634
1874 -0.3078119005
2073 -0.3066194704
2294 -0.3059905806
4276 -0.3046645827
11238 -0.3038786603
18309 -0.3023634000
100000 -0.3087389418
evaluations raw_y
1 -0.4738896800
26 -0.4221246877
127 -0.4093471022
154 -0.4052427779
159 -0.4039220882
175 -0.3998899114
216 -0.3868556104
303 -0.3863573251
306 -0.3853788551
339 -0.3813900727
362 -0.3768960766
375 -0.3699122405
394 -0.3698821073
421 -0.3676154225
436 -0.3656342204
447 -0.3634040215
481 -0.3626956512
535 -0.3606930863
544 -0.3588490747
580 -0.3558639077
595 -0.3510614366
613 -0.3492584842
694 -0.3491647628
700 -0.3486939870
705 -0.3485948789
825 -0.3472697090
834 -0.3430073024
838 -0.3404348716
859 -0.3339827799
941 -0.3284374506
950 -0.3282878608
976 -0.3261653283
1048 -0.3229826199
1068 -0.3206199990
1240 -0.3182729866
1376 -0.3181056593
1390 -0.3160678722
1417 -0.3159005449
1422 -0.3153718214
1480 -0.3152044940
1506 -0.3127176913
1534 -0.3093253776
1566 -0.3088763620
1570 -0.3066712476
1623 -0.3059751968
1823 -0.3057233657
1843 -0.3053087204
2067 -0.3042997085
2503 -0.3030694183
2925 -0.3020683780
11925 -0.3007423801
19750 -0.2989036952
22680 -0.2987858876
41717 -0.2974256900
41880 -0.2920664943
100000 -0.2920664943
evaluations raw_y
1 -0.5332722201
3 -0.5049794944
5 -0.4749288914
30 -0.4634106982
75 -0.4255578913
146 -0.4251639732
173 -0.4093707947
205 -0.4080801679
253 -0.3739971453
336 -0.3733380493
344 -0.3729351026
357 -0.3576936448
418 -0.3555582558
439 -0.3437548139
503 -0.3418735992
510 -0.3371058989
574 -0.3341166010
645 -0.3322594851
650 -0.3307854905
780 -0.3292639522
822 -0.3282629118
834 -0.3246317526
847 -0.3236307122
915 -0.3229037161
923 -0.3226217004
940 -0.3204759954
960 -0.3187026729
1002 -0.3182635450
1008 -0.3177016325
1017 -0.3166892779
1029 -0.3165092024
1085 -0.3155001906
1095 -0.3153413024
1147 -0.3150475025
1157 -0.3138550724
1170 -0.3126871724
1249 -0.3114947422
1340 -0.3114376794
1404 -0.3104286676
1451 -0.3100970935
1553 -0.3088668034
1590 -0.3082941411
1636 -0.3070638509
1928 -0.3063228336
6797 -0.3036284895
43467 -0.3017898046
64866 -0.3011609148
65166 -0.2998349169
100000 -0.3078313499
evaluations raw_y
1 -0.5404231090
2 -0.4905314904
4 -0.4744008961
14 -0.4682222393
15 -0.4570943635
25 -0.4392836130
83 -0.4213952439
117 -0.4172632622
123 -0.4011920800
228 -0.3939755801
258 -0.3851519980
271 -0.3840231879
335 -0.3757474037
351 -0.3716900350
375 -0.3686120173
404 -0.3666716191
412 -0.3580815758
447 -0.3568968006
462 -0.3565568415
506 -0.3558158241
537 -0.3557056639
540 -0.3531616941
590 -0.3516975970
610 -0.3483573822
650 -0.3461522677
684 -0.3455053686
698 -0.3450506899
729 -0.3445899936
744 -0.3419787314
772 -0.3416471574
815 -0.3399362619
851 -0.3398757784
885 -0.3390233528
896 -0.3387127830
908 -0.3373867913
961 -0.3363482310
975 -0.3339095751
1008 -0.3331314835
1062 -0.3322908707
1112 -0.3302240617
1115 -0.3265928316
1144 -0.3253213233
1165 -0.3240307565
1234 -0.3227592481
1275 -0.3223195189
1346 -0.3221521916
1403 -0.3177870059
1488 -0.3167859655
1511 -0.3165945757
1574 -0.3161119156
1611 -0.3159445882
1630 -0.3149435479
1696 -0.3121066278
1723 -0.3120987214
1750 -0.3098495410
1775 -0.3088485006
2147 -0.3083683806
2874 -0.3054201235
21748 -0.3039048632
24584 -0.3025788653
54263 -0.2991011370
58368 -0.2982906272
58411 -0.2975125356
58858 -0.2973861301
58916 -0.2920664943
100000 -0.2956447875
evaluations raw_y
1 -0.5069977295
12 -0.4478625788
50 -0.4357705460
127 -0.4241572750
140 -0.4227713053
215 -0.4102017638
224 -0.4000191170
251 -0.3960659483
293 -0.3863627042
335 -0.3847919537
344 -0.3826229204
350 -0.3734783677
386 -0.3733985398
439 -0.3695975917
442 -0.3673482058
527 -0.3668121082
536 -0.3663955112
540 -0.3639911756
544 -0.3627585364
550 -0.3583636262
579 -0.3580320522
589 -0.3569626829
608 -0.3542356428
619 -0.3528204405
630 -0.3501638950
631 -0.3487757446
651 -0.3472751112
666 -0.3443116609
703 -0.3402024109
750 -0.3370198322
823 -0.3366553554
837 -0.3363237814
883 -0.3347781596
885 -0.3296371745
1010 -0.3279262790
1044 -0.3264047407
1091 -0.3258348567
1157 -0.3224075721
1185 -0.3217369224
1215 -0.3211670384
1353 -0.3177267493
1460 -0.3174667263
1483 -0.3168501440
1501 -0.3167257089
1544 -0.3165343191
1569 -0.3155332788
1590 -0.3139040122
1631 -0.3127115821
2254 -0.3126545193
2761 -0.3113075785
3102 -0.3100544749
5556 -0.3094255851
7249 -0.3064773280
7778 -0.3046386431
11000 -0.3033126452
52531 -0.3005759343
52548 -0.3001664909
52569 -0.2998349169
85046 -0.2991011370
100000 -0.2991011370
evaluations raw_y
1 -0.5101912198
2 -0.5084190558
3 -0.4840041833
10 -0.4614665935
57 -0.4110685803
136 -0.3966224062
261 -0.3880900297
266 -0.3880585237
293 -0.3820768780
298 -0.3789121828
323 -0.3705875446
370 -0.3679873434
420 -0.3672912926
426 -0.3670830976
453 -0.3585690752
523 -0.3577169800
538 -0.3577087911
549 -0.3564345342
558 -0.3525025939
574 -0.3499023927
620 -0.3454496646
706 -0.3444486242
708 -0.3426891732
710 -0.3386565613
778 -0.3372194931
783 -0.3359674960
822 -0.3331489790
832 -0.3324634261
878 -0.3293848860
894 -0.3286438687
1014 -0.3262964881
1026 -0.3242025391
1105 -0.3237295849
1111 -0.3234695619
1143 -0.3212095574
1151 -0.3207366032
1167 -0.3197355629
1523 -0.3192554429
1547 -0.3185889665
1582 -0.3180600746
1617 -0.3175799546
1665 -0.3168297844
1700 -0.3163496644
1899 -0.3161427549
2516 -0.3122580743
3178 -0.3109320764
8411 -0.3094168161
12033 -0.3075781312
37722 -0.3059895298
37904 -0.3058631243
38317 -0.3054974770
38338 -0.3005434885
40603 -0.3004256809
41076 -0.2999673213
41086 -0.2950664852
100000 -0.3037525407
