evaluations raw_y
1 -2851.0000000000
2 -2721.8920839429
3 112.8816096261
10 3854.2915863461
15 4430.6712144876
16 6170.1981283324
24 7839.8104218073
35 9924.2651413396
37 10593.3070523764
38 12001.7502313636
51 15964.6490513285
63 16779.0914220846
65 20308.7015904189
98 21112.8265423148
105 21344.0902385550
126 21771.0255581257
128 21900.0541940677
141 21925.1066089578
183 22003.1705380468
211 22579.9575659460
226 23174.0945448284
312 23283.2538375949
318 23412.7500717565
447 23782.7088451460
448 23849.5103504435
652 24043.9583915106
665 24244.8813332067
808 24733.0461444602
828 24752.1757714481
883 25214.7455642972
910 25242.0448121365
953 25448.0430976631
1188 25509.5796352833
1601 25609.9815646197
1629 25612.6128468714
1640 25736.3022561687
2412 25859.6142436075
2503 25960.0345344866
2666 26144.9131783250
3849 26169.9709907018
5470 26228.1299647846
5517 26352.5235910722
5728 26550.7106209446
5976 26743.2919163414
8997 26846.1575553626
9437 26946.5198317333
10000 1421.2133713673
evaluations raw_y
1 -2851.0000000000
2 -2175.3823189925
3 -1966.7358818590
4 -971.1105451259
6 932.7961137324
7 1059.7878112118
9 1768.0563882829
11 2770.9280526986
14 5816.8551069454
18 7172.2995756250
22 8292.9236851597
27 8561.7800520928
34 8960.1892194399
36 10896.9849801927
37 12565.4795241331
38 13683.9680754321
48 14461.2171116056
53 15131.6832353925
56 15131.7648807711
61 15338.7626898729
69 17749.4428314131
80 17996.8261325321
91 19157.6366587100
107 19173.1672645576
108 20414.6442218685
132 20721.0849738748
136 21873.7913000233
157 22320.3494615265
210 22353.5820690251
221 22702.1634608059
421 22851.8533424965
469 22979.0294083734
478 22983.2059405124
555 23288.3458403703
850 23800.5696759808
902 23923.3432793790
1294 24324.0276546490
1642 24425.9461921087
2076 24626.2797121399
2417 24732.6648951975
3462 24786.3502240150
4042 24840.3805393765
4082 24849.4902383821
4352 24938.1195948700
4369 25171.2117252163
5528 25301.5247872342
5928 25536.3998803539
7345 25648.2092959206
7876 26005.9306627507
7988 26108.7653824104
8654 26224.8981185699
10000 -160603.1000000000
evaluations raw_y
1 -2851.0000000000
2 -1299.2686582869
5 2741.7791968873
6 3546.8351116554
8 8432.3315525773
10 10693.8706310654
13 11069.4802983356
24 11175.1490731514
37 11413.1337386477
40 12622.3855660661
41 15405.0619704160
43 19743.8935040111
46 21747.5814545077
54 22593.1625645429
57 23692.5442473312
62 24418.5194324251
86 24817.2646209623
250 25015.9535692746
1053 25021.1169494475
1355 25221.6037943509
1646 25321.8460599329
5583 25472.8685409884
5590 25583.3252449695
5693 25604.5846992666
5983 25732.0200851050
6118 26133.0051765870
6264 26474.9336496724
6403 26668.9859811113
6569 26756.6585826879
7169 26932.2214057065
7510 26977.9256169547
8583 26985.9035356785
8991 26993.8065176716
10000 4845.2536272009
evaluations raw_y
1 -2851.0000000000
2 -1022.8703802148
4 2644.4214898290
8 3904.8032158951
13 6566.6149776265
17 6772.6430791575
26 6800.9121825585
36 7275.4436909616
41 7721.4162478566
43 7970.4601487701
50 8008.4742177222
52 8627.9612939831
56 9839.6461694674
60 10906.8852456844
62 11650.7617071894
67 12954.9429969241
73 14451.8801217254
76 15655.3027083192
86 16260.1781741998
88 18158.8605669983
89 21188.3874392552
103 21811.9093156175
113 23327.1412692071
120 23856.7274058841
129 24458.6667050902
148 24557.6536905833
235 24641.4671116677
600 24792.2149477808
2045 24876.4467025234
2750 24881.6859176458
3506 24881.6902123056
3992 24981.9867136543
4381 25082.2842006488
6773 25184.7329776690
8111 25285.0268650548
10000 3752.3152885301
evaluations raw_y
1 -2851.0000000000
2 1083.9516582158
6 1819.0219471139
7 2821.1192323150
8 5355.4209430398
15 7164.5699917020
21 9033.7261105520
22 10399.3975013835
26 13657.6149646510
40 14260.7377987838
41 14558.0465989922
42 14753.0945888304
43 15329.3741054186
47 15777.9775397409
51 18591.5097283497
53 19219.9706082065
65 19497.4070293110
71 20659.8813872588
73 21609.0281073117
75 22073.9712803387
88 23297.9100605444
91 23304.2257587481
108 23358.4044089393
122 23532.1774670026
136 23621.9895333802
354 23656.3667308201
599 23787.1404979952
871 23900.4013941072
927 24031.1205467392
997 24476.9203157397
1339 24579.6374815683
2802 24878.2998815673
2867 24994.9762544677
3180 25097.6123027201
5387 25107.9215390547
5903 25208.2531684620
10000 -162294.1000000000
evaluations raw_y
1 -2851.0000000000
2 -2447.3880088229
3 -1052.3735036166
4 3051.0801018346
6 5643.8115513910
9 6470.4834698939
10 6980.9834495475
17 7214.8771311085
18 8936.8946317571
20 9182.3330353800
32 11707.1309483471
35 15131.0822364818
40 17707.3070663123
48 21610.6940217635
62 21740.5665854044
78 22036.9698770384
89 22183.0603855300
90 22255.6535783080
97 22444.0418021417
104 23037.6076632640
109 23161.7609011843
129 23399.5981563350
167 23931.4942662764
200 24169.8865746652
863 24209.0710273071
939 24478.7422427214
1354 24663.5844009675
1925 24718.6453204272
2008 24864.2352385061
2877 24964.5595937901
3264 25165.2111048596
5466 25183.0611597412
5732 25222.6035778145
6048 25313.6675278784
6078 25523.3528693263
6171 25625.4912737230
6324 25840.7866301092
6526 25942.8115649546
7708 26041.2702831004
9687 26143.2904959677
10000 -163339.1000000000
evaluations raw_y
1 -2851.0000000000
2 172.1250998671
3 7041.7518356926
4 8767.1568270554
12 10502.9466625802
15 15441.5074334415
17 17503.3681636582
19 18605.2947659863
24 18873.5870861131
30 19664.5708443942
45 21333.2958357784
72 21534.0740958054
80 21610.9673764632
83 22413.7207630674
90 22727.2606941163
95 23188.9461131687
136 23466.5768136529
138 23651.8510818697
206 23966.3372221997
253 24099.8149644738
559 24119.7751767466
607 24222.9123970386
716 24326.0499021786
846 24378.1879856558
1430 24482.1137586299
1790 24500.0322157113
1970 24700.7255560149
2289 24748.0395809048
3087 24866.4371343063
4124 25067.1635901490
4676 25167.5245804858
5780 25368.2470124559
7423 25471.2079485237
7829 25499.3330814625
8504 25602.1930260077
10000 -161175.1000000000
evaluations raw_y
1 -2851.0000000000
2 1644.6142068750
3 1846.3959953948
4 4004.5031810417
5 7023.1668156884
6 9139.6486529892
8 9985.6394624610
19 11802.0589032615
23 14363.2175116322
24 14549.9236614209
25 16325.0234942700
37 19664.6049869220
50 23233.1801573966
104 23394.6206724755
115 23522.2646580009
445 23722.3145139943
1039 23823.6725901962
1139 23882.2039633900
1631 23913.7241777901
1972 24135.8073564287
3206 24146.4029569024
3258 24262.9787974935
5079 24363.0344518845
5692 24374.6221839277
5693 24966.4478374553
5798 25111.5859174520
5848 25189.2180730465
6951 25301.2467684220
7721 25305.7961587976
7737 25323.5524123965
9805 25490.2931216202
10000 5516.8652250501
evaluations raw_y
1 -2851.0000000000
2 -2050.9732542627
3 -1502.2699032723
4 5052.6212591076
5 6184.0375811017
7 7603.7048795201
11 8735.6772468243
13 10773.5247161624
15 11761.1749530413
30 13477.4490953868
32 14254.4761230985
34 14960.0533565960
40 15431.8982585523
42 17378.7945245913
47 18718.1401104956
48 19465.7020523569
49 20277.9326524772
52 21405.1067410011
63 22042.3640347682
64 23492.9627241964
80 23628.6623023253
236 24056.1005572409
321 24140.5503891616
713 24340.5885970268
825 24344.2995896957
1027 24444.3084087484
1153 24497.9230795215
1253 24851.8449169899
2734 25092.9918126473
3369 25293.4086469896
3911 25393.6146083935
4512 25395.2364192098
6490 25453.6093272562
6983 25466.0117075514
7091 25550.2649165098
8405 25650.6569017072
10000 1716.0274217467
evaluations raw_y
1 -2851.0000000000
2 -2518.7464297937
3 -1870.1487672297
4 -486.4235643592
5 46.5590364300
6 619.1378663238
7 4309.5171018586
13 5920.4135101649
15 9725.7171703379
18 11123.3417964864
29 13653.5864642008
42 14851.8011326137
45 15311.9915513498
54 18076.7418781225
71 19316.0383101603
84 19582.7776457743
100 20731.0234850143
120 23306.1650301382
334 23408.1844930592
336 23637.1194970915
499 23680.4743734797
643 23788.2326103460
892 24081.3397521420
1157 24281.7714898970
2024 24327.3085981463
3036 24405.9551512086
3296 24421.1795768177
4050 24606.5761785724
5029 24717.5206531511
6271 24717.5593886571
7394 24918.1567074984
10000 6065.3222557983
evaluations raw_y
1 -2851.0000000000
2 -693.8646908280
4 2663.1820754865
5 2864.9238311085
6 2970.7395597546
8 6262.4642214925
10 7525.2424927488
11 8091.6740919887
13 9108.9914802169
19 10793.2213658815
26 11604.3626078387
27 15647.5559956991
35 16380.1191976063
47 17610.5735997607
48 19289.2736470591
57 19773.5750467474
62 20845.7008966167
127 22118.4943470048
135 22640.7361100320
145 22789.2832885511
168 22924.5645984494
195 23308.1545117123
214 23545.2435281844
377 23752.1098285326
485 23757.7017899483
512 23893.9896008523
527 24095.4400263031
639 24103.4476938012
678 24389.9290185995
740 24590.2277472846
2292 24690.3747497276
2365 24690.9139132735
3086 24791.0535837511
3545 24792.6075453240
4171 24901.3990069815
6290 24950.3924099636
6306 24990.0290293504
6564 25222.0195375459
6621 25475.7274508963
7930 25577.8129219246
8060 25688.1450082979
8422 25788.4436584722
8444 25918.3059926778
8546 25921.6277318392
9180 26021.8548548730
10000 -161693.1000000000
evaluations raw_y
1 -2851.0000000000
2 -2127.4542366186
4 -1672.7126833066
5 1305.2521496149
7 5270.3531294286
12 5505.8824983621
14 6174.7418082307
15 7949.1538731864
28 8439.3317724511
39 9098.1591711574
42 9837.8500191536
43 9889.5654322265
45 10261.5595314487
46 11043.2540462456
52 11390.1680857897
58 12816.5039305876
66 14174.4379860292
77 20607.4057009792
83 22720.4619550596
88 23202.7564529833
156 24176.0063003504
165 24619.7442421797
180 24837.0359986762
327 25191.5613707307
372 25192.9172136684
1337 25393.7377717872
1553 25496.9125143050
1995 25610.6652800435
2824 25711.0654824558
3652 25929.7721865782
5139 25940.4882561145
6360 26035.4672111017
7153 26173.0598216019
7159 26181.1607269918
8588 26226.7816351048
10000 -477.9830198102
evaluations raw_y
1 -2851.0000000000
2 -2261.5018038675
3 1981.3434970634
13 8691.2734129578
16 15829.0614869647
30 16030.5955091743
37 17325.7834099375
40 19482.1302763637
51 22547.4740882301
68 23370.5329917367
89 23606.2076135873
151 23907.8711130040
153 23910.7931751663
159 24069.0991115404
200 24155.2332569319
235 24591.1996445229
342 24822.8526300692
1343 25023.7568674091
1565 25193.9843813044
1780 25350.4082000174
4490 25410.7038680709
6286 25511.0899263029
10000 16512.9874570605
evaluations raw_y
1 -2851.0000000000
2 73.7840535859
3 900.5715388191
8 2267.9317107556
9 6162.6441317275
13 7106.8391323036
24 8051.6803077600
25 11249.2471998707
35 17362.2707980582
46 17757.9940769738
59 18527.4281339162
68 22531.1997744392
86 23707.8536892274
109 24275.1625110953
122 24617.9474930340
180 25123.4602241802
229 25324.1960185639
670 25524.9330505463
1784 25627.8485715363
2767 25658.8071338196
2814 26064.4857770779
3114 26175.8119447653
3501 26316.4609754148
3676 26325.7932793906
4147 26428.6496615101
5481 26522.1072534034
8138 26737.1798809347
10000 -161131.1000000000
evaluations raw_y
1 -2851.0000000000
2 -159.8888626671
3 1097.9676123231
5 2103.7573874071
11 2526.4079082333
12 4792.7054747766
14 6066.4575875584
21 7538.7884009785
22 8349.3673481439
33 9968.7525824481
38 11870.7177776796
44 12229.7605919000
45 13120.2286017913
46 13825.8059658519
50 13894.2344515264
51 15485.0138594485
63 17092.1700869535
72 19611.8716436642
73 19813.2058596510
89 19878.0752088975
95 20012.2603390479
104 22799.9853979219
164 23289.3024312202
198 23490.9472429262
247 23560.2774643468
290 24013.2449574412
406 24138.3625792606
531 24216.7580826029
954 24303.9970558365
1185 24322.1224705394
2057 24424.5949610857
2940 24424.6057105380
2948 24825.6107466345
3564 25026.1101871628
3931 25128.5612838618
5659 25206.6177086491
5984 25772.6299432329
10000 25077.2096514823
evaluations raw_y
1 -2851.0000000000
2 1897.5043805529
3 4782.9333697728
4 5019.9480435411
6 6003.8545335515
11 7047.6921003691
13 7641.6125652097
18 9832.0894830051
41 10066.5704829685
47 10712.3978329385
53 11207.1082169703
55 11964.9524247514
56 12724.6524599924
62 12991.9571475996
63 15596.8978745814
65 17327.7845062093
72 19027.6041677818
74 20269.4878404872
88 22795.7583251332
90 24536.4926082843
231 24671.5190284997
322 24804.5693400248
586 24846.7987579620
879 25207.5696276351
1889 25310.0557574525
1981 25711.1939328980
2731 25813.6684373862
3280 26043.7457704194
3311 26223.8791112297
3431 26224.2771565274
3547 26250.7963592767
4533 26354.3054008183
4549 26451.7186746772
4565 26481.8459582475
5174 26585.2877917356
6953 26685.7345340321
8702 26990.0536702577
10000 -160939.1000000000
evaluations raw_y
1 -2851.0000000000
2 -2518.7464297937
3 -427.4549912316
6 1091.2299721323
7 1494.7786883549
9 2209.3920177472
11 4174.1405191664
12 6151.6649808923
13 6805.9962089151
14 8788.1184116549
17 10132.5022830831
19 10631.1349834473
21 12131.1331831398
24 13618.1731515311
36 14912.9752160200
37 18762.0922886157
43 21128.0061689724
59 22237.5755469610
75 22291.4649335558
84 22963.2845317162
96 23245.0847372377
107 23507.0622255187
117 23525.3896146110
128 24006.5259712134
166 24369.7610679806
1270 24570.5622126648
2053 24578.9103145514
2082 24796.5347970330
2268 24923.4340060584
3420 25005.5283993946
4730 25018.5661421145
5937 25118.7790358047
6193 25220.8535200297
6751 25319.2050353126
10000 19759.2807512497
evaluations raw_y
1 -2851.0000000000
2 -627.9806364473
3 630.4678449438
4 2488.1153421587
7 4908.5423264285
8 5219.6239703631
9 5588.9893685142
11 7993.7715861340
18 9882.8886130536
19 12941.4749023394
22 17091.8734977337
33 17456.8903771814
37 18178.4787689366
51 20512.6307892240
58 21393.3236738644
66 21472.1525172733
72 21903.7869202399
87 21974.7998046466
90 22038.4255859293
121 22589.0121596213
155 22839.8980788418
169 23173.6100211811
187 23555.6556456903
297 23632.9872502026
321 23833.9655976580
345 23961.7795096355
390 24090.7557911133
405 24092.2476960207
448 24296.1680276781
681 24505.5966532127
773 24773.7182142343
844 24932.3081345707
861 25047.1962678852
936 25066.1673959820
943 25097.3982890400
1244 25211.6281524967
1534 25613.2971526439
2304 25716.4685916143
2406 25917.2996903409
2737 26020.4542822777
8319 26378.1484378706
9070 26615.4801460001
10000 14007.7131112343
evaluations raw_y
1 -2851.0000000000
2 -2106.0728036683
3 -523.1348730362
6 549.3223734425
9 600.2419495351
12 3060.0601086264
13 6232.7242292732
17 7924.2407006719
22 9639.9784260037
25 10441.2674527797
26 11576.3646404442
33 12880.1681074157
35 15835.9280878564
43 16122.8217579480
44 17048.1332555261
48 17451.1088826599
51 18423.3839364522
55 19746.3333364135
61 21692.5821947566
70 22192.2903210253
95 23745.0619040135
148 24051.6852256026
190 24273.7656397665
220 24485.6177836834
246 24618.4826411012
354 24816.8055423322
363 25017.5295936351
467 25067.4388274623
971 25325.0148477399
1007 25525.7771888009
1209 25670.2859652585
1220 25781.9109505689
2400 25830.0777228502
2830 25947.6892671483
3736 26289.1126275039
4011 26768.1883182430
4461 26921.4231311313
4975 27115.5387177511
5683 27240.8393051199
7668 27307.9721239362
7780 27341.4775219713
8248 27551.8640258126
8966 27562.4019676061
10000 -161531.1000000000
evaluations raw_y
1 -2851.0000000000
2 -1929.7218307313
3 -189.5980970113
4 2835.6470988810
7 3025.8316636799
14 3935.3814366032
15 5485.8137878499
19 6470.9919902945
20 10102.2599289649
23 11807.9374575798
24 12182.0086391782
27 15801.8182879495
30 16995.5860634343
32 17177.3064596640
33 17848.8140620671
34 19037.0490634574
36 19705.9602821348
42 19974.9662428484
45 20349.3902144259
47 21916.3099619309
48 22608.3747246705
102 22735.6247918799
197 22885.5681430625
214 23104.0459743495
227 23655.7795873157
237 23758.5770138787
301 24069.7983295580
521 24132.1537454240
577 24147.2244334446
594 24368.1864306376
649 24394.1679641937
966 24648.6595128564
1713 24661.5410819021
1923 25018.9593740697
2219 25130.6795350889
2561 25144.4803444595
2742 25252.0505182572
3197 25359.6201613941
3293 25560.8259050330
3355 25712.1807247770
3409 25921.4530019724
3612 26006.0169015240
3679 26138.1319858027
4495 26159.4719151657
4528 26172.7757681232
5572 26187.6817023690
5584 26322.6397034800
5744 26425.1180525383
5841 26543.6378338801
7019 26744.2183973887
10000 -160843.1000000000
evaluations raw_y
1 -2851.0000000000
2 -2658.5284376693
3 1592.2515602546
5 3643.1570839459
14 7902.6352077765
15 9852.8490301808
21 14309.1052665752
27 15450.0688281304
29 17589.3218756170
34 20229.9682367889
41 23706.5679707884
92 23776.1621714007
189 24079.7155502480
340 24354.3830439965
406 24364.9258697229
444 24612.7252893377
1371 24645.9515894580
1531 24769.6420571108
1892 25047.9147661480
2478 25280.3532873593
2750 25396.2480377274
6707 25588.2488290790
7072 25691.8260453140
7342 25839.0338286141
8384 26075.7867320276
8628 26176.2759136772
10000 -161759.1000000000
evaluations raw_y
1 -2851.0000000000
2 1292.4817661413
4 3304.0398310929
5 4076.6780395882
6 6252.4710131453
8 6745.0473002815
11 7088.3909414323
15 7859.5900483005
16 8430.5094386277
17 9772.9867795090
19 10466.5260332202
20 11437.1273039088
23 15054.0530749872
37 15469.1111793775
39 15508.7870819030
43 18525.4967366840
47 19091.4283372295
52 20141.0793904679
54 21260.9987089193
61 21537.7940791426
66 23109.7114233845
71 23833.5717139065
113 24274.1957323388
154 24475.1974658003
240 24665.7125670481
320 24770.1209469943
348 25072.8756265127
707 25205.8565620895
853 25406.6018412928
1419 25509.5986798203
1520 25607.3484253492
1689 25808.0915928818
3402 25997.6935000544
3414 26098.1115063841
4278 26175.0289803779
4625 26198.5328832470
5176 26259.4763794902
5953 26362.6662211370
6197 26457.8272387742
6445 26572.5005981932
6527 26776.5359328109
7183 26977.2759618411
8635 27080.2702458960
10000 -160316.1000000000
evaluations raw_y
1 -2851.0000000000
2 -1738.9006017034
3 -1288.0126359500
4 809.6459824176
5 7907.8502384157
9 10316.6539517745
15 11788.5019036408
30 12750.8574139738
37 12941.9107359558
38 13493.0248136634
39 13753.6568910385
41 13937.9320979990
46 16129.4646004168
48 16172.9056227609
52 16729.5221518927
62 18693.2606096482
81 20903.6594145508
82 21232.5561244697
103 21867.7847827579
126 22677.6746289152
129 23097.1908387142
133 23626.3194470219
159 23712.9067362649
193 24126.2180641564
213 24256.9342610332
353 24368.2733812650
480 24501.9910757731
707 24520.9439550891
815 24699.8718699802
1105 24711.3941024383
1568 24947.1356294228
1888 25147.8222896759
2184 25179.7871871641
2207 25380.4137619586
2895 25498.3640865725
3268 25699.1597446098
3341 25802.3560407237
3383 25902.7513602090
4509 25934.6987557055
5328 26035.0804450592
6890 26141.6749654280
6954 26245.1325216819
7003 26391.7255561614
7352 26432.8684279767
7368 26633.6871998748
7810 26747.4675219113
8099 26847.8667491399
10000 -162084.1000000000
evaluations raw_y
1 -2851.0000000000
2 -522.8791150876
4 1235.3923408697
5 2615.2153032619
9 5087.6089115217
10 6979.4386638950
21 7926.4381135080
25 8662.0605974662
27 9702.3319154773
33 10652.6024046164
34 11016.2900682122
38 12347.1342363168
40 12385.4592702228
42 15195.7817814504
58 15797.1007993847
61 16657.1491040607
67 16884.1022607905
81 17682.7162807296
85 18593.6055959779
94 19426.0185227580
105 19430.2211224253
113 19822.2272359580
123 20640.4598955027
141 21325.6653876766
148 22997.5932118354
183 23072.5166461088
187 23788.9761620661
219 24498.6184193103
522 24601.9473171062
746 24601.9535345223
1025 24802.8266207452
1449 24804.5101093051
1985 24904.9151565144
7714 25242.7989071928
7890 25345.7471070730
9106 25345.7519320652
10000 1844.7268050732
evaluations raw_y
1 -2851.0000000000
2 -2640.1856874027
3 -421.6379529601
4 960.8152738006
6 2065.9347619438
8 2976.2245484465
10 3859.0178687915
14 6128.2036660702
16 6511.1837807878
18 6995.8568495694
19 7489.7554207201
24 8002.6099448862
26 8427.5660759369
29 11559.8064924687
39 13274.4504534492
42 14526.0234123971
50 15075.1342639192
56 17318.7126969418
61 19867.8701936490
69 20407.2459673450
85 21928.2666138769
87 22379.9265722878
92 22524.9419460052
96 23582.4545945692
261 23765.3748829866
334 24130.9892802704
476 24175.0141257602
674 24378.3308605248
822 24609.5399932764
1191 24810.4089075594
1291 24835.2831691377
1365 25035.9871430802
4134 25075.4731572583
5839 25175.8976285802
6130 25418.6490867085
6943 25521.9122112329
7992 25619.5557503088
8654 26021.3637736805
9593 26124.6138126976
10000 16741.9093029834
evaluations raw_y
1 -2851.0000000000
2 -622.2986768079
4 972.5128387715
9 3283.0040868353
10 3484.7799762095
13 5926.4560483724
14 9081.3983680697
15 11686.1360211979
24 15050.3736141529
32 15827.5995179884
48 17998.8800405010
50 19268.7138504151
55 20095.9279832250
64 21893.2787941626
92 23775.6450020596
138 24158.5082000066
449 24554.1646700688
460 24980.0242938140
507 25059.8620231333
834 25206.6986777624
981 25233.7240392220
1058 25436.4581258897
1595 25511.9416048096
1678 25615.2066598348
1788 25626.8553616568
2256 25884.5801148298
3719 25987.7542275938
5744 26188.6116794028
8460 26286.2927077745
10000 -161467.1000000000
evaluations raw_y
1 -2851.0000000000
2 -2489.1326086026
3 -1447.5961410570
4 838.4014621102
6 3906.9321150402
11 4791.0241434307
12 6614.5330421255
25 8591.3656766541
26 10749.8177011209
27 11932.3077948070
29 12549.3463952565
33 14333.5378964030
38 15323.0281629127
43 15931.8304944894
46 16414.4292323234
49 17621.0655998281
62 19104.8468873545
63 19240.7668616767
70 20172.7115845454
77 22851.3378890821
101 22957.1648828424
106 23144.5323756306
129 24475.9493883926
233 25218.4732680973
445 25321.6603038366
611 25476.1979821019
838 25676.6894107448
991 25760.7445318684
1013 25961.5360202172
2268 26162.3242569263
2495 26262.7173548743
2720 26381.8823204785
3333 26415.3876677012
3499 26434.8265178409
4120 26538.2887327374
4295 26538.2951420605
4411 26836.5913682628
5950 26871.3660402604
6685 26904.2290639650
7560 27026.1282333964
8097 27227.0120553755
8287 27378.8812303484
8598 27427.8972674390
10000 -161305.1000000000
evaluations raw_y
1 -2851.0000000000
2 -2401.8613218487
3 -1678.9085099827
4 -1502.8042388599
5 353.4424683309
6 4749.1178626742
9 5647.6750774807
12 6022.1916379696
16 8983.0729068698
20 9337.0201390065
29 10317.6010759866
30 11471.3432392387
32 15713.7534140898
39 15884.5889499176
43 16689.5593216143
45 17529.1847651250
48 23831.8932006275
136 23983.3747930049
140 24102.5200764279
181 24310.3806848607
270 24616.5312228190
284 24748.6050043504
589 24758.3080480719
1787 24959.0009699729
2925 25059.3463201260
3041 25061.7778276965
3308 25162.1214316996
7335 25345.3972368607
7523 25448.1534419213
10000 -163698.1000000000
evaluations raw_y
1 -2851.0000000000
2 -2169.2978547530
3 -1647.2327381011
4 -658.6051522430
6 2188.4834300907
7 3083.3852804028
8 3169.8642716420
12 4244.9094407682
18 7057.4330747782
19 7364.5007280893
38 10252.6000687971
46 10386.4485809517
47 12052.1279097736
58 12209.1680342053
74 15127.4438650891
82 16825.6611729715
84 17820.8337975880
91 19080.2910263067
100 19499.2951194701
103 19698.7536680078
104 20096.0161433287
112 20516.4706497842
158 21386.3333696380
240 21879.0440035841
247 21935.1445542252
256 23486.3149290697
261 23771.9956351035
312 23864.8811636696
418 23925.8409209821
599 24076.3489242013
699 24329.3911771566
1094 24462.9605716565
1173 24563.2477368141
1811 24629.6642972473
2218 24830.1472996726
3007 25231.1116156103
3468 25333.5115917088
3616 25435.9077718038
5754 25520.7360674461
6342 25549.3145170259
6620 25658.1604061909
6869 25760.5404682341
8080 25904.2169255446
8160 26146.9634101003
8309 26188.1461011584
8374 26340.9359957633
9502 26495.0255900816
9800 26597.4037066204
10000 -160350.1000000000
evaluations raw_y
1 -2851.0000000000
2 2167.5197477070
5 2700.2498617828
6 3870.6119129164
12 6123.8680570886
15 6833.8434968072
17 8250.4271666252
21 8925.6096713178
28 13211.5397500254
32 16613.5587300609
58 17112.8770511436
64 18396.6688769191
66 20129.5005293427
73 20161.8123342621
81 22162.1969610543
105 22864.9955547847
107 23885.5483877866
136 23972.1960583792
199 23979.6392558392
233 24058.1722483923
238 24294.7053558580
348 24396.5617782694
543 24695.3982941632
762 24895.7413204234
1683 24997.5846641306
2077 25112.6368111604
2180 25212.8429028593
2537 25314.8277195876
3206 25338.5902990026
3529 25641.9278975797
5219 25858.2079977249
5348 25965.8113855415
6992 26068.9744492877
10000 -161023.1000000000
