evaluations raw_y
1 0.0000000000
2 1.0000000000
3 14.8000000000
6 28.3100000000
7 43.8700000000
13 43.9400000000
18 71.6700000000
20 107.3000000000
27 107.9000000000
32 124.6800000000
33 149.5300000000
44 151.5100000000
68 164.3900000000
86 187.9900000000
158 191.3100000000
213 194.3400000000
217 202.8500000000
238 203.7400000000
242 238.1600000000
277 263.9500000000
346 278.7700000000
361 294.0600000000
397 321.0300000000
432 326.8400000000
481 328.7300000000
489 337.5100000000
609 344.3200000000
621 345.0800000000
692 348.3500000000
698 357.9700000000
708 366.9100000000
739 373.5900000000
837 388.7200000000
840 388.8700000000
855 396.5600000000
913 409.5400000000
946 427.2100000000
959 427.8500000000
962 434.4200000000
985 436.6700000000
1048 464.4200000000
1074 465.0700000000
1092 470.9300000000
1439 471.1200000000
1513 473.5700000000
1534 486.8900000000
1705 507.9600000000
1743 526.3100000000
2392 552.3000000000
2439 562.1900000000
2450 572.5000000000
2475 579.3700000000
2484 599.9300000000
2498 613.1800000000
2905 615.0300000000
2923 619.1800000000
3009 627.8400000000
3053 629.0300000000
3055 633.6900000000
3072 638.6500000000
3141 649.8200000000
3169 650.9500000000
3384 663.4000000000
3589 666.2900000000
3627 672.5600000000
3826 677.1000000000
4232 678.4300000000
4646 678.8900000000
4659 694.0000000000
4745 710.9500000000
4771 716.1800000000
4789 718.0800000000
4883 727.5300000000
5260 730.7500000000
5673 781.0200000000
6066 787.1000000000
6118 788.0600000000
6335 806.5300000000
6601 808.8600000000
6717 823.1000000000
6728 826.3100000000
7756 829.8600000000
8000 830.6100000000
8909 837.3400000000
10343 841.4700000000
10703 842.9400000000
10884 848.9800000000
10936 859.4500000000
10982 871.0200000000
11600 871.5300000000
11701 884.2600000000
12171 885.3500000000
12200 892.0600000000
12772 905.1300000000
14612 909.8500000000
15049 911.4700000000
15079 915.3600000000
15081 915.6300000000
15094 937.0600000000
15472 939.8000000000
15482 940.4700000000
15512 949.4300000000
15537 956.6300000000
15836 963.4900000000
16516 966.0800000000
16645 971.8400000000
18398 972.7600000000
18413 975.9200000000
19083 982.1800000000
19558 983.6100000000
19569 988.4200000000
19698 990.7000000000
19889 992.5700000000
20045 996.4500000000
20063 996.6900000000
20604 998.8000000000
21232 1004.9300000000
21244 1014.2700000000
21341 1015.0200000000
22348 1018.8500000000
30725 1020.6900000000
30783 1021.3700000000
30981 1028.1100000000
31010 1031.8400000000
31281 1032.9400000000
32120 1036.0600000000
33075 1058.4300000000
50938 1058.4500000000
51156 1065.4700000000
51825 1068.8500000000
51915 1069.8800000000
51921 1084.8600000000
62690 1084.9200000000
62799 1093.2500000000
62875 1097.3500000000
71118 1103.5100000000
73067 1113.3900000000
100000 6.2300000000
evaluations raw_y
1 0.0000000000
2 22.0700000000
4 31.4500000000
7 33.3700000000
9 56.2000000000
22 62.8700000000
29 81.4300000000
40 105.1000000000
43 134.7300000000
45 152.8400000000
71 154.9200000000
73 158.0100000000
81 168.3300000000
92 174.4100000000
98 184.3500000000
105 202.4100000000
117 205.5800000000
131 214.2900000000
134 218.3400000000
135 231.9300000000
138 277.8800000000
314 278.0400000000
375 282.7800000000
575 311.3700000000
581 312.3600000000
614 313.6700000000
642 314.5000000000
674 323.2700000000
689 340.6800000000
691 348.1200000000
837 352.6100000000
865 443.2700000000
871 454.2800000000
876 466.5200000000
884 514.8500000000
1773 519.0900000000
1868 520.2800000000
1950 522.6100000000
2166 545.8100000000
3127 545.9500000000
3134 581.8200000000
3204 582.6200000000
3303 589.3400000000
3618 590.5900000000
3758 593.2700000000
3966 594.0700000000
3969 597.2500000000
4073 600.5200000000
4178 604.3900000000
4213 613.7700000000
4228 622.1200000000
4265 622.5300000000
4329 624.9400000000
4362 626.3900000000
4531 641.8600000000
4750 642.9800000000
4922 648.8200000000
5131 661.5200000000
5298 742.8300000000
5719 751.2300000000
5817 764.3300000000
5907 772.2300000000
6743 780.9100000000
8952 786.0000000000
9308 790.6800000000
9332 799.5100000000
9346 809.3100000000
9442 810.4000000000
9582 843.9700000000
9628 851.6600000000
9674 856.8700000000
9682 871.2700000000
9884 876.5000000000
10062 888.3200000000
10431 899.3900000000
10510 907.8800000000
10664 917.3000000000
10696 919.4800000000
11105 923.2100000000
11114 925.7700000000
11279 939.1100000000
11321 939.8200000000
11492 944.8800000000
11616 946.1000000000
11710 967.3000000000
16038 976.5500000000
16074 979.6900000000
16082 984.4900000000
16431 984.8800000000
16690 996.7000000000
17930 997.7900000000
18394 1000.8100000000
18420 1004.3000000000
24227 1005.8400000000
24419 1012.9400000000
25162 1013.0800000000
27072 1022.6200000000
35289 1038.4300000000
35392 1040.8200000000
35403 1062.1700000000
35466 1064.2600000000
36443 1080.8800000000
40069 1082.9000000000
50217 1086.1100000000
84532 1086.5100000000
84895 1089.2300000000
86504 1095.2300000000
100000 863.7600000000
evaluations raw_y
1 0.0000000000
2 1.5600000000
3 4.3100000000
4 4.3300000000
5 7.1700000000
9 20.8400000000
11 25.0700000000
13 48.6400000000
19 54.8700000000
23 76.6000000000
37 81.7800000000
39 89.3700000000
40 116.6000000000
89 132.8800000000
98 143.8200000000
101 148.4300000000
109 152.2700000000
138 155.4400000000
162 176.8600000000
165 186.8900000000
176 188.7500000000
181 198.4800000000
229 204.2100000000
237 220.8800000000
249 224.4100000000
257 235.0600000000
291 262.4400000000
304 263.8100000000
317 268.1100000000
318 281.4600000000
328 281.5600000000
330 289.9400000000
335 312.4900000000
363 316.8700000000
475 324.4600000000
478 328.6300000000
1301 328.7100000000
1365 332.4200000000
1373 338.2500000000
1376 361.4400000000
1393 379.7500000000
1836 389.2600000000
1864 417.5300000000
1866 418.2200000000
1885 432.6800000000
1919 434.3300000000
1924 451.5400000000
1964 455.8600000000
1996 465.3700000000
1997 469.0200000000
2081 490.4800000000
2531 503.9300000000
2556 512.1100000000
2713 513.6500000000
2991 516.7600000000
3218 522.4200000000
3793 523.1900000000
3842 524.9400000000
3910 526.1500000000
3924 543.3800000000
4007 545.8300000000
4037 562.8900000000
4145 564.3900000000
4183 567.8100000000
4201 579.9800000000
4221 630.4100000000
4464 648.0100000000
4488 655.6700000000
4616 656.8500000000
4618 668.0500000000
4630 669.2800000000
4672 690.6400000000
4691 711.6200000000
4795 712.8200000000
5125 714.4900000000
5128 717.3400000000
5132 729.3500000000
5143 734.6000000000
5179 735.1000000000
5239 752.1000000000
5325 786.1300000000
5401 795.3600000000
5427 799.9200000000
5435 813.7000000000
5543 819.6400000000
5966 824.8100000000
6175 841.6700000000
6375 842.4800000000
6400 852.2300000000
6411 873.5100000000
7703 880.8400000000
9149 883.7200000000
9281 886.8200000000
11418 932.8300000000
11572 943.0400000000
11643 959.2700000000
11979 960.1100000000
12008 962.3200000000
12064 967.4600000000
12071 979.3800000000
12371 985.0900000000
12378 997.2100000000
12639 1002.6300000000
13105 1011.0000000000
13514 1011.7600000000
13578 1018.5900000000
13841 1020.3200000000
13985 1023.2700000000
14161 1023.3400000000
14735 1029.9000000000
15564 1041.2000000000
16038 1050.3400000000
17680 1050.4900000000
17874 1052.9300000000
18848 1053.8500000000
19030 1059.5800000000
19330 1060.0200000000
19383 1060.7400000000
27008 1061.3100000000
34181 1061.5500000000
35001 1063.0500000000
35414 1066.9800000000
53694 1074.4700000000
77376 1075.2300000000
77572 1077.2900000000
77628 1088.2300000000
80442 1094.5700000000
81211 1095.3000000000
85947 1107.7000000000
86362 1112.6100000000
86573 1113.5000000000
90609 1118.9500000000
94519 1124.8200000000
99456 1135.1600000000
100000 446.2600000000
evaluations raw_y
1 0.0000000000
2 3.9500000000
3 13.7400000000
5 55.9700000000
10 70.8300000000
16 78.1200000000
22 79.8300000000
45 85.3000000000
52 92.8300000000
64 93.1800000000
74 100.4400000000
78 124.0600000000
85 131.3800000000
93 137.7700000000
96 148.6200000000
98 148.9700000000
104 158.7500000000
111 175.4500000000
122 180.1300000000
147 197.9400000000
171 205.6700000000
195 210.8000000000
236 225.7400000000
240 233.0000000000
245 261.5700000000
316 262.8700000000
318 266.8300000000
330 277.0200000000
354 281.9200000000
370 287.7300000000
375 290.4900000000
382 295.5000000000
391 300.0900000000
411 301.5400000000
429 308.5100000000
468 313.5300000000
478 346.2000000000
559 350.1400000000
582 372.6800000000
621 383.1500000000
685 391.8200000000
789 395.4000000000
813 402.5100000000
856 422.9500000000
907 426.2800000000
914 430.5800000000
934 430.7100000000
967 535.9500000000
1769 537.1100000000
1795 549.7600000000
1973 555.3100000000
1986 563.5800000000
2047 567.5900000000
2062 573.9200000000
2097 574.4200000000
2184 583.7600000000
2372 585.8400000000
2467 625.3000000000
2483 628.2300000000
2572 631.7400000000
2575 636.4400000000
3068 644.0600000000
3175 644.2400000000
3178 646.6200000000
3185 648.2800000000
3423 651.1100000000
3459 659.2000000000
3504 664.1700000000
3557 664.7300000000
3657 667.0100000000
3742 668.1000000000
3913 724.8300000000
3926 724.8600000000
3933 742.2100000000
4064 750.0100000000
4118 777.2600000000
4539 796.5300000000
5267 801.9300000000
5377 802.3500000000
5412 802.6500000000
5488 810.4300000000
5625 828.3300000000
5969 831.7000000000
6042 838.7000000000
6172 841.8000000000
6261 855.5900000000
6537 856.2400000000
6742 869.2200000000
7228 876.8600000000
7382 881.8400000000
7446 887.5600000000
8197 896.8900000000
12616 897.5700000000
12768 898.6600000000
12783 903.2700000000
12810 905.5300000000
13561 907.7900000000
13717 908.0400000000
13769 912.6800000000
13835 913.2900000000
14044 915.0900000000
15490 915.1900000000
16482 917.0700000000
18933 919.7800000000
19206 1007.8300000000
19227 1011.7700000000
19279 1021.7200000000
19502 1027.4000000000
19734 1027.7200000000
19946 1028.4900000000
21488 1033.6600000000
22104 1047.3000000000
28791 1053.5700000000
30620 1061.6300000000
32118 1066.0900000000
32209 1066.8100000000
32243 1075.1900000000
32398 1079.9400000000
33033 1080.5400000000
33513 1081.6200000000
36267 1082.2300000000
36434 1096.5200000000
37161 1104.1800000000
37808 1104.6000000000
38412 1108.4500000000
41093 1113.6300000000
87936 1114.0700000000
89294 1114.6400000000
91781 1114.6600000000
100000 999.6500000000
evaluations raw_y
1 0.0000000000
2 7.9700000000
3 15.4500000000
7 23.0400000000
9 29.0100000000
13 43.6000000000
18 49.9500000000
42 74.9100000000
51 83.5700000000
54 98.4700000000
62 115.2500000000
79 121.8700000000
83 134.4800000000
91 134.5800000000
120 148.3400000000
133 153.5100000000
139 175.0500000000
196 199.0200000000
198 211.6200000000
203 214.8000000000
205 235.9000000000
206 238.9700000000
208 245.3100000000
226 250.9000000000
232 253.3000000000
234 273.5400000000
244 371.4900000000
248 386.1400000000
302 410.4100000000
307 426.7400000000
316 434.4100000000
324 450.6700000000
432 454.5400000000
643 454.9700000000
648 457.1300000000
652 468.0000000000
660 479.1600000000
662 480.2000000000
663 489.7100000000
665 505.4300000000
677 507.7000000000
717 514.7700000000
721 530.0600000000
745 542.9300000000
941 570.1500000000
1135 690.6800000000
1143 701.4900000000
1208 714.0400000000
1295 720.6500000000
1357 722.4000000000
1358 725.9600000000
1382 730.1100000000
1429 730.9300000000
1493 736.7700000000
1582 746.7900000000
1613 759.9700000000
1734 760.1500000000
1948 766.2700000000
1959 770.8300000000
1966 774.8800000000
2023 775.3900000000
2041 780.4800000000
2047 800.1900000000
2075 833.2900000000
3257 835.1600000000
3452 842.2300000000
3635 844.3500000000
3873 850.9900000000
4299 851.2000000000
4307 856.8900000000
4431 861.0300000000
4467 862.7500000000
4561 868.6200000000
4564 873.4800000000
4832 879.3200000000
4843 883.0100000000
4853 883.9900000000
4927 885.6800000000
4981 895.8600000000
5098 908.8500000000
5342 915.1000000000
6416 954.4100000000
6473 969.4700000000
7021 970.4400000000
7074 980.7400000000
7650 981.2600000000
7729 985.2900000000
7754 992.3500000000
7804 1006.5400000000
7967 1016.3300000000
8565 1018.9000000000
9808 1019.0500000000
10354 1022.3500000000
10866 1026.9200000000
14837 1030.1400000000
17134 1030.3300000000
19581 1033.2000000000
23392 1038.9700000000
23406 1045.3400000000
23423 1046.8600000000
23790 1049.2700000000
24277 1049.6600000000
24530 1057.3400000000
26758 1068.4200000000
57631 1069.2400000000
57893 1070.6900000000
57967 1071.5100000000
58240 1073.9200000000
58741 1083.9100000000
60293 1084.5000000000
60477 1090.2100000000
76324 1096.4100000000
81378 1099.6500000000
85756 1101.0600000000
86417 1101.4700000000
86873 1101.8400000000
87012 1101.8900000000
87126 1105.2900000000
89906 1114.4400000000
95704 1116.0900000000
100000 952.6800000000
evaluations raw_y
1 0.0000000000
2 8.5900000000
4 17.0800000000
6 43.0200000000
8 50.3900000000
12 61.9900000000
13 63.3200000000
15 71.2500000000
21 87.5300000000
23 94.6600000000
31 94.7800000000
43 94.7900000000
44 99.6700000000
48 99.9200000000
49 112.6600000000
63 136.6500000000
79 137.2200000000
110 143.2800000000
146 157.6400000000
182 161.4000000000
202 165.3000000000
211 171.5000000000
213 177.3300000000
215 178.6100000000
247 194.3700000000
261 222.2100000000
266 232.6200000000
268 246.4300000000
276 253.3500000000
282 264.4300000000
310 281.8400000000
327 308.2500000000
355 321.1600000000
464 323.6300000000
487 328.0500000000
490 330.3900000000
501 334.3000000000
538 334.8700000000
543 353.6900000000
565 370.0600000000
798 372.6600000000
830 378.4900000000
906 379.1700000000
1002 388.5500000000
1011 393.5700000000
1016 407.8800000000
1290 417.3600000000
1467 426.4800000000
1517 427.6200000000
1549 446.9000000000
1593 451.0700000000
1600 463.9900000000
1730 464.0400000000
1748 480.9300000000
1865 508.7900000000
2569 512.4200000000
2596 514.0700000000
2656 515.5200000000
2690 629.9600000000
2719 650.9000000000
2722 672.2600000000
2873 673.8700000000
2932 675.4800000000
2960 678.5400000000
3066 683.7400000000
3123 684.4600000000
3307 686.3800000000
3324 687.7900000000
3368 690.3000000000
3534 690.4700000000
3649 709.1800000000
7904 709.8500000000
8337 710.2400000000
8546 712.6600000000
8576 724.3700000000
9076 727.5500000000
9088 740.1700000000
12494 769.5900000000
12752 777.3400000000
12828 778.3800000000
12860 786.9100000000
12864 795.7600000000
12909 797.2700000000
13053 797.7800000000
13311 800.7900000000
13649 801.2200000000
13681 819.9100000000
14256 821.5100000000
14401 824.0200000000
18391 829.5800000000
18460 898.1700000000
18471 913.5400000000
18498 918.5400000000
18520 931.8000000000
19287 940.6900000000
28122 945.6400000000
28335 955.6300000000
32186 956.7900000000
32196 957.5200000000
32234 962.9300000000
32238 965.0700000000
32267 970.7300000000
32286 979.8500000000
32406 981.9100000000
32464 985.7400000000
32612 994.5000000000
32669 996.6400000000
32769 1005.7100000000
32885 1009.6200000000
33199 1026.6600000000
33462 1030.7300000000
34463 1031.3800000000
34930 1033.5000000000
36054 1037.5900000000
36478 1042.0900000000
40016 1048.2300000000
41010 1051.0400000000
42318 1056.7200000000
51715 1062.7700000000
52303 1064.0800000000
53751 1066.2700000000
53904 1066.9600000000
54157 1067.0400000000
55028 1067.9500000000
55346 1078.1800000000
55991 1078.4200000000
59814 1079.8700000000
59978 1082.6900000000
61738 1084.6700000000
66995 1086.0400000000
68555 1089.7600000000
70803 1091.4300000000
71264 1094.2300000000
76354 1095.4100000000
78556 1100.3900000000
79377 1103.2100000000
90374 1103.8600000000
92603 1108.7400000000
100000 829.6200000000
evaluations raw_y
1 0.0000000000
2 7.9400000000
3 11.9300000000
5 29.2900000000
6 48.0500000000
7 57.8100000000
9 61.9900000000
16 63.6700000000
18 66.2900000000
20 66.5400000000
22 75.7100000000
28 83.0000000000
36 93.5600000000
39 95.1000000000
41 98.0200000000
44 101.2700000000
53 119.8100000000
81 127.7500000000
84 159.5100000000
89 164.8900000000
109 166.3900000000
110 181.4200000000
133 198.4400000000
161 214.1000000000
162 219.1100000000
191 227.5300000000
242 229.4300000000
269 230.7200000000
270 243.8100000000
290 269.4700000000
356 272.3400000000
385 279.5900000000
392 283.1900000000
483 285.8600000000
506 287.2700000000
509 326.6100000000
517 336.6000000000
545 346.4500000000
640 356.5000000000
680 371.2400000000
1209 372.5100000000
1227 379.6700000000
1264 395.0100000000
1281 402.6300000000
1283 423.8000000000
1287 435.1500000000
1291 442.1800000000
1312 445.3800000000
1328 468.7700000000
1403 482.5900000000
1445 492.4800000000
1489 503.5800000000
1607 508.7200000000
1728 511.4300000000
1735 513.4100000000
1743 560.0200000000
2184 560.1900000000
2265 562.3700000000
2298 568.3100000000
2378 572.8900000000
2408 575.2800000000
2438 575.8600000000
2472 587.7200000000
2751 594.2000000000
2899 597.0800000000
3982 600.2700000000
3983 605.6700000000
3992 610.3100000000
4038 613.7100000000
4129 614.4700000000
4130 620.5200000000
4394 622.6300000000
4440 624.1000000000
4460 640.8800000000
4675 644.8300000000
4696 670.8500000000
4707 688.9700000000
4729 691.7300000000
4781 705.1100000000
5005 707.8600000000
5080 712.5600000000
5107 715.2100000000
5155 725.3500000000
5188 743.7200000000
5192 750.9600000000
6174 760.0000000000
6278 809.3000000000
6331 817.4400000000
6340 834.2200000000
6370 836.8500000000
6383 853.0600000000
6477 856.5100000000
6814 857.3300000000
7051 871.1700000000
12003 874.3800000000
12077 878.6800000000
12843 884.8100000000
13909 898.0700000000
13995 909.0300000000
14010 909.6100000000
14025 910.0900000000
14032 912.3100000000
14065 919.2500000000
14069 932.4100000000
14073 936.0500000000
14167 944.1800000000
14219 944.7700000000
14538 948.3500000000
14774 954.5800000000
14780 962.0500000000
14872 977.2800000000
15550 981.1400000000
17110 991.6800000000
19217 1002.3300000000
21196 1002.5300000000
21727 1008.6400000000
22009 1008.9800000000
22026 1009.1300000000
22263 1012.5900000000
22919 1019.1800000000
24072 1025.7300000000
24615 1027.7700000000
24914 1045.7600000000
38461 1051.1500000000
43575 1051.3300000000
43734 1052.2900000000
44029 1062.6800000000
45987 1066.5300000000
54045 1070.6000000000
54629 1073.4500000000
63801 1073.9800000000
73534 1080.3000000000
74267 1080.8600000000
74384 1081.7500000000
74582 1083.1600000000
74725 1087.3300000000
74827 1088.1800000000
74870 1090.2100000000
74952 1092.9600000000
75743 1099.4100000000
76187 1102.6700000000
91605 1103.7300000000
100000 -1.0000000000
evaluations raw_y
1 0.0000000000
2 20.2500000000
3 42.7800000000
6 48.5300000000
8 53.8400000000
12 65.6900000000
14 70.6500000000
19 83.7900000000
23 92.2800000000
26 93.8600000000
27 98.8100000000
30 99.2700000000
33 107.7900000000
46 107.8900000000
48 112.5100000000
49 124.6200000000
77 143.7700000000
86 162.7400000000
97 171.5700000000
108 180.6700000000
118 194.1100000000
143 200.3000000000
151 200.8300000000
172 218.9400000000
177 238.9000000000
193 252.1500000000
226 259.8700000000
431 263.6300000000
451 270.4900000000
507 276.6900000000
593 277.1400000000
603 289.1500000000
697 289.4300000000
707 318.2000000000
727 333.4300000000
741 338.8500000000
782 343.3500000000
799 358.3900000000
820 370.7500000000
830 417.5800000000
1470 475.0300000000
1500 477.4300000000
1542 480.5600000000
1589 502.7400000000
1718 508.5300000000
1766 521.9200000000
1776 522.4900000000
2567 522.9500000000
2644 544.8300000000
2766 564.9500000000
2792 566.2800000000
3049 616.0500000000
3058 631.7500000000
3110 639.9100000000
3193 643.4800000000
3213 649.3000000000
3220 659.4100000000
3238 668.7100000000
3306 673.8400000000
3397 682.5900000000
3445 693.2700000000
3468 696.0800000000
3499 698.3700000000
3584 706.8400000000
3718 710.5800000000
3785 716.3700000000
3811 732.2700000000
3939 747.1800000000
3999 749.4500000000
4083 754.9300000000
4087 761.9700000000
4209 775.9700000000
4545 788.6800000000
4751 796.2800000000
4786 813.0400000000
4812 813.9200000000
4856 819.0900000000
4875 825.9200000000
5363 830.9100000000
5758 837.4200000000
8418 841.7200000000
9038 842.3200000000
9827 844.1900000000
9856 845.9800000000
9997 852.6300000000
10011 862.8600000000
10311 866.3900000000
10411 868.7400000000
10754 874.7600000000
10813 875.0800000000
10969 878.7700000000
11647 881.9900000000
12073 889.2000000000
13556 890.9700000000
13615 897.2400000000
13847 901.5100000000
13989 913.1000000000
14007 914.2000000000
14012 917.0000000000
14151 923.8300000000
14189 935.5500000000
14356 938.2000000000
14434 946.4200000000
15037 969.0600000000
15076 981.5700000000
15110 982.3600000000
15227 984.9200000000
15247 986.3100000000
15255 1009.3600000000
15882 1010.8500000000
18508 1011.9800000000
18928 1012.5200000000
22296 1017.5800000000
23356 1017.6500000000
23770 1021.4300000000
24312 1021.9400000000
24886 1031.0600000000
36146 1032.4100000000
37378 1036.7500000000
37640 1037.4100000000
37654 1041.7500000000
37868 1045.7400000000
38008 1049.4200000000
38136 1055.0600000000
38397 1056.4800000000
39942 1058.2200000000
40426 1071.0000000000
40459 1083.3600000000
42105 1088.4200000000
53738 1095.0300000000
63368 1096.4100000000
75563 1101.4700000000
83516 1102.6800000000
100000 1000.2300000000
evaluations raw_y
1 0.0000000000
2 25.5400000000
6 32.8600000000
7 45.8100000000
9 46.0100000000
10 59.0500000000
12 61.7200000000
20 79.1500000000
22 99.2500000000
25 117.4100000000
26 137.5200000000
34 144.9800000000
37 163.9800000000
54 183.8400000000
130 193.1300000000
141 220.6400000000
143 257.8900000000
261 262.0800000000
310 272.7000000000
403 277.6600000000
431 288.0500000000
434 298.3300000000
451 312.2800000000
463 317.8200000000
515 322.9000000000
524 328.0800000000
603 333.3500000000
611 336.4000000000
615 340.4500000000
645 353.2000000000
681 366.3300000000
684 371.7700000000
688 389.3900000000
713 397.4200000000
1005 408.6800000000
1150 409.0700000000
1153 423.9900000000
1165 446.9700000000
1365 453.7300000000
1369 472.5500000000
1376 483.9700000000
1473 498.7800000000
1532 511.0500000000
1543 511.0800000000
1571 515.1000000000
1627 515.7000000000
1643 519.0000000000
1687 531.2900000000
1719 535.1300000000
1756 544.0400000000
1780 563.7500000000
1841 572.2200000000
1958 578.9000000000
2323 586.8500000000
2402 618.4400000000
2956 621.7400000000
3010 633.6400000000
3062 636.7500000000
3187 641.3300000000
3276 644.8600000000
3301 645.8400000000
3315 648.4400000000
3342 655.1200000000
3473 676.5000000000
3480 677.5000000000
3511 689.8900000000
3533 690.9400000000
3556 697.1200000000
3592 721.6500000000
3687 723.5500000000
3796 742.1200000000
4045 756.9400000000
4151 758.6800000000
4180 759.6300000000
4238 769.5700000000
4263 774.5500000000
4264 778.0900000000
4289 786.3600000000
4293 793.4000000000
4297 807.6000000000
4395 814.8800000000
4521 818.3800000000
4551 825.3000000000
4638 831.0100000000
5134 835.6100000000
5229 838.3200000000
5266 839.6500000000
5279 843.5000000000
5398 846.2100000000
5401 852.3400000000
5654 854.6100000000
5754 856.5700000000
6421 858.8400000000
6538 863.4300000000
6962 871.9500000000
7285 872.4900000000
8233 873.9000000000
8605 877.0200000000
9608 881.0100000000
12282 916.5900000000
12360 921.5000000000
12366 921.9900000000
12400 928.0800000000
12410 942.1500000000
12606 942.2100000000
12720 946.3500000000
12770 948.9600000000
12855 949.9700000000
12917 951.0400000000
13241 951.6800000000
13326 955.6800000000
13343 957.6700000000
13442 957.9600000000
13443 961.5300000000
13627 961.8100000000
13747 969.0800000000
13842 970.5700000000
13860 971.0600000000
13932 974.9300000000
14023 982.6900000000
14210 984.4500000000
15716 989.1600000000
15753 997.7400000000
15794 1000.2100000000
15845 1006.6000000000
15895 1007.6600000000
16263 1007.6800000000
16296 1014.7900000000
16494 1017.7500000000
16526 1024.8200000000
16667 1033.1600000000
16806 1042.9300000000
21006 1045.6000000000
21437 1046.3400000000
23405 1046.9500000000
24107 1047.9200000000
24700 1049.8200000000
24759 1051.7100000000
29343 1052.5300000000
29819 1055.2300000000
31413 1061.1000000000
56443 1066.2700000000
62734 1068.7200000000
100000 876.6300000000
evaluations raw_y
1 0.0000000000
2 20.1100000000
3 35.7000000000
7 38.3800000000
8 76.2500000000
22 80.7700000000
26 117.3200000000
43 140.2300000000
45 141.2500000000
54 144.9400000000
69 152.2300000000
82 169.7800000000
92 185.0400000000
93 190.5200000000
98 202.9600000000
107 240.1400000000
180 252.7800000000
189 263.3600000000
206 263.6800000000
220 265.7500000000
265 266.0000000000
291 266.9400000000
351 267.3600000000
399 293.0200000000
471 306.6700000000
477 319.7600000000
520 322.3500000000
548 341.6400000000
560 363.5700000000
563 379.6900000000
817 380.7300000000
822 395.2400000000
925 414.7800000000
1000 417.8900000000
1026 425.2100000000
1054 431.7200000000
1078 435.1300000000
1095 440.6300000000
1125 461.5700000000
1297 465.2800000000
1380 471.6100000000
1406 489.4300000000
1460 490.1500000000
1534 490.9600000000
1546 493.2700000000
1669 497.3400000000
1732 509.5500000000
1816 527.1700000000
1868 530.0200000000
1888 536.7800000000
1899 543.4600000000
1906 544.6800000000
2009 545.4200000000
2011 549.1400000000
2032 556.1600000000
2053 557.9800000000
2112 573.6900000000
2580 576.3800000000
2799 581.8500000000
2899 582.2900000000
2940 586.5400000000
2957 601.1700000000
2973 601.3800000000
3005 609.1500000000
3174 619.9300000000
3552 621.8400000000
4369 635.3900000000
4896 652.2500000000
5368 654.9900000000
5369 658.7100000000
5370 669.1900000000
5854 676.2700000000
5971 680.0000000000
6105 697.4000000000
6128 706.4800000000
6158 715.6900000000
6295 739.6500000000
6332 753.2200000000
6338 753.4300000000
6403 765.8000000000
6455 769.9600000000
6526 770.4300000000
6619 774.9800000000
6809 786.4900000000
6810 787.1200000000
7237 797.8200000000
7569 798.4200000000
7570 806.5300000000
7583 811.3600000000
7673 817.4300000000
7924 828.7100000000
7925 858.6500000000
13624 860.0000000000
13725 863.1800000000
13768 867.2200000000
13965 873.3900000000
14024 881.2500000000
14065 889.4900000000
14349 889.6400000000
14361 897.2600000000
14853 904.2600000000
16895 904.9500000000
17215 906.2500000000
17289 907.9600000000
17291 923.2000000000
17708 928.9700000000
17714 931.9000000000
18736 932.2100000000
18751 932.9400000000
18822 934.2500000000
18897 941.1000000000
19185 944.5700000000
19213 957.3400000000
19245 957.7200000000
19336 964.0000000000
19619 965.6000000000
19781 976.3500000000
19884 979.7200000000
20100 982.9100000000
20341 984.0100000000
20604 985.3400000000
21524 989.6800000000
22200 990.7900000000
22726 991.5500000000
22954 1007.5400000000
23006 1020.1300000000
23168 1023.6400000000
23321 1025.9300000000
23757 1034.6100000000
27771 1038.5100000000
29807 1045.2900000000
30594 1047.0300000000
30630 1054.5000000000
30703 1061.3900000000
31436 1063.5900000000
31825 1065.0700000000
32113 1066.8500000000
33356 1071.7800000000
38817 1072.7400000000
39375 1079.3700000000
42137 1082.8000000000
45462 1086.9200000000
73457 1096.7200000000
78740 1104.1400000000
78907 1106.3100000000
86838 1108.3000000000
91730 1116.0500000000
96526 1116.3600000000
100000 723.5400000000
evaluations raw_y
1 0.0000000000
2 13.2900000000
3 31.0200000000
7 40.9700000000
11 56.1900000000
15 63.9700000000
16 73.1800000000
19 76.3900000000
22 77.1500000000
40 78.5500000000
48 90.6600000000
50 100.5200000000
57 114.6300000000
63 120.7200000000
77 140.5200000000
133 171.3800000000
138 217.1100000000
157 217.1800000000
173 220.5800000000
177 242.1500000000
178 258.3600000000
185 272.2200000000
194 286.5900000000
217 303.3100000000
236 332.2400000000
362 345.2900000000
380 352.3000000000
409 375.3600000000
498 376.4500000000
502 406.0600000000
518 406.7400000000
646 414.2500000000
664 419.5600000000
666 425.6600000000
769 440.0300000000
1007 450.5900000000
1041 463.5600000000
1052 471.8600000000
1066 472.8200000000
1092 473.2100000000
1107 492.4800000000
1121 497.6800000000
1178 504.0900000000
1191 505.0600000000
1233 513.9700000000
1385 514.1500000000
1393 518.1900000000
1399 526.3800000000
1483 536.3700000000
1535 554.7600000000
1558 554.8600000000
1573 582.1700000000
1620 590.7800000000
1630 603.5900000000
1694 607.4300000000
1714 618.1400000000
1726 619.7400000000
1749 620.2300000000
1778 627.3200000000
1790 642.6300000000
1819 652.8900000000
1851 656.9900000000
1925 662.6000000000
2133 667.9600000000
2178 668.6000000000
2192 675.4200000000
2307 682.2900000000
2339 690.7700000000
2373 706.2800000000
2502 717.0600000000
2509 718.6100000000
2530 724.0800000000
2546 725.5400000000
2552 725.8000000000
2611 735.5400000000
2772 754.3400000000
3102 759.6100000000
4669 761.8400000000
4778 771.9000000000
4910 773.9300000000
4924 787.7400000000
5183 802.1700000000
5478 835.3900000000
5510 869.2400000000
6009 875.5100000000
6088 880.4900000000
6751 885.5300000000
6756 887.5100000000
7331 890.6700000000
7516 893.8900000000
7903 897.6100000000
7923 899.1900000000
8116 901.8300000000
8130 906.7700000000
10193 991.3400000000
10256 996.9400000000
10521 999.9600000000
10646 1011.2900000000
17956 1014.0500000000
21684 1017.7500000000
22356 1020.6800000000
24050 1021.6300000000
24646 1024.2800000000
24903 1029.0600000000
24973 1038.8300000000
24993 1046.5800000000
25202 1046.8700000000
25258 1048.0200000000
25264 1058.2300000000
29830 1063.1400000000
30290 1064.5200000000
31008 1066.6400000000
32084 1068.4200000000
32790 1082.3500000000
37613 1084.2500000000
39141 1085.6300000000
39203 1090.7800000000
39953 1094.6500000000
42300 1095.0300000000
47530 1101.4700000000
60288 1103.5200000000
71230 1103.8000000000
81642 1107.7200000000
100000 950.5600000000
evaluations raw_y
1 0.0000000000
2 11.5000000000
3 20.2700000000
4 49.5300000000
5 50.1400000000
9 54.6500000000
12 79.0000000000
25 79.1700000000
26 87.6800000000
32 91.2000000000
39 96.3800000000
40 105.8500000000
51 113.1400000000
70 120.1600000000
73 138.9600000000
81 151.6000000000
86 157.3000000000
101 174.6600000000
201 181.9000000000
217 185.1200000000
227 189.2600000000
231 205.6500000000
251 206.1600000000
252 212.7200000000
264 215.3900000000
265 232.6800000000
270 250.9600000000
280 251.0800000000
287 259.5700000000
324 285.9400000000
389 289.2700000000
492 290.3900000000
495 314.3500000000
496 325.5300000000
649 351.3600000000
761 387.7500000000
916 387.7600000000
940 405.7300000000
951 411.4500000000
953 431.8800000000
954 433.6700000000
965 440.5200000000
976 444.2100000000
994 461.9100000000
1007 465.6300000000
1032 471.6500000000
1065 485.5900000000
1101 502.1600000000
1106 502.9000000000
1172 528.0600000000
1237 544.3000000000
1284 550.3700000000
1311 551.1100000000
1340 555.0500000000
1363 574.7900000000
1394 577.4400000000
1404 583.8600000000
1405 593.0900000000
1468 612.1100000000
1657 613.1000000000
1848 620.4200000000
1867 622.4000000000
1888 626.4000000000
1902 640.1100000000
1979 647.2200000000
1998 659.5300000000
2140 664.6300000000
2162 675.0100000000
2255 682.6400000000
2278 683.4000000000
2280 689.1400000000
2379 702.5500000000
2431 724.7400000000
2495 742.5200000000
2611 754.7300000000
2722 761.5300000000
3077 765.3800000000
3240 766.0300000000
3401 768.8600000000
5187 771.5700000000
5189 783.9400000000
5421 813.1900000000
5434 837.2900000000
5461 860.0200000000
5465 862.6700000000
5469 871.4300000000
5591 874.1700000000
5615 884.9700000000
5629 885.3300000000
5646 903.9300000000
6025 904.3900000000
6077 908.8200000000
6106 911.6200000000
6168 911.9200000000
6181 913.3500000000
6185 933.0000000000
6298 934.1900000000
6738 946.4300000000
6957 948.7700000000
7015 954.4800000000
7089 956.1100000000
7142 963.4800000000
7149 973.1700000000
7831 975.3300000000
8095 979.3600000000
8365 984.0700000000
9242 985.7900000000
9314 989.9900000000
10237 998.5900000000
11333 1000.3000000000
12514 1004.4900000000
17631 1007.8900000000
19409 1009.2000000000
19713 1010.2000000000
20037 1016.5700000000
20425 1022.1400000000
20427 1032.8500000000
20489 1043.5300000000
20498 1050.2300000000
20562 1068.6100000000
21309 1079.9100000000
67250 1080.5900000000
100000 951.2600000000
evaluations raw_y
1 0.0000000000
2 16.4300000000
4 17.2300000000
5 18.1800000000
6 22.1600000000
12 46.7300000000
13 66.9500000000
15 76.6100000000
18 95.4800000000
26 97.6500000000
28 112.3900000000
29 114.9400000000
33 120.2400000000
34 146.4200000000
56 149.0800000000
93 154.6400000000
122 159.4800000000
123 161.1500000000
126 161.8400000000
133 165.2500000000
135 183.3000000000
165 185.7300000000
175 209.1700000000
211 214.1600000000
218 218.0800000000
219 225.6500000000
252 234.4400000000
257 245.8100000000
281 251.8400000000
289 262.0100000000
294 267.5500000000
313 279.9100000000
328 280.7700000000
333 282.6700000000
344 293.8200000000
372 303.9100000000
458 304.4300000000
477 310.8900000000
507 324.0900000000
578 350.7200000000
614 356.5400000000
982 359.3500000000
987 393.3900000000
1131 397.4700000000
1241 407.8900000000
1359 422.0800000000
1391 422.3500000000
1393 432.4300000000
1446 455.5000000000
1457 461.0800000000
1491 461.1200000000
1557 464.1000000000
1593 479.1100000000
1600 494.0800000000
1619 496.8000000000
1692 524.0200000000
2552 530.9200000000
2578 537.0100000000
2594 561.2200000000
2788 564.4900000000
2931 566.4600000000
3192 571.1400000000
3198 587.5700000000
3323 592.6000000000
3551 598.4600000000
3632 599.6700000000
3731 605.6900000000
3862 628.0600000000
3898 632.2100000000
4902 635.3300000000
4985 636.9000000000
5033 643.4400000000
5130 662.6700000000
5547 683.1000000000
6531 750.3200000000
6746 752.4700000000
7326 755.3700000000
8314 771.8400000000
8534 788.9200000000
9753 796.3500000000
10737 842.0500000000
10746 858.5700000000
11688 862.5000000000
12851 864.4300000000
14313 870.1000000000
15034 871.6800000000
15181 878.5400000000
16266 886.4800000000
19202 894.1700000000
19224 911.2100000000
19228 911.5000000000
19276 914.0800000000
19304 928.8100000000
19696 932.1800000000
20822 934.6700000000
21619 949.1400000000
21856 955.0600000000
21886 956.0500000000
21938 962.1500000000
22121 968.4600000000
22983 969.5500000000
23924 975.7500000000
24296 982.4100000000
24643 985.3400000000
25165 985.9900000000
25524 994.2700000000
30352 1014.6900000000
31474 1035.6200000000
35414 1038.0300000000
35586 1051.5700000000
36343 1052.2400000000
37199 1056.8300000000
57469 1060.4600000000
58078 1061.2300000000
58881 1068.5700000000
60838 1080.9700000000
60884 1081.3000000000
60932 1084.0400000000
61408 1084.1300000000
63659 1089.4700000000
67002 1090.7100000000
71392 1091.4500000000
78469 1093.4400000000
84971 1095.6800000000
86475 1096.4200000000
100000 962.7900000000
evaluations raw_y
1 0.0000000000
2 3.7400000000
3 10.2400000000
4 13.2400000000
7 19.6600000000
8 29.6200000000
9 49.6300000000
26 69.2700000000
35 73.5000000000
41 83.1400000000
45 246.5700000000
46 260.4400000000
49 261.9500000000
54 282.1900000000
58 284.8400000000
94 288.2000000000
100 289.3700000000
139 320.5100000000
178 325.7100000000
188 327.3100000000
205 330.6500000000
212 332.0100000000
218 334.0500000000
222 354.0200000000
248 376.3500000000
292 393.8400000000
302 396.6100000000
314 401.7800000000
319 410.9000000000
329 431.0400000000
494 437.4300000000
514 437.6800000000
577 443.4100000000
637 444.2600000000
682 447.6800000000
684 473.3800000000
801 544.7900000000
908 546.5100000000
912 548.6100000000
962 549.3100000000
965 556.5700000000
1004 559.1700000000
1021 562.0100000000
1035 563.3700000000
1055 564.3000000000
1056 573.5000000000
1061 576.3400000000
1073 590.5900000000
1080 591.3200000000
1133 599.3300000000
1226 607.6400000000
1257 613.3500000000
1272 622.9000000000
1321 633.3700000000
1330 640.8400000000
1337 657.4200000000
1475 662.3100000000
1490 672.3600000000
1606 673.6800000000
1633 677.8400000000
1658 678.0300000000
1695 689.4600000000
1703 696.1300000000
1722 697.5600000000
2088 758.6100000000
2095 759.1700000000
2172 762.3100000000
2241 766.6600000000
2251 779.5400000000
2309 782.1300000000
2337 782.9700000000
2369 791.4300000000
2391 799.2400000000
3503 813.9300000000
4333 814.1800000000
4378 818.3700000000
4515 828.7400000000
4553 830.4300000000
4661 830.7100000000
4797 831.5400000000
4916 834.4000000000
4966 834.8800000000
5017 842.5300000000
5076 844.0400000000
5260 848.9400000000
5273 848.9700000000
5333 849.7100000000
5362 861.9600000000
5471 866.0300000000
5487 869.0200000000
5507 871.2700000000
5518 881.7900000000
5609 887.0000000000
5633 891.6300000000
5637 898.4400000000
5997 900.9900000000
6267 903.2000000000
6280 911.1500000000
6855 912.3100000000
8995 916.8500000000
9744 920.6800000000
11935 922.8800000000
12322 935.6400000000
16618 938.4100000000
17243 942.3800000000
18016 944.2500000000
23727 946.7500000000
23824 947.7300000000
24039 966.0800000000
29483 968.4200000000
31099 970.9000000000
36679 973.4400000000
36810 982.5500000000
36840 988.0800000000
37326 988.8100000000
37532 992.3500000000
37578 992.4900000000
37584 1004.4100000000
37612 1010.6100000000
37986 1011.0100000000
38030 1012.7500000000
38176 1017.3600000000
38196 1021.0400000000
40523 1021.5400000000
41160 1026.0800000000
41190 1029.8600000000
41627 1030.6100000000
42098 1043.8400000000
53798 1049.1600000000
61577 1077.5100000000
82265 1077.5200000000
85954 1081.2000000000
88354 1082.2700000000
88653 1082.9100000000
88759 1094.7100000000
92396 1096.0800000000
96451 1096.8700000000
98360 1097.5000000000
98445 1102.6300000000
98534 1104.7000000000
98923 1106.2100000000
99225 1108.9900000000
99265 1109.1000000000
99331 1110.2200000000
99339 1116.6700000000
100000 806.1500000000
evaluations raw_y
1 0.0000000000
2 37.9200000000
4 56.0500000000
13 62.2800000000
15 73.8000000000
19 82.9800000000
21 100.8000000000
24 132.2800000000
42 176.1500000000
44 190.5800000000
50 205.8800000000
55 219.2200000000
60 227.2300000000
63 244.7100000000
84 248.4200000000
93 263.6700000000
99 270.8200000000
102 273.3000000000
111 303.0400000000
183 309.5700000000
206 315.8900000000
214 327.8300000000
235 348.1600000000
346 352.7700000000
377 353.0000000000
383 353.5400000000
467 355.5400000000
512 375.4500000000
587 388.7500000000
643 388.8000000000
695 402.6300000000
703 405.3500000000
708 510.8200000000
725 518.6400000000
753 533.1400000000
754 533.9900000000
763 539.7300000000
769 543.4100000000
776 551.4900000000
779 559.9500000000
892 570.5300000000
915 574.8700000000
975 583.1800000000
998 586.7900000000
1027 596.0500000000
1181 610.8900000000
1484 612.6400000000
1497 627.2800000000
1498 659.7200000000
1565 667.9200000000
1684 672.8500000000
1725 677.6600000000
1798 680.8200000000
1933 684.4500000000
2084 700.0200000000
2144 705.6000000000
2170 706.6200000000
3393 712.8100000000
3409 738.9600000000
3492 765.3900000000
6864 772.3200000000
6926 777.8200000000
6930 800.0700000000
9455 837.8600000000
9597 842.7400000000
9625 842.8600000000
9630 854.3900000000
9681 854.4000000000
10478 859.9300000000
10527 874.4100000000
10642 874.6400000000
10763 881.4700000000
10767 891.3400000000
10867 900.9700000000
11030 912.7100000000
11543 913.2500000000
11644 929.9200000000
16068 931.8200000000
16073 935.2400000000
16187 944.7000000000
16248 952.8000000000
16686 954.2600000000
16693 970.3300000000
17424 970.7300000000
20762 975.4600000000
21271 1023.5500000000
23067 1033.6500000000
23176 1033.8600000000
24765 1038.3700000000
24883 1043.2600000000
25503 1044.2100000000
27199 1045.1200000000
27704 1046.3600000000
28220 1047.5500000000
29559 1055.8700000000
30931 1061.4100000000
37374 1066.4200000000
38729 1068.1000000000
38866 1073.3300000000
38891 1099.5700000000
83751 1105.7400000000
96015 1108.0500000000
100000 955.5500000000
evaluations raw_y
1 0.0000000000
2 19.2100000000
3 56.7600000000
18 68.4700000000
22 68.8100000000
24 70.0200000000
25 81.2100000000
33 100.7000000000
37 122.3600000000
60 134.8800000000
66 166.8600000000
76 193.7100000000
82 193.7500000000
93 199.8600000000
95 208.7900000000
105 233.4100000000
121 243.7600000000
132 248.6100000000
157 252.9300000000
158 254.8300000000
209 261.2600000000
280 274.3200000000
306 279.5000000000
320 279.9700000000
337 299.1500000000
354 325.4600000000
367 327.9300000000
369 343.1800000000
370 344.9300000000
386 348.4200000000
445 368.5900000000
475 377.0000000000
493 395.0400000000
954 420.2900000000
1001 429.1800000000
1082 438.8700000000
1130 442.3600000000
1141 454.3900000000
1288 527.3500000000
1292 537.7700000000
1300 553.0200000000
1305 561.3400000000
1323 563.7800000000
1327 564.9000000000
1458 574.6700000000
1581 576.9100000000
1597 602.3400000000
1618 605.7200000000
1689 612.7700000000
1707 633.3600000000
1820 634.8700000000
1846 639.7700000000
1847 646.4600000000
1882 653.0400000000
1928 671.1700000000
1986 673.5700000000
2026 742.4000000000
2409 755.8900000000
2477 760.6600000000
2535 767.9600000000
2624 778.6300000000
2766 856.6900000000
2919 870.2100000000
2947 874.3900000000
2999 875.0500000000
3048 878.5100000000
3068 887.7900000000
4018 895.1700000000
10883 940.7200000000
11011 946.5200000000
11099 955.5700000000
11343 957.8900000000
11798 961.7800000000
12147 968.8100000000
12330 976.5000000000
13151 978.9000000000
13206 982.6100000000
13353 983.3100000000
14069 984.8800000000
14114 985.8000000000
14378 986.1300000000
14933 986.7000000000
15501 994.8200000000
17173 999.9200000000
17791 1001.2800000000
17876 1003.7200000000
17878 1007.5100000000
18238 1010.5200000000
20984 1014.6300000000
21001 1014.8900000000
21968 1028.7600000000
22011 1031.1400000000
22031 1034.6200000000
22487 1041.5100000000
23088 1043.5200000000
23844 1043.7200000000
29473 1045.0300000000
30730 1055.2300000000
30918 1069.4300000000
31659 1072.7800000000
35464 1077.1000000000
40247 1080.5200000000
55853 1088.2700000000
69653 1092.2200000000
70224 1094.7300000000
70236 1097.6800000000
75866 1105.4000000000
100000 998.3200000000
evaluations raw_y
1 0.0000000000
2 9.3300000000
3 21.8400000000
4 27.6600000000
5 51.8200000000
10 52.8700000000
11 73.4700000000
20 75.4600000000
25 177.8800000000
32 178.4700000000
34 184.4800000000
40 195.2200000000
43 228.0600000000
49 237.6000000000
58 245.0200000000
67 257.7100000000
91 283.1300000000
141 293.0300000000
166 300.8100000000
170 310.7500000000
181 312.7700000000
257 318.0200000000
262 322.9400000000
292 325.2200000000
342 327.8300000000
355 328.4300000000
368 348.3100000000
373 362.2300000000
392 374.3800000000
404 382.5000000000
428 403.6300000000
457 409.9600000000
515 431.5700000000
732 444.9000000000
736 464.7400000000
753 482.3000000000
850 486.4500000000
863 502.0700000000
867 503.0600000000
891 504.1600000000
897 516.2300000000
1192 519.6400000000
1204 536.6400000000
1256 539.9000000000
1388 552.3400000000
1398 564.0700000000
1484 565.8700000000
2900 573.8500000000
3193 583.4400000000
3207 586.1200000000
3237 587.2700000000
3249 607.6500000000
3250 663.1200000000
3270 684.1600000000
3586 691.2000000000
3811 696.0800000000
3815 713.3700000000
4065 717.4400000000
4076 725.4900000000
4082 734.5700000000
4109 742.4800000000
4136 743.7500000000
4183 745.3200000000
4187 754.6200000000
4747 757.0500000000
4839 763.3000000000
5043 771.1100000000
5201 811.8900000000
5350 815.7600000000
5448 818.2800000000
5502 821.7100000000
5537 844.4600000000
6594 845.7700000000
6722 849.8000000000
6803 857.2700000000
7550 862.3400000000
7640 881.1100000000
7762 883.3900000000
9197 887.6300000000
10089 887.9400000000
10092 897.6100000000
10285 898.7200000000
10354 908.2300000000
11779 909.0400000000
11782 912.9300000000
11804 922.6400000000
11822 922.9600000000
11840 924.8500000000
11917 936.1000000000
12045 940.5700000000
12098 942.8900000000
12140 951.2700000000
12639 951.2900000000
12671 975.4000000000
12750 977.0200000000
12791 979.1600000000
12904 982.4200000000
13256 984.0500000000
13338 991.2700000000
13465 998.0000000000
18516 1004.9100000000
18519 1012.6600000000
34954 1015.1600000000
35463 1021.7000000000
38179 1024.7100000000
38585 1026.9100000000
38685 1027.6800000000
38982 1029.6900000000
40995 1029.8200000000
41768 1033.1500000000
41838 1035.0000000000
43860 1039.8300000000
43867 1040.3300000000
43935 1044.9000000000
44058 1047.0500000000
44132 1049.6000000000
44233 1054.3100000000
44277 1057.9500000000
44432 1059.7600000000
45423 1066.1900000000
46073 1069.0200000000
51190 1074.1900000000
51369 1074.3000000000
51503 1076.8200000000
52140 1077.1800000000
52370 1079.3000000000
52489 1080.0500000000
53731 1084.3800000000
77927 1089.1000000000
77947 1096.1900000000
78013 1096.8900000000
78441 1097.1400000000
78750 1101.1000000000
78865 1101.9700000000
85755 1102.1300000000
94339 1103.7100000000
97680 1107.8500000000
100000 771.2300000000
evaluations raw_y
1 0.0000000000
2 30.9600000000
5 37.6500000000
7 43.4200000000
10 45.0900000000
13 46.2700000000
14 63.9600000000
16 68.3700000000
18 207.0400000000
19 219.2200000000
20 230.3000000000
28 268.4300000000
80 273.3700000000
91 295.1500000000
118 295.4700000000
119 317.5000000000
120 328.3900000000
128 339.8400000000
130 349.4600000000
133 360.1000000000
134 369.4100000000
145 376.8500000000
146 389.7300000000
171 430.6400000000
200 439.1500000000
210 547.5200000000
238 547.9100000000
242 558.6500000000
244 564.3700000000
256 574.0700000000
286 586.8500000000
315 591.6500000000
359 602.4400000000
887 628.6500000000
1128 630.0500000000
1144 633.8700000000
1159 643.0700000000
1207 652.3200000000
1284 655.1100000000
1358 656.0700000000
1398 658.5800000000
1429 662.1000000000
1484 668.8000000000
1521 671.3400000000
1535 677.1000000000
1538 680.7300000000
1689 686.0400000000
1809 689.7900000000
1826 691.5200000000
2173 707.7300000000
4086 714.1900000000
4105 715.7600000000
4119 732.4100000000
4265 738.1200000000
4503 747.2800000000
4518 755.0800000000
5007 760.7800000000
5038 761.4800000000
5094 765.1200000000
5122 777.4900000000
5232 793.0700000000
5264 797.2400000000
8251 800.6700000000
8364 806.4000000000
8442 808.9500000000
8472 809.0200000000
8528 824.1400000000
8642 829.8200000000
8954 838.6500000000
9185 843.1500000000
9223 855.9500000000
10791 861.8300000000
11221 862.9400000000
11451 866.3500000000
11493 866.7800000000
11627 869.2000000000
11693 872.9900000000
12263 879.2400000000
12288 891.2300000000
12612 899.1800000000
12724 902.9900000000
12728 906.1700000000
12905 908.9700000000
12922 909.6600000000
12948 914.1400000000
12956 927.4900000000
14174 932.0800000000
15975 936.1800000000
16616 942.8100000000
16860 980.2700000000
18168 984.5000000000
18287 985.3300000000
18478 985.6100000000
18482 986.1700000000
18497 1052.9000000000
18510 1064.8400000000
18738 1067.8700000000
18821 1070.8300000000
19224 1071.5400000000
22852 1074.1200000000
25395 1084.3800000000
26374 1086.7800000000
26566 1090.7600000000
27509 1094.5000000000
28324 1099.6100000000
28777 1100.8700000000
30079 1104.7900000000
36790 1107.3700000000
46407 1109.3800000000
54246 1110.2600000000
60205 1112.9200000000
72618 1114.9700000000
90901 1115.4900000000
92050 1117.8300000000
100000 912.2600000000
evaluations raw_y
1 0.0000000000
2 9.1600000000
3 21.4800000000
4 28.9300000000
8 42.9600000000
17 47.4500000000
18 70.3000000000
20 94.7600000000
24 95.0800000000
25 105.1100000000
26 105.8500000000
37 111.6400000000
39 122.7200000000
40 125.1300000000
46 125.9200000000
53 138.3500000000
64 149.2300000000
66 151.7100000000
70 158.3300000000
72 164.0100000000
80 169.1800000000
88 176.8900000000
90 179.3900000000
118 185.9700000000
123 189.9700000000
125 202.8100000000
147 204.4700000000
165 212.3300000000
193 218.4400000000
220 235.0000000000
238 237.9300000000
254 252.5100000000
259 262.5500000000
260 284.9100000000
309 289.6500000000
375 294.2800000000
377 316.7700000000
402 328.8500000000
419 337.6100000000
494 337.9700000000
502 339.0900000000
523 372.3800000000
677 382.1400000000
745 382.9600000000
767 398.3200000000
881 409.9100000000
912 420.1000000000
1088 439.2300000000
1441 440.7600000000
1460 440.8000000000
1467 459.7400000000
1615 471.6000000000
1901 490.8900000000
1926 524.2500000000
1951 534.2500000000
2081 535.3900000000
2164 536.3800000000
2191 537.9900000000
2206 538.6700000000
2297 539.3200000000
2305 545.7800000000
2372 553.2500000000
2423 584.1700000000
2482 588.9600000000
2546 590.8900000000
2581 592.3000000000
2613 602.6100000000
3052 604.2600000000
3100 605.0300000000
3125 607.6400000000
3199 611.8900000000
3207 620.6600000000
4139 626.2500000000
4161 629.0800000000
4188 633.6300000000
4190 633.9300000000
4220 645.3300000000
4242 649.9700000000
4249 651.0100000000
4293 655.9400000000
4306 661.8600000000
4330 668.4700000000
4334 676.5400000000
4356 677.5500000000
4372 693.0500000000
4383 716.0900000000
4430 726.6600000000
4432 731.1900000000
4595 821.3100000000
4688 828.0500000000
4692 848.9400000000
4905 851.1800000000
5335 948.0600000000
5378 953.6200000000
5468 958.1100000000
5500 967.3400000000
6037 974.8700000000
6794 976.3100000000
8102 981.1100000000
10226 981.8500000000
11286 989.0400000000
12191 994.7500000000
13223 997.4300000000
13392 997.4800000000
16429 998.6500000000
16488 999.5900000000
16754 1002.5100000000
16771 1008.3000000000
18845 1008.7200000000
19043 1011.8300000000
19811 1020.4700000000
23666 1021.9100000000
23713 1025.0200000000
23857 1028.6600000000
38185 1035.0500000000
44669 1035.4600000000
44808 1039.6800000000
44827 1045.6500000000
45037 1052.0500000000
45040 1054.1000000000
45350 1061.2900000000
46371 1064.5000000000
46937 1066.0200000000
50428 1071.9500000000
68158 1072.9300000000
100000 336.1500000000
evaluations raw_y
1 0.0000000000
2 16.9000000000
3 22.8200000000
4 56.8700000000
5 67.7800000000
6 69.1600000000
17 81.3100000000
24 99.9500000000
42 110.4500000000
54 180.6200000000
57 197.1800000000
76 208.2000000000
81 236.3900000000
83 242.6600000000
88 257.8500000000
109 282.6800000000
147 313.6300000000
153 332.7000000000
154 340.0200000000
157 353.1900000000
162 355.6800000000
166 359.3800000000
170 360.2500000000
188 368.9600000000
214 371.9700000000
229 385.5800000000
244 387.1400000000
253 405.4600000000
288 436.3500000000
314 446.1400000000
354 456.0200000000
362 474.0500000000
392 481.5100000000
425 495.0100000000
956 499.9700000000
973 500.7300000000
1064 502.4600000000
1080 506.3600000000
1085 508.1500000000
1111 510.9000000000
1159 511.7700000000
1167 511.8400000000
1193 515.9900000000
1195 540.4400000000
1200 560.4000000000
1252 562.5800000000
1271 575.9900000000
1273 577.1700000000
1297 577.9100000000
1313 605.3400000000
1316 611.5600000000
1370 613.4100000000
1373 616.3400000000
1374 626.5800000000
1403 631.5200000000
1421 657.9700000000
1521 662.1500000000
1716 666.4800000000
1808 667.3200000000
1882 671.5900000000
1934 680.5100000000
1941 681.9000000000
2021 694.9300000000
2807 700.1700000000
3387 701.4300000000
3456 702.5500000000
3525 710.5900000000
3675 721.2000000000
3685 740.4200000000
4313 742.4900000000
5818 743.0500000000
5946 745.4400000000
6094 746.2100000000
6119 751.2700000000
6193 770.4400000000
6241 770.9500000000
6242 773.7700000000
6271 778.2400000000
6911 790.4400000000
7466 841.9500000000
7588 864.1900000000
7886 871.7300000000
8203 873.9500000000
8865 874.1300000000
8867 877.7900000000
8871 893.6200000000
9376 897.2400000000
9390 903.0400000000
9784 911.1700000000
11797 913.5700000000
11924 985.4600000000
12009 985.5000000000
12020 993.0000000000
12024 996.8200000000
12120 997.1000000000
12231 999.9200000000
12477 1001.7100000000
12485 1003.1800000000
12494 1005.0300000000
12561 1016.8400000000
17619 1017.6700000000
26014 1018.6700000000
26242 1022.4300000000
26820 1037.8000000000
27178 1041.3400000000
27830 1042.5200000000
27843 1046.5100000000
27942 1051.9300000000
30051 1054.3900000000
30066 1055.8600000000
38972 1057.4700000000
42648 1061.2100000000
42665 1067.2700000000
42907 1067.3800000000
46721 1069.5600000000
48151 1074.7900000000
49577 1079.4500000000
50787 1090.9000000000
52578 1091.3100000000
52987 1093.1200000000
54090 1103.0700000000
86247 1104.9600000000
100000 667.3900000000
evaluations raw_y
1 0.0000000000
2 5.7300000000
3 9.1300000000
5 15.6100000000
11 19.3700000000
12 19.4000000000
14 22.0000000000
15 40.6900000000
16 89.6500000000
18 91.7900000000
21 92.1500000000
23 104.6300000000
24 117.6400000000
32 120.7700000000
35 139.2800000000
37 139.8000000000
46 139.9400000000
47 145.6800000000
49 148.2800000000
52 153.7600000000
54 165.4000000000
68 167.5500000000
84 180.4100000000
155 182.9200000000
167 200.8200000000
177 207.5100000000
195 212.0300000000
215 230.5000000000
222 255.9300000000
223 260.6500000000
266 278.8900000000
309 279.3100000000
322 280.0400000000
326 305.7000000000
342 309.6600000000
444 312.0200000000
451 331.5600000000
520 338.4700000000
525 344.3700000000
576 356.3100000000
580 369.4300000000
595 374.4900000000
958 392.8300000000
1000 404.8000000000
1029 405.3400000000
1033 430.9400000000
1062 438.7900000000
1074 442.0100000000
1120 449.9600000000
1122 451.8500000000
1133 454.0100000000
1146 480.5300000000
1149 487.5000000000
1220 492.5500000000
1226 502.3000000000
1234 503.9500000000
1239 512.2600000000
1245 516.5300000000
1270 517.6500000000
1272 526.9800000000
1275 535.4300000000
1384 537.0000000000
1456 541.2500000000
1474 544.3800000000
1480 550.9300000000
1499 552.4400000000
1536 559.4100000000
1635 571.7600000000
1763 571.9700000000
1832 573.0700000000
1971 573.3300000000
2224 583.9900000000
2247 595.3100000000
2336 598.1300000000
2545 645.7500000000
2562 655.2500000000
2567 659.7900000000
2603 661.5300000000
2620 663.4700000000
2640 664.7900000000
2657 677.6600000000
2665 678.6500000000
2674 703.4100000000
2722 711.4200000000
2769 717.4200000000
2889 727.3900000000
3193 728.3700000000
3507 742.6100000000
3549 754.6700000000
3703 765.8300000000
5136 768.4700000000
5152 773.0700000000
6019 775.1200000000
6402 783.0300000000
6410 798.0300000000
6497 823.3800000000
7365 836.7600000000
9077 840.7000000000
10078 853.8700000000
11496 856.0300000000
12336 870.6900000000
13817 872.4900000000
13891 873.1400000000
14008 876.8800000000
14091 877.9900000000
14098 882.3800000000
14182 883.5500000000
14302 895.1300000000
14670 901.2300000000
16252 914.3800000000
16314 916.5900000000
17067 917.8000000000
17347 921.2200000000
18257 925.2300000000
18728 926.2400000000
19238 928.5200000000
19724 960.4600000000
19751 984.6400000000
19800 990.4600000000
19816 1010.4300000000
19903 1011.6500000000
20615 1011.8800000000
20975 1016.4200000000
21371 1016.5000000000
21491 1040.0900000000
22535 1043.0200000000
22543 1043.5100000000
22853 1053.0900000000
24765 1055.0100000000
26657 1059.1300000000
29587 1059.6200000000
36271 1061.2000000000
49563 1066.2500000000
64582 1069.4500000000
80169 1086.0700000000
80875 1092.6900000000
84909 1101.7300000000
85465 1103.3000000000
86490 1111.4800000000
100000 167.2800000000
evaluations raw_y
1 0.0000000000
2 10.6300000000
3 10.8600000000
4 13.7500000000
5 16.5500000000
13 19.2900000000
15 34.9300000000
16 41.4600000000
24 60.0100000000
30 70.0000000000
31 93.1900000000
39 98.5900000000
40 116.3700000000
41 137.6800000000
43 154.2100000000
46 169.1200000000
49 172.5600000000
51 187.0300000000
56 201.0400000000
89 217.6300000000
101 258.5900000000
127 289.0300000000
174 294.5600000000
180 317.9500000000
237 320.3000000000
255 326.3600000000
267 374.2600000000
560 374.4400000000
831 388.2700000000
834 411.5200000000
1011 413.1600000000
1016 422.8000000000
1053 450.6000000000
1070 475.3400000000
1085 476.4800000000
1127 476.7700000000
1161 481.2400000000
1174 486.4000000000
1181 498.3600000000
1212 511.6700000000
1225 524.4700000000
1313 524.9800000000
1333 533.0700000000
1347 546.2400000000
1354 555.0400000000
1389 564.4400000000
1394 568.9900000000
1406 605.7900000000
1653 606.3900000000
1670 624.2600000000
1706 627.8900000000
1740 647.5400000000
1880 656.2100000000
1914 660.5400000000
1964 664.5600000000
1982 666.8700000000
1985 678.5200000000
2126 691.9800000000
2367 695.2800000000
2688 708.0200000000
3520 772.1000000000
3536 799.4000000000
3980 800.2900000000
4027 801.0300000000
4085 804.4000000000
4419 807.6200000000
4516 824.3500000000
4534 832.6300000000
4559 845.6200000000
4564 846.1500000000
4610 853.9300000000
8874 858.8100000000
9158 858.8600000000
9216 860.4300000000
9230 868.1600000000
9234 873.2600000000
9249 875.4300000000
9262 875.8600000000
9363 876.3700000000
9436 877.5700000000
11060 882.1700000000
11398 887.0800000000
12205 892.4700000000
13929 894.7300000000
13935 909.2400000000
13938 914.8900000000
13979 927.1200000000
15143 928.8400000000
15149 947.7300000000
15252 961.3500000000
20834 974.6100000000
20861 984.2000000000
20929 986.2700000000
21147 990.5600000000
21956 991.5200000000
22424 996.4400000000
26276 1001.0300000000
32271 1008.8400000000
41101 1008.8500000000
41259 1011.1200000000
41515 1021.4300000000
42063 1026.3700000000
42368 1037.7700000000
48560 1043.6000000000
48603 1049.3300000000
49798 1061.0000000000
51558 1062.5500000000
60450 1068.8800000000
62383 1082.2600000000
87865 1085.9700000000
88253 1087.6200000000
90264 1088.2400000000
90578 1092.8700000000
92914 1094.7400000000
100000 1068.7000000000
evaluations raw_y
1 0.0000000000
2 9.2400000000
3 13.1600000000
5 25.1400000000
7 25.8700000000
10 36.0600000000
12 59.6900000000
13 71.7200000000
19 75.2300000000
24 90.8700000000
28 113.8700000000
30 114.7100000000
35 136.9600000000
36 142.5900000000
38 160.2900000000
43 174.0200000000
53 193.4600000000
65 246.2500000000
224 246.4500000000
258 247.4800000000
302 261.0300000000
305 283.6400000000
333 288.2600000000
334 316.9100000000
371 319.9400000000
421 335.0000000000
469 339.5100000000
503 356.7700000000
593 358.4900000000
606 365.1800000000
607 376.0800000000
626 383.1100000000
658 387.8400000000
667 388.1500000000
670 389.0400000000
672 407.9500000000
701 413.6300000000
742 423.8100000000
763 427.4600000000
789 428.1800000000
790 429.5200000000
831 440.6500000000
838 446.6900000000
917 460.2600000000
924 469.2400000000
938 490.6900000000
1061 491.5000000000
1074 494.6000000000
1277 497.0700000000
1284 503.9200000000
1289 513.2400000000
1328 526.1300000000
1688 526.9100000000
1691 530.4200000000
1704 532.7600000000
1756 552.8700000000
1796 556.2000000000
1802 561.1500000000
1846 569.9300000000
1889 592.9600000000
2066 594.9900000000
2123 598.2900000000
2127 599.2400000000
2140 614.1700000000
2375 622.4600000000
2498 622.8400000000
2651 627.9800000000
2943 630.7500000000
2952 631.4500000000
2967 636.1800000000
3035 652.8600000000
3141 694.1100000000
3152 708.2500000000
3181 715.6900000000
3199 731.3500000000
3273 731.7700000000
3299 732.5600000000
3345 736.9400000000
3348 747.3400000000
4169 750.7000000000
4934 769.8400000000
5077 774.3200000000
5122 781.6500000000
5202 786.7100000000
5247 787.2500000000
5266 796.9200000000
5476 798.4200000000
5519 807.6200000000
5727 808.5300000000
5810 812.0100000000
7431 818.4900000000
7637 821.2600000000
7672 829.2600000000
7675 835.5100000000
7736 836.8000000000
7770 856.2700000000
8779 858.9000000000
8811 864.2400000000
9509 864.8000000000
9529 868.5100000000
9731 876.4300000000
9740 879.8400000000
9813 890.8300000000
9843 900.9400000000
11380 904.7100000000
11402 916.4800000000
11598 928.3400000000
11629 929.0100000000
12109 931.9300000000
14018 932.1200000000
14182 935.3300000000
14597 935.4000000000
15385 962.8800000000
17372 969.3200000000
19697 970.2700000000
19788 970.3600000000
19791 1001.3400000000
20117 1001.5200000000
20917 1001.7900000000
21727 1005.4500000000
24895 1013.0300000000
26296 1021.9400000000
27888 1065.0000000000
33204 1069.0800000000
34426 1072.6700000000
35919 1076.9400000000
36346 1079.5200000000
55168 1080.6500000000
58623 1086.5200000000
58660 1089.4700000000
58745 1091.1500000000
59011 1092.5900000000
59036 1103.1100000000
59481 1107.7200000000
80187 1110.5000000000
89189 1112.3400000000
99612 1115.7700000000
100000 1000.7600000000
evaluations raw_y
1 0.0000000000
2 20.8900000000
4 22.5300000000
6 27.9600000000
8 64.6100000000
20 76.4800000000
26 79.1300000000
27 82.3800000000
33 88.8200000000
35 100.2000000000
48 102.6400000000
49 108.7800000000
52 110.4400000000
56 122.9000000000
58 134.8100000000
67 141.6800000000
86 147.7600000000
94 154.0900000000
100 166.6900000000
107 185.7300000000
116 199.8400000000
121 210.1200000000
127 211.1100000000
170 235.3500000000
252 242.5200000000
262 251.4200000000
269 275.5800000000
283 284.0300000000
301 299.8200000000
320 327.5900000000
388 336.0700000000
465 351.6200000000
494 367.7600000000
564 373.5300000000
602 378.3100000000
643 395.9600000000
658 423.1800000000
717 429.1400000000
1098 450.6700000000
1495 452.8500000000
1497 458.1600000000
1500 481.8300000000
1523 483.8100000000
1528 509.6900000000
1778 519.7200000000
2065 520.6500000000
2208 522.6600000000
2287 526.2100000000
2405 533.1800000000
2411 551.9200000000
2420 556.0100000000
2464 559.1500000000
2476 564.9200000000
3093 569.3400000000
3120 581.6400000000
3166 582.9700000000
3530 593.7800000000
3586 599.2900000000
3638 605.6700000000
3715 613.1900000000
3735 630.9300000000
3776 639.0000000000
3779 660.2200000000
3822 668.5600000000
3883 689.4000000000
3954 690.4200000000
4025 692.6800000000
4098 708.2700000000
4386 723.6400000000
5359 739.6600000000
5408 767.8600000000
5433 779.0300000000
5449 793.8200000000
5471 798.9700000000
5668 807.7200000000
5690 812.3900000000
5929 812.5300000000
5941 821.4800000000
6637 832.9900000000
6850 837.3600000000
8047 838.8600000000
8142 844.3800000000
8344 847.9500000000
8391 849.4200000000
8418 857.5000000000
8425 860.1700000000
8545 866.8800000000
8937 867.2800000000
9080 876.3400000000
10564 879.0600000000
10825 895.9700000000
11104 897.2200000000
12190 899.0500000000
12198 899.2900000000
12364 900.6500000000
12369 907.6800000000
12455 911.5000000000
12490 914.8800000000
12509 921.5500000000
12535 930.8200000000
13440 940.8300000000
13791 991.8100000000
13819 993.1300000000
13823 994.1900000000
13988 1000.5500000000
14030 1004.3100000000
14165 1006.0900000000
14186 1008.4800000000
14621 1011.3300000000
14759 1015.1700000000
17063 1015.2900000000
17098 1025.8500000000
26027 1033.5000000000
29212 1041.1000000000
34327 1046.6800000000
34909 1050.0800000000
34957 1058.8900000000
35665 1059.9800000000
37284 1060.0900000000
38479 1060.9700000000
39405 1066.2400000000
40743 1068.8800000000
43474 1085.1300000000
46212 1089.2800000000
47139 1091.7000000000
67897 1093.7500000000
74239 1097.0300000000
100000 -1.0000000000
evaluations raw_y
1 0.0000000000
2 4.1000000000
4 10.8200000000
7 17.6100000000
9 28.7400000000
11 34.4000000000
12 37.9600000000
15 47.5300000000
17 47.8200000000
19 67.0100000000
21 115.9000000000
22 120.7100000000
39 136.7400000000
40 140.8900000000
42 142.4100000000
58 158.7000000000
68 175.6600000000
99 196.9400000000
139 213.2300000000
161 228.4100000000
173 242.7300000000
185 243.5900000000
209 244.6100000000
211 257.3800000000
283 259.3300000000
371 263.9500000000
372 264.9100000000
382 275.5400000000
414 277.2700000000
421 280.3900000000
428 302.4500000000
476 310.6500000000
488 316.7400000000
498 324.6500000000
508 330.5600000000
531 341.5000000000
541 346.8300000000
553 361.0400000000
586 362.2900000000
625 380.9900000000
627 398.1400000000
918 427.5200000000
1018 431.9400000000
1042 442.0200000000
1094 448.3700000000
1108 454.8900000000
1203 456.4600000000
1244 461.1100000000
1711 476.7200000000
1999 477.7100000000
2005 498.3700000000
2085 501.4500000000
2088 505.2200000000
2094 520.1500000000
2119 521.6800000000
2128 523.0900000000
2158 528.4300000000
2256 534.4400000000
2261 622.4700000000
2275 629.0000000000
2288 635.1600000000
2294 642.2400000000
2333 644.2600000000
2584 645.1500000000
2593 648.0600000000
2594 666.4800000000
2653 675.5400000000
2727 681.9700000000
2734 692.0300000000
3565 696.2200000000
4554 716.8200000000
8317 720.1800000000
8326 729.0900000000
8361 735.5100000000
8379 737.2600000000
8610 738.2600000000
8712 738.9700000000
8872 747.2100000000
8881 749.7500000000
9152 750.6800000000
9288 771.5500000000
9354 847.3700000000
9364 869.5700000000
9435 885.9100000000
10730 891.2300000000
10781 905.8300000000
10785 911.9200000000
10804 912.3500000000
12253 915.1900000000
12851 916.4500000000
12862 932.4700000000
13909 939.5500000000
14537 940.5100000000
14954 951.6100000000
14990 958.9200000000
15052 960.7500000000
15069 964.1800000000
15100 975.4200000000
18306 997.4600000000
18405 1008.0200000000
18453 1022.6900000000
18454 1025.0900000000
18731 1029.6700000000
18765 1030.0000000000
18933 1042.3000000000
18978 1044.1500000000
18984 1060.6400000000
19268 1068.3900000000
19389 1071.0700000000
20043 1077.0800000000
30410 1081.4300000000
30682 1082.5300000000
30698 1090.3900000000
32004 1090.5200000000
32258 1092.1000000000
33174 1093.3400000000
33830 1095.3200000000
33892 1096.0100000000
33981 1096.7200000000
37842 1099.3400000000
37986 1102.8600000000
38764 1112.9600000000
46976 1113.5100000000
49791 1113.6500000000
98375 1115.5800000000
100000 941.4500000000
evaluations raw_y
1 0.0000000000
2 7.0800000000
5 9.9000000000
6 13.7600000000
7 17.9400000000
9 21.6400000000
10 26.9400000000
12 39.8300000000
15 42.2900000000
16 69.7100000000
24 71.7400000000
28 81.2100000000
45 94.0600000000
48 106.1100000000
62 115.7000000000
65 136.8900000000
72 144.3100000000
87 146.8700000000
88 163.6300000000
91 164.5600000000
109 164.7200000000
128 172.8200000000
149 185.7200000000
188 195.4800000000
198 203.0600000000
209 222.9200000000
224 225.2000000000
240 233.9500000000
242 248.4600000000
362 256.2600000000
382 260.3000000000
397 289.0100000000
446 297.6300000000
479 320.6500000000
505 350.9500000000
529 360.9500000000
657 360.9600000000
668 363.9800000000
672 377.9600000000
699 378.3900000000
713 386.1800000000
721 390.6600000000
747 399.4900000000
755 414.9600000000
781 436.7900000000
794 460.3200000000
885 465.0000000000
897 470.9000000000
911 485.6200000000
916 495.3200000000
935 511.2700000000
938 521.1500000000
1012 527.8100000000
1032 558.8700000000
1273 567.8400000000
1281 567.9500000000
1626 579.0900000000
1723 580.4800000000
1841 583.4900000000
1847 583.6700000000
1903 587.1700000000
2032 592.9700000000
2089 602.3400000000
2120 604.7000000000
2137 615.7300000000
2168 626.2700000000
2180 628.8700000000
2240 630.8600000000
2247 633.8200000000
2265 635.0100000000
2312 653.1300000000
2408 662.0200000000
2591 663.3400000000
2641 665.9500000000
2649 669.1200000000
2760 676.4000000000
2972 679.1300000000
3425 750.7000000000
3434 772.4700000000
3747 778.1100000000
3768 785.6400000000
4011 792.7500000000
4017 794.2600000000
4033 798.2600000000
4093 799.4700000000
4144 811.6100000000
4149 820.6500000000
4571 825.4800000000
4577 832.9000000000
4588 837.9000000000
5050 840.3800000000
5069 848.2400000000
5346 865.4400000000
5430 875.4200000000
5915 887.4100000000
5940 891.4100000000
6349 902.0800000000
6480 908.5900000000
6549 914.0800000000
6570 919.0200000000
6607 921.5500000000
6627 936.1200000000
6824 940.8200000000
6963 958.0000000000
8121 959.1100000000
9551 960.6600000000
9857 961.4200000000
9876 961.7800000000
9901 963.4800000000
10019 965.6700000000
10164 970.6000000000
10172 973.5100000000
11287 983.0400000000
11782 989.8000000000
15662 996.0700000000
19753 998.9500000000
23938 1008.9900000000
26226 1009.2200000000
26427 1010.8800000000
26532 1010.9600000000
26540 1022.3600000000
26942 1022.8500000000
27625 1026.3300000000
27675 1029.8200000000
28041 1040.9600000000
28728 1041.7800000000
34377 1055.7200000000
36573 1055.8100000000
37276 1064.0200000000
42446 1068.8000000000
47520 1070.9700000000
47568 1074.6900000000
48047 1083.3600000000
48562 1085.3600000000
48647 1087.3500000000
48776 1087.9500000000
49239 1087.9900000000
49639 1089.8100000000
50280 1096.6700000000
51196 1096.7300000000
52009 1100.7100000000
52076 1101.0200000000
66423 1102.8000000000
75003 1106.7000000000
97097 1106.7700000000
100000 1006.6800000000
evaluations raw_y
1 0.0000000000
2 2.8300000000
3 13.3900000000
4 28.5300000000
5 31.6600000000
10 59.8400000000
13 72.9400000000
15 77.2500000000
16 105.1800000000
32 116.1000000000
39 121.9600000000
44 147.2900000000
55 161.2600000000
56 389.2500000000
73 406.5100000000
89 419.4400000000
158 438.2700000000
174 438.4000000000
188 441.5400000000
225 460.0900000000
239 464.4500000000
249 470.7300000000
313 474.6100000000
332 475.6800000000
406 505.1100000000
543 509.5100000000
591 517.6800000000
811 518.0600000000
874 521.4500000000
890 527.5800000000
894 547.8300000000
937 552.2900000000
941 561.9800000000
974 562.2800000000
982 562.5000000000
993 572.3900000000
1020 572.6700000000
1044 578.9400000000
1045 580.3600000000
1675 591.5600000000
1733 597.8400000000
1734 605.6900000000
1761 607.1700000000
1883 729.4700000000
1889 745.8700000000
2136 761.1500000000
2272 762.0900000000
4112 772.0400000000
7317 850.6300000000
7426 857.4100000000
7465 858.3000000000
7471 864.6200000000
7524 873.2000000000
7667 875.2000000000
7845 885.7600000000
9776 904.4100000000
9788 906.8300000000
9926 908.0300000000
10030 916.1200000000
10323 930.2200000000
13304 933.7100000000
13434 934.7500000000
13455 935.2000000000
13461 938.0500000000
13534 941.3800000000
14530 943.1400000000
14705 947.5200000000
14787 955.9000000000
14846 964.2800000000
15355 969.9000000000
15504 970.6900000000
15635 986.5700000000
15887 996.7500000000
16611 999.4300000000
21710 1000.9000000000
24221 1002.8700000000
24225 1006.5800000000
24313 1014.8200000000
24398 1026.2300000000
26527 1029.3200000000
26774 1033.5200000000
33453 1036.8500000000
36600 1042.0300000000
36636 1045.7300000000
38058 1053.1000000000
38726 1069.6300000000
43264 1074.6000000000
43831 1078.7800000000
46816 1079.2900000000
47403 1082.8000000000
51266 1083.8700000000
59938 1087.8900000000
60192 1097.8200000000
71415 1099.6800000000
72072 1102.0600000000
100000 1033.9200000000
evaluations raw_y
1 0.0000000000
2 5.1900000000
4 15.2600000000
6 41.8500000000
12 57.9000000000
21 60.2000000000
27 63.7900000000
29 70.6000000000
39 74.0400000000
42 104.3300000000
48 119.8000000000
78 126.9300000000
157 129.4200000000
161 129.5800000000
167 135.7800000000
169 142.6000000000
172 180.1600000000
191 182.2000000000
214 185.5100000000
222 203.3700000000
224 208.7000000000
226 228.9400000000
319 233.4500000000
338 253.5700000000
354 273.1200000000
357 280.1000000000
362 286.9100000000
366 301.6500000000
420 308.1900000000
446 312.0900000000
455 316.8100000000
518 317.4300000000
528 338.5300000000
596 350.2300000000
627 358.1300000000
774 358.6600000000
801 366.3200000000
848 367.7500000000
869 378.7500000000
872 379.7900000000
881 382.7700000000
908 391.4200000000
916 399.4900000000
929 402.9100000000
951 425.6100000000
1009 428.4100000000
1064 445.6000000000
1099 453.6400000000
1122 456.0400000000
1308 458.2300000000
1325 465.0600000000
1420 477.1000000000
1527 477.3700000000
1528 482.1200000000
1587 482.5100000000
1588 494.7100000000
1635 500.0500000000
1673 502.0200000000
1739 505.3700000000
1746 531.6200000000
1880 537.7000000000
1890 556.8000000000
1907 563.1300000000
1925 572.1500000000
1949 586.9000000000
1970 591.6800000000
1982 603.6500000000
1993 606.6100000000
2046 606.8400000000
2113 607.1800000000
2590 607.2400000000
2604 609.9600000000
2615 611.7100000000
2706 627.9100000000
2821 629.7800000000
2930 630.3600000000
2946 641.6500000000
3020 643.9700000000
3044 644.0000000000
3049 644.3800000000
3170 650.5500000000
3258 661.4200000000
3286 675.4400000000
3558 684.1400000000
3587 684.6900000000
3881 696.0600000000
3890 705.3100000000
3939 717.1800000000
4066 721.8500000000
4067 723.6800000000
4094 737.8000000000
4101 742.4100000000
4116 752.7600000000
4167 753.5600000000
4730 758.3000000000
5261 761.2100000000
5362 763.3600000000
5468 763.8600000000
5566 823.6000000000
5610 840.6500000000
5646 869.0800000000
5966 869.5600000000
6655 878.0800000000
6721 897.6300000000
6766 909.1400000000
9900 909.5600000000
10010 910.1300000000
10022 911.6600000000
10063 931.1500000000
10068 960.8400000000
12811 961.5400000000
12816 999.8300000000
12845 1015.9800000000
12948 1018.9700000000
13021 1028.7000000000
13187 1029.3800000000
13528 1031.4500000000
13893 1031.8200000000
14479 1035.7000000000
15345 1038.7800000000
28479 1045.7300000000
29091 1048.9200000000
29208 1057.2500000000
29858 1060.5100000000
40553 1061.1000000000
42768 1062.6300000000
47043 1072.5400000000
49644 1076.0000000000
69654 1079.1400000000
100000 982.8300000000
evaluations raw_y
1 0.0000000000
2 8.5100000000
3 14.6400000000
6 23.0800000000
7 26.0600000000
9 42.6000000000
34 54.2400000000
38 58.2300000000
44 85.7600000000
45 94.8300000000
47 106.1600000000
50 128.2700000000
84 137.8800000000
88 157.3600000000
99 163.8400000000
100 164.0500000000
104 167.5200000000
124 186.3200000000
130 208.7700000000
141 217.6500000000
158 221.9100000000
167 225.7600000000
200 231.9900000000
206 232.6200000000
207 238.2100000000
213 253.5500000000
253 273.5000000000
277 276.8100000000
293 282.1500000000
305 303.1300000000
337 308.8400000000
342 315.1100000000
349 327.2300000000
359 335.4700000000
375 342.3500000000
429 349.6500000000
451 358.8600000000
488 365.9500000000
497 373.9900000000
510 395.5600000000
627 397.6100000000
757 405.8600000000
801 412.7100000000
806 420.6200000000
1450 470.7100000000
1546 473.8700000000
1623 475.5700000000
1631 478.3600000000
1658 494.3000000000
1679 510.7200000000
1710 512.0300000000
1739 520.9200000000
1819 525.5000000000
1843 527.5900000000
1845 533.2000000000
1896 537.2600000000
1988 548.9500000000
2059 551.4400000000
2439 552.2500000000
3025 557.3600000000
3164 658.7400000000
3220 677.4700000000
3308 691.2700000000
3483 692.1900000000
3578 713.8000000000
4524 715.0400000000
4937 717.3700000000
5438 718.9100000000
5871 722.3800000000
6003 726.7600000000
6317 729.0100000000
6813 731.6900000000
7921 764.3600000000
7923 770.8600000000
7975 798.3300000000
8090 799.5000000000
8098 801.8600000000
8131 803.7600000000
8160 823.8100000000
8259 831.6400000000
8645 841.1300000000
8788 843.2500000000
8990 853.7200000000
9304 857.0100000000
10675 861.5300000000
11212 862.1400000000
11251 865.7300000000
11362 877.8900000000
11377 885.4300000000
11622 897.4100000000
11733 910.4100000000
13929 914.0300000000
14364 916.6800000000
14764 927.0600000000
15026 934.9500000000
16522 935.9000000000
16807 948.9600000000
16852 963.6900000000
18410 966.1400000000
18471 971.0700000000
19221 971.6100000000
19966 971.7000000000
20177 976.3900000000
20475 987.9200000000
20676 990.1700000000
20737 998.4300000000
22787 1001.4800000000
22882 1010.9600000000
23505 1016.7800000000
24733 1025.9600000000
25724 1028.6600000000
25863 1030.2200000000
26109 1031.4100000000
26273 1037.6700000000
26640 1039.1300000000
28076 1039.4600000000
43166 1042.1300000000
43952 1042.8400000000
47997 1052.2100000000
48015 1053.6200000000
48240 1055.4600000000
48333 1059.5500000000
48347 1060.7600000000
48645 1063.3300000000
48935 1063.8900000000
49889 1067.7800000000
51343 1069.4800000000
57964 1074.2200000000
69675 1075.3800000000
70121 1076.1000000000
70123 1077.5600000000
70170 1090.3800000000
90733 1093.2200000000
93780 1094.2500000000
100000 31.8100000000
evaluations raw_y
1 0.0000000000
2 3.4400000000
3 7.7100000000
4 24.6600000000
6 35.6200000000
8 38.2800000000
15 44.0900000000
17 46.7800000000
20 65.6000000000
30 82.0800000000
38 86.7800000000
39 94.5600000000
41 109.8800000000
42 114.8900000000
47 122.0900000000
52 129.3800000000
64 143.9200000000
69 157.1300000000
81 160.3300000000
87 164.7700000000
99 165.9300000000
106 175.8600000000
111 193.9800000000
115 197.3300000000
122 197.5200000000
191 207.3500000000
198 208.6600000000
213 210.9600000000
217 216.8400000000
229 225.1800000000
240 230.4900000000
241 240.1100000000
265 246.5400000000
273 246.6300000000
308 263.3400000000
387 279.5700000000
429 281.0000000000
443 287.9800000000
480 298.6000000000
521 302.9700000000
523 335.8300000000
547 340.0900000000
550 342.1300000000
556 343.7100000000
567 351.9500000000
601 365.2500000000
604 372.9400000000
640 393.1000000000
664 449.5900000000
795 451.5100000000
803 469.0100000000
804 475.2800000000
805 482.7800000000
909 484.1700000000
925 484.2500000000
940 500.6100000000
1149 508.0400000000
1208 510.6900000000
1233 511.8400000000
1348 514.6800000000
1635 521.0200000000
1837 532.5400000000
1944 539.0100000000
1996 546.5000000000
2180 553.3900000000
2229 560.6000000000
2415 560.8400000000
2445 561.4600000000
2705 569.0300000000
2777 573.2000000000
2988 574.0500000000
3601 574.1400000000
3692 579.7100000000
3750 581.4000000000
3778 588.1400000000
3790 603.6600000000
4055 610.5000000000
4152 615.0400000000
4167 619.2400000000
4827 631.8300000000
4959 640.4300000000
4979 646.3300000000
5024 651.2300000000
5246 664.8600000000
5521 672.6600000000
5705 675.7700000000
6910 682.3200000000
6962 682.7200000000
6977 688.2000000000
7008 689.5600000000
7033 700.8500000000
7045 705.4100000000
7089 708.5800000000
7240 711.0600000000
7264 719.0100000000
7333 720.5200000000
7410 730.2300000000
7437 730.4600000000
7532 739.6600000000
7873 743.4500000000
8635 749.1800000000
10920 756.5900000000
10932 759.2200000000
11192 772.0500000000
13008 774.4300000000
13042 780.3500000000
13242 788.9000000000
13666 796.1400000000
13770 806.7100000000
16220 808.6000000000
16227 808.8700000000
16258 811.6700000000
16286 814.9900000000
16399 827.0600000000
16458 837.0200000000
16683 843.0700000000
16724 854.9600000000
16801 870.1600000000
17087 870.9900000000
17289 874.8800000000
17819 876.8000000000
17845 879.2500000000
18308 883.0600000000
18393 883.9800000000
18477 893.9400000000
18738 894.6500000000
19209 896.4500000000
20325 900.9300000000
21417 907.2700000000
25371 915.0000000000
25378 924.6300000000
25528 925.5000000000
25542 937.0000000000
25557 941.6500000000
25599 950.5600000000
25796 952.2600000000
25867 953.9300000000
25872 954.8100000000
25912 955.7700000000
26028 973.7800000000
27168 974.8000000000
28004 983.1400000000
31605 1000.2800000000
31614 1005.5600000000
31725 1008.7100000000
32320 1014.0700000000
33212 1022.2700000000
33372 1023.4700000000
33834 1025.4900000000
50237 1029.5600000000
51205 1029.6700000000
51650 1030.3200000000
52072 1037.9100000000
52424 1047.0900000000
57309 1050.5300000000
57357 1056.7400000000
57425 1060.1300000000
57669 1065.7500000000
57765 1069.8500000000
57778 1078.9500000000
57913 1080.0700000000
58207 1082.2800000000
59180 1097.6500000000
59506 1099.8900000000
59628 1103.5800000000
60422 1108.3400000000
61993 1112.9400000000
96486 1128.3400000000
100000 990.6200000000