evaluations raw_y
1 -208.0000000000
3 -206.0000000000
20 -203.0000000000
29 -192.0000000000
46 -187.0000000000
89 -183.0000000000
105 -178.0000000000
121 -176.0000000000
125 -172.0000000000
148 -170.0000000000
152 -169.0000000000
181 -167.0000000000
186 -164.0000000000
220 -163.0000000000
223 -160.0000000000
228 -159.0000000000
231 -153.0000000000
265 -152.0000000000
294 -149.0000000000
317 -143.0000000000
349 -141.0000000000
352 -140.0000000000
360 -138.0000000000
376 -136.0000000000
385 -135.0000000000
423 -133.0000000000
428 -122.0000000000
482 -121.0000000000
518 -120.0000000000
544 -118.0000000000
545 -116.0000000000
596 -115.0000000000
628 -113.0000000000
631 -111.0000000000
662 -109.0000000000
703 -107.0000000000
731 -106.0000000000
741 -105.0000000000
746 -104.0000000000
784 -102.0000000000
823 -101.0000000000
835 -100.0000000000
848 -99.0000000000
871 -96.0000000000
908 -95.0000000000
943 -94.0000000000
957 -92.0000000000
1000 -90.0000000000
1031 -87.0000000000
1099 -86.0000000000
1110 -85.0000000000
1140 -84.0000000000
1145 -83.0000000000
1180 -82.0000000000
1222 -81.0000000000
1261 -77.0000000000
1314 -76.0000000000
1355 -75.0000000000
1413 -73.0000000000
1435 -72.0000000000
1464 -71.0000000000
1500 -70.0000000000
1508 -69.0000000000
1557 -68.0000000000
1585 -67.0000000000
1597 -66.0000000000
1626 -65.0000000000
1649 -64.0000000000
1680 -62.0000000000
1702 -61.0000000000
1761 -59.0000000000
1779 -58.0000000000
1792 -57.0000000000
1839 -55.0000000000
1906 -53.0000000000
1946 -51.0000000000
2002 -50.0000000000
2063 -49.0000000000
2105 -48.0000000000
2127 -47.0000000000
2133 -46.0000000000
2188 -45.0000000000
2194 -44.0000000000
2250 -43.0000000000
2267 -42.0000000000
2310 -41.0000000000
2349 -40.0000000000
2427 -39.0000000000
2438 -38.0000000000
2463 -37.0000000000
2504 -36.0000000000
2530 -35.0000000000
2578 -34.0000000000
2589 -31.0000000000
2640 -30.0000000000
2676 -29.0000000000
2711 -28.0000000000
2743 -27.0000000000
2781 -26.0000000000
2836 -25.0000000000
2907 -23.0000000000
2990 -22.0000000000
2999 -21.0000000000
3026 -20.0000000000
3116 -19.0000000000
3156 -18.0000000000
3189 -16.0000000000
3307 -15.0000000000
3343 -14.0000000000
3427 -13.0000000000
3481 -12.0000000000
3591 -11.0000000000
3648 -10.0000000000
3708 -9.0000000000
3740 -8.0000000000
3845 -7.0000000000
3914 -6.0000000000
3971 -5.0000000000
3989 -4.0000000000
4071 -3.0000000000
4112 -2.0000000000
4147 -1.0000000000
4289 389.0000000000
4382 397.0000000000
4428 399.0000000000
4434 404.0000000000
4561 407.0000000000
4630 411.0000000000
4679 412.0000000000
5096 414.0000000000
9024 417.0000000000
10020 -1.0000000000
evaluations raw_y
1 -214.0000000000
2 -210.0000000000
5 -195.0000000000
7 -194.0000000000
26 -189.0000000000
49 -186.0000000000
71 -184.0000000000
73 -179.0000000000
101 -178.0000000000
108 -177.0000000000
118 -173.0000000000
130 -167.0000000000
151 -166.0000000000
156 -162.0000000000
186 -160.0000000000
213 -159.0000000000
220 -158.0000000000
222 -157.0000000000
235 -154.0000000000
239 -153.0000000000
241 -145.0000000000
272 -144.0000000000
292 -142.0000000000
305 -141.0000000000
309 -140.0000000000
312 -139.0000000000
332 -138.0000000000
350 -137.0000000000
358 -136.0000000000
368 -135.0000000000
382 -128.0000000000
425 -123.0000000000
432 -120.0000000000
461 -118.0000000000
502 -116.0000000000
503 -115.0000000000
524 -113.0000000000
560 -111.0000000000
577 -109.0000000000
591 -108.0000000000
622 -106.0000000000
623 -105.0000000000
679 -102.0000000000
716 -100.0000000000
767 -99.0000000000
786 -98.0000000000
824 -97.0000000000
832 -96.0000000000
877 -95.0000000000
904 -92.0000000000
978 -91.0000000000
983 -90.0000000000
1001 -89.0000000000
1003 -88.0000000000
1069 -87.0000000000
1092 -85.0000000000
1103 -83.0000000000
1143 -82.0000000000
1157 -80.0000000000
1183 -79.0000000000
1202 -78.0000000000
1236 -77.0000000000
1273 -76.0000000000
1307 -75.0000000000
1346 -72.0000000000
1359 -71.0000000000
1390 -70.0000000000
1456 -69.0000000000
1473 -68.0000000000
1478 -66.0000000000
1517 -65.0000000000
1528 -63.0000000000
1559 -62.0000000000
1582 -61.0000000000
1603 -60.0000000000
1659 -59.0000000000
1662 -58.0000000000
1676 -57.0000000000
1741 -56.0000000000
1779 -55.0000000000
1789 -54.0000000000
1828 -52.0000000000
1862 -51.0000000000
1898 -49.0000000000
1910 -46.0000000000
1981 -45.0000000000
2006 -43.0000000000
2032 -42.0000000000
2101 -40.0000000000
2141 -39.0000000000
2186 -38.0000000000
2218 -37.0000000000
2227 -35.0000000000
2268 -34.0000000000
2317 -33.0000000000
2367 -32.0000000000
2370 -31.0000000000
2432 -30.0000000000
2465 -28.0000000000
2560 -27.0000000000
2628 -26.0000000000
2662 -24.0000000000
2709 -23.0000000000
2759 -22.0000000000
2794 -20.0000000000
2836 -19.0000000000
2903 -17.0000000000
2954 -16.0000000000
3031 -15.0000000000
3132 -14.0000000000
3143 -13.0000000000
3211 -12.0000000000
3244 -11.0000000000
3313 -10.0000000000
3345 -9.0000000000
3418 -8.0000000000
3432 -7.0000000000
3507 -6.0000000000
3566 -5.0000000000
3594 -4.0000000000
3672 -3.0000000000
3791 -2.0000000000
3872 -1.0000000000
4035 390.0000000000
4143 392.0000000000
4204 395.0000000000
4972 407.0000000000
5234 411.0000000000
5317 419.0000000000
5379 421.0000000000
5440 422.0000000000
5449 428.0000000000
9294 431.0000000000
9348 433.0000000000
10020 -2.0000000000
evaluations raw_y
1 -216.0000000000
2 -194.0000000000
22 -190.0000000000
24 -171.0000000000
67 -170.0000000000
111 -165.0000000000
154 -163.0000000000
181 -161.0000000000
183 -155.0000000000
194 -150.0000000000
234 -149.0000000000
246 -148.0000000000
261 -146.0000000000
269 -142.0000000000
316 -141.0000000000
326 -139.0000000000
342 -137.0000000000
349 -129.0000000000
423 -128.0000000000
425 -126.0000000000
462 -122.0000000000
505 -119.0000000000
514 -117.0000000000
559 -116.0000000000
569 -115.0000000000
581 -112.0000000000
602 -111.0000000000
621 -109.0000000000
663 -107.0000000000
667 -106.0000000000
701 -104.0000000000
704 -101.0000000000
795 -100.0000000000
797 -99.0000000000
821 -98.0000000000
832 -95.0000000000
861 -94.0000000000
883 -92.0000000000
907 -90.0000000000
938 -89.0000000000
963 -88.0000000000
983 -86.0000000000
1033 -84.0000000000
1107 -83.0000000000
1144 -82.0000000000
1149 -80.0000000000
1181 -79.0000000000
1196 -78.0000000000
1255 -77.0000000000
1264 -76.0000000000
1303 -75.0000000000
1346 -74.0000000000
1383 -73.0000000000
1387 -72.0000000000
1429 -71.0000000000
1438 -70.0000000000
1460 -69.0000000000
1465 -68.0000000000
1514 -67.0000000000
1548 -66.0000000000
1581 -65.0000000000
1616 -64.0000000000
1643 -63.0000000000
1672 -62.0000000000
1681 -60.0000000000
1726 -59.0000000000
1768 -56.0000000000
1848 -54.0000000000
1877 -53.0000000000
1929 -52.0000000000
1964 -51.0000000000
2001 -48.0000000000
2065 -47.0000000000
2110 -46.0000000000
2146 -45.0000000000
2169 -44.0000000000
2246 -42.0000000000
2301 -41.0000000000
2305 -40.0000000000
2346 -39.0000000000
2381 -36.0000000000
2445 -35.0000000000
2467 -34.0000000000
2508 -33.0000000000
2539 -32.0000000000
2543 -30.0000000000
2601 -29.0000000000
2638 -28.0000000000
2665 -26.0000000000
2747 -25.0000000000
2792 -23.0000000000
2883 -22.0000000000
2903 -21.0000000000
2975 -20.0000000000
3041 -19.0000000000
3063 -17.0000000000
3130 -14.0000000000
3166 -13.0000000000
3195 -12.0000000000
3228 -11.0000000000
3268 -10.0000000000
3310 -9.0000000000
3354 -8.0000000000
3382 -7.0000000000
3440 -6.0000000000
3581 -5.0000000000
3663 -4.0000000000
3717 -3.0000000000
3783 -2.0000000000
3836 -1.0000000000
3922 393.0000000000
3955 397.0000000000
4986 406.0000000000
5264 414.0000000000
5557 416.0000000000
5574 418.0000000000
5873 420.0000000000
8521 424.0000000000
9107 425.0000000000
10020 -1.0000000000
evaluations raw_y
1 -206.0000000000
2 -201.0000000000
10 -195.0000000000
30 -189.0000000000
37 -187.0000000000
48 -184.0000000000
78 -182.0000000000
86 -180.0000000000
88 -179.0000000000
102 -171.0000000000
165 -169.0000000000
168 -168.0000000000
179 -165.0000000000
213 -164.0000000000
216 -160.0000000000
217 -155.0000000000
232 -149.0000000000
273 -148.0000000000
302 -147.0000000000
306 -137.0000000000
343 -136.0000000000
360 -135.0000000000
371 -131.0000000000
424 -127.0000000000
462 -126.0000000000
479 -122.0000000000
484 -121.0000000000
510 -120.0000000000
531 -119.0000000000
541 -118.0000000000
549 -117.0000000000
574 -116.0000000000
589 -112.0000000000
626 -110.0000000000
667 -109.0000000000
677 -108.0000000000
705 -107.0000000000
742 -105.0000000000
783 -104.0000000000
826 -102.0000000000
871 -101.0000000000
902 -98.0000000000
957 -97.0000000000
967 -96.0000000000
1005 -95.0000000000
1028 -93.0000000000
1069 -92.0000000000
1084 -89.0000000000
1150 -88.0000000000
1167 -86.0000000000
1192 -85.0000000000
1212 -84.0000000000
1234 -83.0000000000
1265 -82.0000000000
1304 -81.0000000000
1349 -78.0000000000
1405 -77.0000000000
1423 -76.0000000000
1464 -75.0000000000
1484 -74.0000000000
1486 -73.0000000000
1504 -72.0000000000
1509 -71.0000000000
1541 -70.0000000000
1548 -69.0000000000
1594 -68.0000000000
1603 -67.0000000000
1638 -66.0000000000
1671 -64.0000000000
1730 -63.0000000000
1738 -62.0000000000
1785 -61.0000000000
1790 -60.0000000000
1829 -59.0000000000
1859 -58.0000000000
1884 -57.0000000000
1888 -56.0000000000
1918 -55.0000000000
1944 -54.0000000000
1957 -53.0000000000
1994 -52.0000000000
2026 -51.0000000000
2069 -49.0000000000
2119 -47.0000000000
2148 -46.0000000000
2180 -45.0000000000
2225 -44.0000000000
2235 -43.0000000000
2295 -42.0000000000
2331 -41.0000000000
2360 -40.0000000000
2427 -39.0000000000
2466 -38.0000000000
2503 -37.0000000000
2512 -36.0000000000
2593 -34.0000000000
2625 -32.0000000000
2671 -31.0000000000
2742 -30.0000000000
2781 -29.0000000000
2859 -28.0000000000
2889 -27.0000000000
2912 -26.0000000000
2966 -25.0000000000
3005 -24.0000000000
3080 -23.0000000000
3108 -22.0000000000
3109 -21.0000000000
3166 -20.0000000000
3197 -19.0000000000
3262 -18.0000000000
3302 -17.0000000000
3381 -15.0000000000
3470 -14.0000000000
3493 -13.0000000000
3570 -12.0000000000
3597 -11.0000000000
3624 -10.0000000000
3695 -9.0000000000
3734 -8.0000000000
3830 -7.0000000000
3877 -6.0000000000
3942 -5.0000000000
3968 -4.0000000000
4026 -3.0000000000
4107 -2.0000000000
4206 -1.0000000000
4275 387.0000000000
4495 388.0000000000
4629 393.0000000000
4800 401.0000000000
4810 402.0000000000
4870 403.0000000000
5047 407.0000000000
5142 414.0000000000
6218 415.0000000000
6412 419.0000000000
10020 419.0000000000
evaluations raw_y
1 -209.0000000000
8 -208.0000000000
11 -203.0000000000
33 -194.0000000000
58 -190.0000000000
65 -186.0000000000
106 -182.0000000000
113 -177.0000000000
154 -175.0000000000
182 -171.0000000000
185 -166.0000000000
221 -164.0000000000
265 -158.0000000000
304 -156.0000000000
317 -154.0000000000
352 -153.0000000000
356 -152.0000000000
377 -151.0000000000
381 -150.0000000000
384 -149.0000000000
390 -148.0000000000
396 -147.0000000000
427 -145.0000000000
434 -144.0000000000
441 -143.0000000000
446 -135.0000000000
504 -133.0000000000
528 -131.0000000000
559 -129.0000000000
608 -128.0000000000
621 -125.0000000000
637 -124.0000000000
666 -123.0000000000
672 -120.0000000000
716 -119.0000000000
743 -117.0000000000
789 -116.0000000000
826 -114.0000000000
863 -113.0000000000
880 -112.0000000000
886 -111.0000000000
893 -110.0000000000
905 -108.0000000000
945 -107.0000000000
987 -105.0000000000
1037 -103.0000000000
1066 -102.0000000000
1070 -101.0000000000
1092 -100.0000000000
1118 -99.0000000000
1154 -97.0000000000
1193 -96.0000000000
1244 -95.0000000000
1269 -93.0000000000
1325 -91.0000000000
1379 -90.0000000000
1385 -89.0000000000
1388 -87.0000000000
1449 -86.0000000000
1471 -85.0000000000
1515 -84.0000000000
1524 -83.0000000000
1531 -82.0000000000
1578 -81.0000000000
1585 -80.0000000000
1611 -79.0000000000
1621 -78.0000000000
1696 -77.0000000000
1708 -76.0000000000
1738 -75.0000000000
1765 -74.0000000000
1784 -71.0000000000
1844 -70.0000000000
1894 -69.0000000000
1905 -68.0000000000
1941 -67.0000000000
1957 -64.0000000000
2031 -63.0000000000
2044 -61.0000000000
2082 -60.0000000000
2145 -57.0000000000
2194 -56.0000000000
2241 -54.0000000000
2265 -51.0000000000
2349 -50.0000000000
2386 -49.0000000000
2390 -48.0000000000
2431 -47.0000000000
2461 -45.0000000000
2529 -44.0000000000
2560 -43.0000000000
2583 -42.0000000000
2647 -41.0000000000
2679 -39.0000000000
2748 -37.0000000000
2786 -35.0000000000
2842 -34.0000000000
2945 -32.0000000000
2985 -31.0000000000
3026 -28.0000000000
3105 -27.0000000000
3150 -26.0000000000
3153 -25.0000000000
3173 -24.0000000000
3225 -23.0000000000
3305 -22.0000000000
3352 -20.0000000000
3427 -19.0000000000
3534 -18.0000000000
3660 -17.0000000000
3679 -16.0000000000
3793 -15.0000000000
3841 -14.0000000000
3875 -13.0000000000
3958 -12.0000000000
4030 -9.0000000000
4256 -8.0000000000
4306 -7.0000000000
4410 -6.0000000000
4426 -5.0000000000
4473 -4.0000000000
4482 -3.0000000000
4587 -2.0000000000
4626 -1.0000000000
4765 386.0000000000
5417 404.0000000000
5546 405.0000000000
5572 409.0000000000
5723 410.0000000000
5774 415.0000000000
6828 417.0000000000
8543 418.0000000000
8979 419.0000000000
9096 420.0000000000
9138 424.0000000000
10020 424.0000000000
evaluations raw_y
1 -220.0000000000
2 -204.0000000000
3 -186.0000000000
62 -185.0000000000
67 -184.0000000000
69 -183.0000000000
80 -181.0000000000
102 -180.0000000000
106 -176.0000000000
111 -174.0000000000
116 -172.0000000000
142 -171.0000000000
144 -170.0000000000
149 -164.0000000000
176 -162.0000000000
190 -154.0000000000
231 -152.0000000000
262 -151.0000000000
271 -150.0000000000
278 -149.0000000000
308 -147.0000000000
312 -145.0000000000
339 -143.0000000000
342 -142.0000000000
346 -140.0000000000
379 -137.0000000000
385 -133.0000000000
426 -132.0000000000
443 -127.0000000000
480 -125.0000000000
502 -124.0000000000
505 -123.0000000000
513 -122.0000000000
529 -119.0000000000
549 -118.0000000000
597 -116.0000000000
626 -114.0000000000
634 -113.0000000000
662 -111.0000000000
670 -110.0000000000
713 -108.0000000000
731 -107.0000000000
738 -106.0000000000
772 -103.0000000000
787 -102.0000000000
794 -101.0000000000
815 -99.0000000000
828 -98.0000000000
887 -96.0000000000
902 -93.0000000000
945 -91.0000000000
1003 -89.0000000000
1043 -85.0000000000
1103 -82.0000000000
1142 -80.0000000000
1232 -79.0000000000
1261 -78.0000000000
1282 -77.0000000000
1302 -76.0000000000
1347 -75.0000000000
1382 -74.0000000000
1385 -73.0000000000
1423 -72.0000000000
1480 -71.0000000000
1495 -70.0000000000
1507 -68.0000000000
1548 -66.0000000000
1641 -65.0000000000
1686 -62.0000000000
1703 -61.0000000000
1746 -60.0000000000
1783 -59.0000000000
1807 -58.0000000000
1834 -57.0000000000
1877 -56.0000000000
1905 -55.0000000000
1924 -54.0000000000
1978 -52.0000000000
2043 -50.0000000000
2090 -49.0000000000
2092 -48.0000000000
2104 -47.0000000000
2157 -46.0000000000
2194 -45.0000000000
2251 -44.0000000000
2334 -43.0000000000
2375 -42.0000000000
2453 -41.0000000000
2514 -40.0000000000
2542 -39.0000000000
2545 -38.0000000000
2582 -37.0000000000
2585 -35.0000000000
2662 -34.0000000000
2701 -33.0000000000
2797 -31.0000000000
2858 -29.0000000000
2933 -28.0000000000
2954 -27.0000000000
2982 -26.0000000000
3039 -25.0000000000
3142 -24.0000000000
3234 -23.0000000000
3294 -22.0000000000
3352 -21.0000000000
3416 -20.0000000000
3489 -19.0000000000
3512 -18.0000000000
3576 -17.0000000000
3604 -16.0000000000
3668 -14.0000000000
3752 -13.0000000000
3900 -12.0000000000
3901 -11.0000000000
4059 -10.0000000000
4121 -8.0000000000
4287 -7.0000000000
4359 -5.0000000000
4444 -4.0000000000
4496 -3.0000000000
4548 -2.0000000000
4611 -1.0000000000
4760 382.0000000000
4843 389.0000000000
4951 398.0000000000
5065 402.0000000000
5166 406.0000000000
5225 418.0000000000
6065 422.0000000000
10020 -1.0000000000
evaluations raw_y
1 -218.0000000000
5 -198.0000000000
6 -195.0000000000
25 -191.0000000000
43 -179.0000000000
61 -172.0000000000
142 -169.0000000000
160 -165.0000000000
202 -162.0000000000
222 -157.0000000000
261 -151.0000000000
315 -148.0000000000
318 -145.0000000000
344 -141.0000000000
370 -140.0000000000
386 -139.0000000000
397 -138.0000000000
421 -137.0000000000
426 -133.0000000000
461 -131.0000000000
475 -130.0000000000
522 -129.0000000000
544 -128.0000000000
563 -125.0000000000
592 -124.0000000000
621 -123.0000000000
640 -122.0000000000
648 -119.0000000000
666 -118.0000000000
711 -115.0000000000
747 -113.0000000000
792 -111.0000000000
831 -110.0000000000
868 -109.0000000000
902 -108.0000000000
910 -107.0000000000
931 -106.0000000000
941 -105.0000000000
945 -103.0000000000
983 -102.0000000000
1020 -101.0000000000
1029 -99.0000000000
1079 -98.0000000000
1111 -97.0000000000
1144 -96.0000000000
1149 -95.0000000000
1187 -93.0000000000
1245 -90.0000000000
1270 -89.0000000000
1331 -87.0000000000
1346 -86.0000000000
1388 -85.0000000000
1421 -84.0000000000
1425 -83.0000000000
1472 -81.0000000000
1498 -80.0000000000
1503 -78.0000000000
1554 -77.0000000000
1600 -75.0000000000
1624 -74.0000000000
1649 -73.0000000000
1667 -72.0000000000
1681 -71.0000000000
1698 -70.0000000000
1718 -68.0000000000
1775 -67.0000000000
1785 -66.0000000000
1843 -65.0000000000
1868 -63.0000000000
1939 -62.0000000000
1946 -60.0000000000
1985 -59.0000000000
2026 -57.0000000000
2102 -56.0000000000
2111 -55.0000000000
2154 -53.0000000000
2190 -51.0000000000
2224 -50.0000000000
2279 -49.0000000000
2304 -48.0000000000
2331 -47.0000000000
2358 -46.0000000000
2389 -45.0000000000
2421 -44.0000000000
2494 -43.0000000000
2499 -41.0000000000
2560 -40.0000000000
2563 -39.0000000000
2612 -38.0000000000
2621 -36.0000000000
2661 -35.0000000000
2710 -34.0000000000
2756 -33.0000000000
2824 -32.0000000000
2871 -31.0000000000
2876 -30.0000000000
3000 -29.0000000000
3029 -28.0000000000
3110 -27.0000000000
3119 -26.0000000000
3132 -25.0000000000
3192 -23.0000000000
3260 -22.0000000000
3371 -21.0000000000
3390 -20.0000000000
3428 -19.0000000000
3437 -18.0000000000
3488 -16.0000000000
3551 -15.0000000000
3644 -14.0000000000
3686 -13.0000000000
3724 -12.0000000000
3754 -11.0000000000
3845 -10.0000000000
3911 -9.0000000000
4035 -8.0000000000
4109 -7.0000000000
4184 -6.0000000000
4236 -5.0000000000
4275 -4.0000000000
4429 -3.0000000000
4541 -2.0000000000
4665 -1.0000000000
4778 397.0000000000
4810 398.0000000000
4841 406.0000000000
4861 411.0000000000
5075 418.0000000000
5240 421.0000000000
7532 426.0000000000
8324 427.0000000000
8406 428.0000000000
10020 -1.0000000000
evaluations raw_y
1 -213.0000000000
2 -209.0000000000
6 -207.0000000000
7 -203.0000000000
20 -195.0000000000
35 -187.0000000000
72 -179.0000000000
105 -177.0000000000
109 -173.0000000000
114 -171.0000000000
143 -169.0000000000
149 -168.0000000000
156 -167.0000000000
167 -166.0000000000
185 -161.0000000000
195 -157.0000000000
226 -155.0000000000
239 -154.0000000000
255 -150.0000000000
262 -140.0000000000
304 -137.0000000000
350 -130.0000000000
420 -127.0000000000
421 -124.0000000000
464 -122.0000000000
514 -121.0000000000
521 -120.0000000000
524 -118.0000000000
556 -117.0000000000
584 -115.0000000000
585 -114.0000000000
624 -113.0000000000
653 -112.0000000000
661 -111.0000000000
663 -110.0000000000
668 -109.0000000000
688 -108.0000000000
702 -107.0000000000
709 -106.0000000000
718 -105.0000000000
743 -101.0000000000
785 -100.0000000000
816 -98.0000000000
864 -96.0000000000
892 -94.0000000000
951 -92.0000000000
983 -90.0000000000
1036 -87.0000000000
1063 -86.0000000000
1085 -85.0000000000
1142 -84.0000000000
1190 -83.0000000000
1200 -81.0000000000
1235 -80.0000000000
1254 -79.0000000000
1267 -77.0000000000
1309 -76.0000000000
1311 -75.0000000000
1355 -72.0000000000
1382 -71.0000000000
1468 -70.0000000000
1512 -69.0000000000
1543 -68.0000000000
1553 -67.0000000000
1598 -66.0000000000
1628 -65.0000000000
1688 -64.0000000000
1713 -63.0000000000
1760 -61.0000000000
1822 -60.0000000000
1876 -59.0000000000
1895 -58.0000000000
1954 -57.0000000000
1958 -55.0000000000
1999 -54.0000000000
2038 -52.0000000000
2121 -51.0000000000
2138 -49.0000000000
2189 -48.0000000000
2227 -47.0000000000
2265 -46.0000000000
2267 -44.0000000000
2364 -43.0000000000
2403 -41.0000000000
2430 -40.0000000000
2475 -39.0000000000
2478 -38.0000000000
2541 -37.0000000000
2551 -36.0000000000
2553 -35.0000000000
2589 -34.0000000000
2623 -33.0000000000
2646 -32.0000000000
2662 -31.0000000000
2686 -29.0000000000
2701 -28.0000000000
2748 -27.0000000000
2758 -26.0000000000
2821 -25.0000000000
2854 -23.0000000000
2921 -22.0000000000
2990 -21.0000000000
3048 -20.0000000000
3084 -19.0000000000
3133 -18.0000000000
3143 -17.0000000000
3188 -16.0000000000
3241 -15.0000000000
3301 -14.0000000000
3345 -13.0000000000
3389 -12.0000000000
3428 -11.0000000000
3497 -10.0000000000
3547 -9.0000000000
3567 -7.0000000000
3684 -6.0000000000
3706 -5.0000000000
3831 -4.0000000000
3877 -3.0000000000
4012 -2.0000000000
4066 -1.0000000000
4125 386.0000000000
4158 401.0000000000
4189 408.0000000000
4273 409.0000000000
4308 416.0000000000
4576 419.0000000000
5094 421.0000000000
6286 422.0000000000
10020 422.0000000000
evaluations raw_y
1 -230.0000000000
2 -225.0000000000
3 -215.0000000000
4 -199.0000000000
27 -190.0000000000
37 -181.0000000000
61 -180.0000000000
85 -177.0000000000
102 -175.0000000000
110 -172.0000000000
139 -171.0000000000
143 -170.0000000000
150 -166.0000000000
172 -165.0000000000
191 -164.0000000000
194 -163.0000000000
207 -158.0000000000
226 -157.0000000000
229 -155.0000000000
232 -151.0000000000
241 -149.0000000000
246 -148.0000000000
267 -147.0000000000
278 -144.0000000000
302 -137.0000000000
341 -135.0000000000
349 -134.0000000000
372 -133.0000000000
391 -126.0000000000
429 -123.0000000000
461 -122.0000000000
465 -120.0000000000
501 -119.0000000000
534 -118.0000000000
543 -117.0000000000
566 -115.0000000000
602 -114.0000000000
613 -113.0000000000
619 -112.0000000000
652 -109.0000000000
691 -106.0000000000
738 -105.0000000000
755 -104.0000000000
758 -103.0000000000
778 -102.0000000000
785 -100.0000000000
830 -99.0000000000
863 -98.0000000000
865 -97.0000000000
913 -95.0000000000
982 -94.0000000000
985 -93.0000000000
1021 -91.0000000000
1066 -90.0000000000
1131 -89.0000000000
1144 -88.0000000000
1168 -87.0000000000
1181 -85.0000000000
1221 -84.0000000000
1275 -81.0000000000
1306 -80.0000000000
1375 -79.0000000000
1421 -78.0000000000
1454 -77.0000000000
1486 -76.0000000000
1539 -74.0000000000
1587 -71.0000000000
1664 -70.0000000000
1702 -69.0000000000
1706 -68.0000000000
1718 -66.0000000000
1794 -65.0000000000
1822 -64.0000000000
1839 -62.0000000000
1903 -61.0000000000
1916 -60.0000000000
1954 -59.0000000000
1970 -58.0000000000
2019 -56.0000000000
2035 -54.0000000000
2071 -53.0000000000
2106 -52.0000000000
2107 -51.0000000000
2146 -50.0000000000
2205 -49.0000000000
2229 -48.0000000000
2273 -47.0000000000
2326 -46.0000000000
2366 -45.0000000000
2385 -44.0000000000
2430 -43.0000000000
2448 -42.0000000000
2486 -39.0000000000
2514 -38.0000000000
2601 -36.0000000000
2624 -35.0000000000
2697 -33.0000000000
2717 -32.0000000000
2732 -31.0000000000
2793 -29.0000000000
2880 -28.0000000000
2906 -27.0000000000
2967 -26.0000000000
3007 -25.0000000000
3044 -24.0000000000
3071 -22.0000000000
3120 -21.0000000000
3198 -20.0000000000
3200 -19.0000000000
3276 -18.0000000000
3318 -17.0000000000
3342 -16.0000000000
3383 -14.0000000000
3472 -13.0000000000
3545 -12.0000000000
3578 -11.0000000000
3666 -9.0000000000
3749 -8.0000000000
3754 -7.0000000000
3821 -6.0000000000
3869 -5.0000000000
3950 -4.0000000000
3985 -3.0000000000
4085 -2.0000000000
4091 -1.0000000000
4209 393.0000000000
4229 394.0000000000
4493 396.0000000000
4635 397.0000000000
4829 399.0000000000
6003 407.0000000000
6078 410.0000000000
7188 412.0000000000
7990 413.0000000000
8755 415.0000000000
8805 418.0000000000
10020 -2.0000000000
evaluations raw_y
1 -202.0000000000
21 -201.0000000000
23 -197.0000000000
27 -192.0000000000
63 -181.0000000000
102 -177.0000000000
135 -167.0000000000
144 -161.0000000000
184 -158.0000000000
205 -156.0000000000
218 -155.0000000000
232 -153.0000000000
242 -151.0000000000
247 -148.0000000000
262 -140.0000000000
305 -139.0000000000
319 -135.0000000000
328 -134.0000000000
335 -132.0000000000
346 -131.0000000000
371 -130.0000000000
374 -126.0000000000
382 -124.0000000000
406 -123.0000000000
412 -122.0000000000
422 -121.0000000000
440 -119.0000000000
453 -118.0000000000
472 -117.0000000000
481 -115.0000000000
501 -113.0000000000
514 -112.0000000000
522 -111.0000000000
529 -109.0000000000
547 -106.0000000000
607 -105.0000000000
629 -104.0000000000
636 -103.0000000000
684 -102.0000000000
713 -101.0000000000
746 -100.0000000000
777 -97.0000000000
819 -96.0000000000
870 -95.0000000000
904 -93.0000000000
961 -92.0000000000
980 -91.0000000000
984 -90.0000000000
1025 -88.0000000000
1063 -84.0000000000
1069 -83.0000000000
1142 -81.0000000000
1166 -80.0000000000
1181 -79.0000000000
1216 -78.0000000000
1232 -77.0000000000
1263 -74.0000000000
1335 -73.0000000000
1343 -72.0000000000
1381 -71.0000000000
1408 -69.0000000000
1428 -68.0000000000
1470 -66.0000000000
1505 -65.0000000000
1569 -64.0000000000
1574 -63.0000000000
1591 -61.0000000000
1663 -60.0000000000
1702 -59.0000000000
1706 -58.0000000000
1732 -57.0000000000
1759 -56.0000000000
1802 -55.0000000000
1821 -53.0000000000
1869 -49.0000000000
1949 -48.0000000000
2044 -47.0000000000
2065 -46.0000000000
2127 -44.0000000000
2154 -43.0000000000
2223 -42.0000000000
2227 -41.0000000000
2268 -40.0000000000
2326 -39.0000000000
2346 -38.0000000000
2420 -37.0000000000
2421 -36.0000000000
2467 -35.0000000000
2528 -34.0000000000
2546 -32.0000000000
2669 -31.0000000000
2721 -29.0000000000
2801 -28.0000000000
2859 -27.0000000000
2866 -26.0000000000
2908 -25.0000000000
2943 -24.0000000000
2963 -23.0000000000
2997 -21.0000000000
3105 -20.0000000000
3180 -18.0000000000
3203 -17.0000000000
3280 -16.0000000000
3301 -15.0000000000
3382 -14.0000000000
3508 -13.0000000000
3553 -12.0000000000
3681 -10.0000000000
3713 -9.0000000000
3804 -8.0000000000
3921 -7.0000000000
3969 -6.0000000000
3998 -5.0000000000
4058 -4.0000000000
4064 -3.0000000000
4118 -2.0000000000
4213 -1.0000000000
4389 399.0000000000
4493 400.0000000000
4505 407.0000000000
4591 409.0000000000
5646 416.0000000000
6762 417.0000000000
6924 420.0000000000
10020 -1.0000000000
evaluations raw_y
1 -211.0000000000
7 -184.0000000000
59 -180.0000000000
64 -179.0000000000
85 -166.0000000000
111 -164.0000000000
115 -163.0000000000
130 -161.0000000000
154 -159.0000000000
182 -157.0000000000
183 -152.0000000000
199 -149.0000000000
223 -145.0000000000
236 -143.0000000000
263 -139.0000000000
293 -136.0000000000
302 -135.0000000000
321 -132.0000000000
343 -131.0000000000
353 -127.0000000000
381 -126.0000000000
387 -125.0000000000
393 -124.0000000000
411 -122.0000000000
424 -119.0000000000
464 -117.0000000000
512 -116.0000000000
523 -114.0000000000
541 -113.0000000000
552 -111.0000000000
562 -107.0000000000
610 -104.0000000000
622 -101.0000000000
645 -99.0000000000
669 -98.0000000000
682 -97.0000000000
703 -96.0000000000
738 -95.0000000000
750 -94.0000000000
758 -93.0000000000
796 -92.0000000000
829 -89.0000000000
845 -88.0000000000
886 -87.0000000000
897 -86.0000000000
903 -85.0000000000
941 -84.0000000000
955 -79.0000000000
996 -78.0000000000
1068 -77.0000000000
1081 -75.0000000000
1156 -73.0000000000
1184 -72.0000000000
1217 -69.0000000000
1223 -68.0000000000
1288 -67.0000000000
1327 -66.0000000000
1358 -65.0000000000
1389 -64.0000000000
1479 -62.0000000000
1545 -60.0000000000
1626 -59.0000000000
1645 -58.0000000000
1663 -57.0000000000
1713 -56.0000000000
1760 -55.0000000000
1770 -54.0000000000
1831 -53.0000000000
1864 -50.0000000000
1921 -49.0000000000
1953 -47.0000000000
2030 -46.0000000000
2059 -45.0000000000
2101 -43.0000000000
2145 -42.0000000000
2196 -41.0000000000
2260 -39.0000000000
2261 -38.0000000000
2304 -36.0000000000
2398 -35.0000000000
2408 -34.0000000000
2421 -33.0000000000
2467 -31.0000000000
2582 -30.0000000000
2597 -29.0000000000
2621 -28.0000000000
2670 -27.0000000000
2716 -26.0000000000
2745 -25.0000000000
2773 -24.0000000000
2793 -23.0000000000
2832 -21.0000000000
2879 -20.0000000000
2897 -18.0000000000
2957 -17.0000000000
3007 -16.0000000000
3074 -15.0000000000
3124 -14.0000000000
3201 -13.0000000000
3257 -12.0000000000
3303 -11.0000000000
3330 -10.0000000000
3343 -8.0000000000
3426 -7.0000000000
3507 -5.0000000000
3637 -4.0000000000
3666 -3.0000000000
3702 -2.0000000000
3799 -1.0000000000
3864 400.0000000000
4571 401.0000000000
4624 405.0000000000
4937 408.0000000000
5506 415.0000000000
5575 419.0000000000
7054 425.0000000000
8471 426.0000000000
9496 427.0000000000
10020 427.0000000000
evaluations raw_y
1 -233.0000000000
2 -225.0000000000
3 -220.0000000000
7 -206.0000000000
10 -199.0000000000
22 -196.0000000000
64 -184.0000000000
110 -181.0000000000
142 -174.0000000000
183 -171.0000000000
212 -169.0000000000
233 -168.0000000000
236 -166.0000000000
245 -165.0000000000
269 -160.0000000000
289 -159.0000000000
308 -158.0000000000
310 -154.0000000000
344 -152.0000000000
347 -151.0000000000
353 -150.0000000000
363 -148.0000000000
386 -143.0000000000
425 -140.0000000000
464 -136.0000000000
484 -133.0000000000
501 -132.0000000000
514 -128.0000000000
578 -125.0000000000
583 -123.0000000000
626 -122.0000000000
635 -121.0000000000
640 -117.0000000000
659 -116.0000000000
702 -115.0000000000
705 -114.0000000000
717 -112.0000000000
744 -110.0000000000
754 -109.0000000000
782 -108.0000000000
815 -107.0000000000
837 -106.0000000000
846 -105.0000000000
870 -104.0000000000
902 -101.0000000000
941 -99.0000000000
972 -98.0000000000
996 -97.0000000000
1030 -96.0000000000
1041 -95.0000000000
1092 -94.0000000000
1111 -93.0000000000
1158 -91.0000000000
1195 -89.0000000000
1230 -88.0000000000
1237 -87.0000000000
1259 -86.0000000000
1283 -85.0000000000
1304 -84.0000000000
1324 -81.0000000000
1361 -80.0000000000
1388 -78.0000000000
1468 -77.0000000000
1490 -76.0000000000
1501 -75.0000000000
1581 -71.0000000000
1658 -70.0000000000
1734 -69.0000000000
1763 -68.0000000000
1787 -67.0000000000
1840 -65.0000000000
1875 -64.0000000000
1902 -62.0000000000
1942 -61.0000000000
1971 -60.0000000000
1981 -59.0000000000
2029 -58.0000000000
2047 -56.0000000000
2100 -55.0000000000
2111 -54.0000000000
2146 -53.0000000000
2183 -51.0000000000
2225 -50.0000000000
2278 -49.0000000000
2301 -48.0000000000
2316 -47.0000000000
2345 -46.0000000000
2348 -45.0000000000
2409 -44.0000000000
2413 -42.0000000000
2432 -41.0000000000
2494 -40.0000000000
2536 -39.0000000000
2588 -37.0000000000
2624 -36.0000000000
2709 -33.0000000000
2769 -32.0000000000
2852 -31.0000000000
2868 -30.0000000000
2948 -29.0000000000
2962 -28.0000000000
2989 -27.0000000000
3075 -26.0000000000
3094 -25.0000000000
3168 -24.0000000000
3187 -22.0000000000
3287 -21.0000000000
3327 -20.0000000000
3384 -19.0000000000
3392 -18.0000000000
3422 -17.0000000000
3463 -15.0000000000
3512 -14.0000000000
3571 -13.0000000000
3623 -12.0000000000
3711 -11.0000000000
3832 -10.0000000000
3934 -9.0000000000
3982 -8.0000000000
3983 -7.0000000000
4028 -6.0000000000
4146 -5.0000000000
4150 -4.0000000000
4332 -3.0000000000
4428 -2.0000000000
4472 -1.0000000000
4734 375.0000000000
4745 377.0000000000
4827 383.0000000000
4879 386.0000000000
4884 391.0000000000
4999 394.0000000000
5087 395.0000000000
5180 398.0000000000
5208 403.0000000000
5223 405.0000000000
5295 410.0000000000
5685 411.0000000000
5899 412.0000000000
6600 415.0000000000
6946 418.0000000000
10020 418.0000000000
evaluations raw_y
1 -225.0000000000
2 -202.0000000000
12 -199.0000000000
39 -196.0000000000
56 -186.0000000000
62 -185.0000000000
68 -183.0000000000
95 -179.0000000000
116 -178.0000000000
130 -176.0000000000
143 -175.0000000000
145 -166.0000000000
154 -163.0000000000
183 -158.0000000000
221 -155.0000000000
226 -154.0000000000
261 -152.0000000000
273 -150.0000000000
303 -147.0000000000
312 -141.0000000000
363 -140.0000000000
386 -138.0000000000
387 -135.0000000000
421 -130.0000000000
436 -129.0000000000
445 -128.0000000000
461 -125.0000000000
472 -123.0000000000
504 -122.0000000000
508 -121.0000000000
511 -120.0000000000
541 -118.0000000000
554 -115.0000000000
560 -111.0000000000
584 -110.0000000000
593 -107.0000000000
626 -105.0000000000
657 -102.0000000000
663 -100.0000000000
708 -98.0000000000
744 -96.0000000000
775 -95.0000000000
792 -94.0000000000
799 -93.0000000000
823 -91.0000000000
864 -89.0000000000
888 -88.0000000000
917 -86.0000000000
950 -84.0000000000
959 -81.0000000000
1006 -80.0000000000
1030 -79.0000000000
1062 -78.0000000000
1095 -76.0000000000
1108 -75.0000000000
1110 -72.0000000000
1177 -71.0000000000
1185 -69.0000000000
1257 -67.0000000000
1302 -66.0000000000
1348 -65.0000000000
1358 -64.0000000000
1395 -63.0000000000
1411 -62.0000000000
1429 -61.0000000000
1470 -60.0000000000
1508 -57.0000000000
1551 -56.0000000000
1561 -55.0000000000
1626 -53.0000000000
1672 -51.0000000000
1750 -49.0000000000
1813 -48.0000000000
1838 -47.0000000000
1886 -46.0000000000
1903 -45.0000000000
1965 -44.0000000000
1990 -41.0000000000
2032 -40.0000000000
2062 -39.0000000000
2144 -38.0000000000
2185 -37.0000000000
2230 -36.0000000000
2261 -33.0000000000
2369 -32.0000000000
2413 -31.0000000000
2441 -30.0000000000
2451 -29.0000000000
2483 -28.0000000000
2522 -27.0000000000
2537 -26.0000000000
2569 -25.0000000000
2627 -23.0000000000
2700 -22.0000000000
2756 -21.0000000000
2816 -20.0000000000
2891 -19.0000000000
2902 -18.0000000000
2952 -17.0000000000
2983 -16.0000000000
3015 -15.0000000000
3058 -12.0000000000
3224 -11.0000000000
3275 -10.0000000000
3412 -9.0000000000
3506 -8.0000000000
3617 -7.0000000000
3661 -6.0000000000
3701 -5.0000000000
3893 -4.0000000000
3943 -3.0000000000
3998 -2.0000000000
4100 -1.0000000000
4213 387.0000000000
4293 393.0000000000
4302 398.0000000000
4686 399.0000000000
4709 404.0000000000
4736 405.0000000000
6826 407.0000000000
6981 411.0000000000
7070 413.0000000000
7546 414.0000000000
8107 415.0000000000
8272 416.0000000000
8322 417.0000000000
8387 419.0000000000
8393 420.0000000000
10020 420.0000000000
evaluations raw_y
1 -195.0000000000
21 -192.0000000000
30 -186.0000000000
62 -184.0000000000
63 -178.0000000000
104 -172.0000000000
150 -171.0000000000
152 -169.0000000000
156 -161.0000000000
196 -159.0000000000
226 -150.0000000000
262 -146.0000000000
279 -139.0000000000
310 -131.0000000000
382 -130.0000000000
411 -129.0000000000
426 -128.0000000000
441 -127.0000000000
449 -125.0000000000
463 -124.0000000000
481 -120.0000000000
504 -117.0000000000
522 -115.0000000000
544 -113.0000000000
565 -111.0000000000
616 -110.0000000000
623 -107.0000000000
641 -106.0000000000
661 -103.0000000000
717 -102.0000000000
745 -101.0000000000
747 -97.0000000000
781 -94.0000000000
865 -91.0000000000
941 -90.0000000000
955 -89.0000000000
967 -88.0000000000
988 -86.0000000000
990 -85.0000000000
1049 -84.0000000000
1075 -83.0000000000
1128 -80.0000000000
1157 -79.0000000000
1181 -78.0000000000
1189 -77.0000000000
1203 -76.0000000000
1222 -75.0000000000
1261 -74.0000000000
1273 -73.0000000000
1311 -71.0000000000
1360 -70.0000000000
1381 -69.0000000000
1427 -66.0000000000
1479 -65.0000000000
1517 -63.0000000000
1532 -62.0000000000
1555 -61.0000000000
1573 -60.0000000000
1620 -59.0000000000
1664 -58.0000000000
1680 -57.0000000000
1702 -55.0000000000
1762 -54.0000000000
1788 -53.0000000000
1828 -52.0000000000
1838 -51.0000000000
1863 -50.0000000000
1910 -49.0000000000
1943 -48.0000000000
2000 -47.0000000000
2003 -46.0000000000
2029 -45.0000000000
2061 -43.0000000000
2113 -42.0000000000
2161 -41.0000000000
2206 -40.0000000000
2253 -39.0000000000
2317 -38.0000000000
2342 -36.0000000000
2407 -35.0000000000
2502 -34.0000000000
2509 -33.0000000000
2560 -32.0000000000
2601 -31.0000000000
2647 -30.0000000000
2673 -29.0000000000
2747 -28.0000000000
2786 -27.0000000000
2826 -26.0000000000
2864 -25.0000000000
2886 -24.0000000000
2944 -23.0000000000
3053 -22.0000000000
3154 -20.0000000000
3263 -18.0000000000
3368 -17.0000000000
3370 -16.0000000000
3395 -14.0000000000
3506 -13.0000000000
3531 -12.0000000000
3547 -11.0000000000
3597 -10.0000000000
3661 -9.0000000000
3702 -8.0000000000
3764 -7.0000000000
3853 -6.0000000000
3883 -5.0000000000
3905 -4.0000000000
4013 -3.0000000000
4185 -2.0000000000
4273 -1.0000000000
4387 392.0000000000
4402 394.0000000000
4428 406.0000000000
4470 408.0000000000
7960 410.0000000000
10020 410.0000000000
evaluations raw_y
1 -219.0000000000
3 -214.0000000000
5 -202.0000000000
9 -196.0000000000
11 -189.0000000000
42 -188.0000000000
46 -184.0000000000
63 -179.0000000000
66 -170.0000000000
144 -169.0000000000
149 -166.0000000000
153 -160.0000000000
186 -154.0000000000
212 -151.0000000000
221 -149.0000000000
243 -142.0000000000
276 -140.0000000000
322 -139.0000000000
329 -137.0000000000
353 -136.0000000000
368 -135.0000000000
373 -134.0000000000
381 -128.0000000000
451 -126.0000000000
454 -125.0000000000
469 -124.0000000000
471 -123.0000000000
487 -120.0000000000
511 -117.0000000000
546 -113.0000000000
582 -111.0000000000
626 -109.0000000000
636 -108.0000000000
661 -107.0000000000
670 -105.0000000000
701 -103.0000000000
733 -102.0000000000
741 -101.0000000000
783 -100.0000000000
798 -99.0000000000
801 -96.0000000000
869 -94.0000000000
886 -93.0000000000
901 -90.0000000000
986 -89.0000000000
988 -88.0000000000
1021 -87.0000000000
1061 -85.0000000000
1128 -84.0000000000
1137 -83.0000000000
1165 -82.0000000000
1211 -81.0000000000
1226 -80.0000000000
1259 -79.0000000000
1263 -78.0000000000
1343 -77.0000000000
1382 -76.0000000000
1425 -75.0000000000
1427 -74.0000000000
1464 -71.0000000000
1518 -70.0000000000
1545 -69.0000000000
1548 -68.0000000000
1583 -67.0000000000
1642 -66.0000000000
1654 -63.0000000000
1744 -62.0000000000
1755 -61.0000000000
1822 -59.0000000000
1910 -58.0000000000
1942 -56.0000000000
2031 -54.0000000000
2046 -53.0000000000
2070 -52.0000000000
2086 -51.0000000000
2157 -50.0000000000
2176 -46.0000000000
2202 -45.0000000000
2267 -44.0000000000
2294 -43.0000000000
2336 -42.0000000000
2337 -41.0000000000
2372 -40.0000000000
2385 -39.0000000000
2445 -38.0000000000
2464 -37.0000000000
2477 -35.0000000000
2562 -33.0000000000
2607 -32.0000000000
2609 -31.0000000000
2657 -30.0000000000
2667 -29.0000000000
2721 -27.0000000000
2783 -26.0000000000
2873 -25.0000000000
2877 -24.0000000000
2967 -23.0000000000
2998 -22.0000000000
3065 -21.0000000000
3104 -19.0000000000
3200 -18.0000000000
3289 -17.0000000000
3387 -15.0000000000
3466 -14.0000000000
3550 -13.0000000000
3618 -12.0000000000
3652 -11.0000000000
3741 -10.0000000000
3753 -9.0000000000
3816 -8.0000000000
3879 -7.0000000000
3984 -6.0000000000
4021 -5.0000000000
4140 -4.0000000000
4409 -3.0000000000
4741 -2.0000000000
4891 -1.0000000000
5024 387.0000000000
5050 390.0000000000
5542 395.0000000000
6349 396.0000000000
6419 397.0000000000
6426 398.0000000000
6457 405.0000000000
6498 406.0000000000
6521 407.0000000000
7401 408.0000000000
7819 415.0000000000
8228 416.0000000000
8419 419.0000000000
8597 420.0000000000
9442 422.0000000000
10020 422.0000000000
evaluations raw_y
1 -217.0000000000
2 -213.0000000000
3 -204.0000000000
8 -202.0000000000
23 -198.0000000000
64 -193.0000000000
72 -192.0000000000
82 -189.0000000000
104 -183.0000000000
111 -182.0000000000
114 -177.0000000000
144 -173.0000000000
169 -163.0000000000
204 -156.0000000000
225 -154.0000000000
267 -150.0000000000
277 -147.0000000000
308 -145.0000000000
321 -144.0000000000
343 -143.0000000000
345 -142.0000000000
355 -141.0000000000
365 -140.0000000000
394 -138.0000000000
425 -133.0000000000
463 -132.0000000000
502 -128.0000000000
542 -125.0000000000
583 -124.0000000000
587 -121.0000000000
635 -120.0000000000
648 -117.0000000000
683 -112.0000000000
764 -111.0000000000
793 -109.0000000000
833 -108.0000000000
872 -107.0000000000
911 -106.0000000000
938 -105.0000000000
954 -104.0000000000
988 -103.0000000000
1023 -102.0000000000
1056 -100.0000000000
1081 -99.0000000000
1103 -98.0000000000
1132 -97.0000000000
1153 -96.0000000000
1169 -94.0000000000
1181 -92.0000000000
1213 -91.0000000000
1240 -90.0000000000
1263 -88.0000000000
1286 -87.0000000000
1305 -85.0000000000
1345 -83.0000000000
1397 -82.0000000000
1427 -80.0000000000
1470 -78.0000000000
1528 -76.0000000000
1588 -75.0000000000
1639 -74.0000000000
1665 -71.0000000000
1746 -70.0000000000
1761 -69.0000000000
1819 -68.0000000000
1835 -67.0000000000
1864 -65.0000000000
1914 -64.0000000000
1943 -63.0000000000
1997 -62.0000000000
2019 -61.0000000000
2033 -60.0000000000
2072 -59.0000000000
2078 -58.0000000000
2127 -57.0000000000
2153 -56.0000000000
2163 -55.0000000000
2235 -54.0000000000
2255 -53.0000000000
2281 -52.0000000000
2325 -51.0000000000
2377 -49.0000000000
2382 -48.0000000000
2440 -47.0000000000
2452 -46.0000000000
2493 -44.0000000000
2519 -42.0000000000
2586 -41.0000000000
2641 -40.0000000000
2674 -39.0000000000
2723 -38.0000000000
2741 -37.0000000000
2802 -36.0000000000
2837 -34.0000000000
2906 -33.0000000000
2959 -31.0000000000
3004 -30.0000000000
3036 -29.0000000000
3066 -28.0000000000
3104 -27.0000000000
3143 -26.0000000000
3158 -25.0000000000
3221 -24.0000000000
3310 -23.0000000000
3332 -22.0000000000
3389 -21.0000000000
3412 -20.0000000000
3506 -19.0000000000
3585 -18.0000000000
3598 -17.0000000000
3649 -16.0000000000
3707 -15.0000000000
3773 -14.0000000000
3805 -13.0000000000
3892 -12.0000000000
3964 -11.0000000000
4087 -10.0000000000
4173 -9.0000000000
4267 -8.0000000000
4418 -7.0000000000
4497 -6.0000000000
4568 -5.0000000000
4624 -3.0000000000
4768 -2.0000000000
4927 -1.0000000000
4942 377.0000000000
5013 386.0000000000
5212 388.0000000000
5290 391.0000000000
5339 393.0000000000
5349 396.0000000000
5415 401.0000000000
5432 404.0000000000
5494 408.0000000000
5511 410.0000000000
5570 413.0000000000
5634 415.0000000000
5744 418.0000000000
6266 419.0000000000
6386 422.0000000000
9988 423.0000000000
10020 422.0000000000
evaluations raw_y
1 -213.0000000000
5 -205.0000000000
12 -202.0000000000
16 -200.0000000000
17 -190.0000000000
33 -187.0000000000
42 -182.0000000000
83 -176.0000000000
108 -166.0000000000
162 -164.0000000000
172 -161.0000000000
190 -158.0000000000
207 -155.0000000000
213 -154.0000000000
223 -147.0000000000
272 -144.0000000000
281 -141.0000000000
313 -136.0000000000
342 -134.0000000000
361 -132.0000000000
385 -128.0000000000
421 -127.0000000000
432 -126.0000000000
440 -124.0000000000
463 -122.0000000000
502 -119.0000000000
538 -118.0000000000
554 -116.0000000000
566 -115.0000000000
577 -112.0000000000
595 -110.0000000000
652 -108.0000000000
661 -107.0000000000
664 -105.0000000000
716 -104.0000000000
722 -102.0000000000
756 -97.0000000000
825 -96.0000000000
841 -95.0000000000
849 -91.0000000000
868 -88.0000000000
941 -86.0000000000
967 -84.0000000000
986 -83.0000000000
1047 -82.0000000000
1067 -81.0000000000
1103 -80.0000000000
1145 -77.0000000000
1220 -75.0000000000
1244 -74.0000000000
1297 -72.0000000000
1318 -70.0000000000
1360 -69.0000000000
1372 -68.0000000000
1406 -66.0000000000
1423 -65.0000000000
1465 -63.0000000000
1501 -59.0000000000
1562 -57.0000000000
1610 -56.0000000000
1652 -55.0000000000
1668 -54.0000000000
1723 -53.0000000000
1759 -51.0000000000
1822 -50.0000000000
1873 -49.0000000000
1886 -48.0000000000
1945 -47.0000000000
1962 -46.0000000000
1981 -44.0000000000
2071 -43.0000000000
2075 -42.0000000000
2124 -40.0000000000
2182 -39.0000000000
2221 -38.0000000000
2292 -36.0000000000
2342 -35.0000000000
2346 -33.0000000000
2413 -32.0000000000
2436 -31.0000000000
2505 -29.0000000000
2572 -28.0000000000
2584 -26.0000000000
2626 -25.0000000000
2650 -24.0000000000
2669 -23.0000000000
2731 -22.0000000000
2747 -19.0000000000
2873 -18.0000000000
2887 -17.0000000000
2968 -16.0000000000
2999 -15.0000000000
3092 -14.0000000000
3180 -13.0000000000
3247 -12.0000000000
3306 -11.0000000000
3342 -10.0000000000
3384 -9.0000000000
3444 -8.0000000000
3525 -7.0000000000
3620 -6.0000000000
3662 -5.0000000000
3705 -4.0000000000
3829 -3.0000000000
3930 -1.0000000000
3999 410.0000000000
4010 411.0000000000
6118 412.0000000000
6282 418.0000000000
6993 422.0000000000
7753 425.0000000000
7896 426.0000000000
10020 426.0000000000
evaluations raw_y
1 -209.0000000000
8 -207.0000000000
13 -188.0000000000
36 -182.0000000000
64 -181.0000000000
72 -179.0000000000
83 -178.0000000000
104 -167.0000000000
148 -159.0000000000
182 -157.0000000000
230 -150.0000000000
245 -149.0000000000
261 -143.0000000000
344 -137.0000000000
381 -136.0000000000
414 -134.0000000000
431 -131.0000000000
468 -126.0000000000
515 -125.0000000000
558 -124.0000000000
562 -122.0000000000
568 -120.0000000000
597 -119.0000000000
624 -117.0000000000
666 -114.0000000000
678 -112.0000000000
742 -110.0000000000
797 -109.0000000000
835 -108.0000000000
838 -106.0000000000
860 -105.0000000000
901 -102.0000000000
943 -101.0000000000
984 -99.0000000000
996 -97.0000000000
1052 -96.0000000000
1070 -94.0000000000
1117 -93.0000000000
1151 -92.0000000000
1155 -90.0000000000
1196 -88.0000000000
1229 -87.0000000000
1261 -86.0000000000
1307 -85.0000000000
1319 -84.0000000000
1348 -81.0000000000
1405 -80.0000000000
1408 -79.0000000000
1426 -78.0000000000
1464 -77.0000000000
1481 -76.0000000000
1532 -75.0000000000
1556 -71.0000000000
1626 -69.0000000000
1657 -68.0000000000
1664 -67.0000000000
1705 -66.0000000000
1767 -65.0000000000
1781 -63.0000000000
1837 -62.0000000000
1849 -61.0000000000
1867 -60.0000000000
1907 -59.0000000000
1921 -57.0000000000
1995 -56.0000000000
2065 -55.0000000000
2077 -54.0000000000
2107 -52.0000000000
2161 -50.0000000000
2227 -49.0000000000
2263 -47.0000000000
2347 -46.0000000000
2381 -45.0000000000
2406 -44.0000000000
2435 -43.0000000000
2461 -42.0000000000
2521 -41.0000000000
2542 -40.0000000000
2588 -39.0000000000
2663 -38.0000000000
2671 -37.0000000000
2704 -35.0000000000
2747 -34.0000000000
2784 -32.0000000000
2833 -31.0000000000
2910 -30.0000000000
2934 -29.0000000000
2953 -28.0000000000
2988 -26.0000000000
3075 -25.0000000000
3130 -24.0000000000
3228 -22.0000000000
3308 -21.0000000000
3345 -20.0000000000
3381 -18.0000000000
3430 -17.0000000000
3463 -15.0000000000
3519 -14.0000000000
3587 -13.0000000000
3636 -12.0000000000
3710 -11.0000000000
3741 -10.0000000000
3820 -9.0000000000
3864 -8.0000000000
3910 -7.0000000000
4048 -6.0000000000
4110 -5.0000000000
4116 -4.0000000000
4201 -3.0000000000
4315 -2.0000000000
4392 -1.0000000000
4426 389.0000000000
4521 390.0000000000
4539 397.0000000000
4695 400.0000000000
4768 407.0000000000
4787 409.0000000000
5294 413.0000000000
5347 415.0000000000
5543 416.0000000000
6582 424.0000000000
8687 425.0000000000
8720 427.0000000000
8756 428.0000000000
10020 428.0000000000
evaluations raw_y
1 -207.0000000000
7 -197.0000000000
58 -191.0000000000
67 -183.0000000000
102 -175.0000000000
145 -173.0000000000
181 -172.0000000000
188 -171.0000000000
192 -167.0000000000
225 -155.0000000000
265 -154.0000000000
285 -149.0000000000
349 -142.0000000000
388 -141.0000000000
429 -137.0000000000
468 -135.0000000000
475 -134.0000000000
503 -133.0000000000
514 -131.0000000000
554 -130.0000000000
556 -129.0000000000
557 -128.0000000000
584 -126.0000000000
622 -124.0000000000
659 -123.0000000000
681 -121.0000000000
715 -119.0000000000
748 -118.0000000000
800 -117.0000000000
856 -114.0000000000
893 -113.0000000000
906 -111.0000000000
915 -110.0000000000
946 -109.0000000000
981 -107.0000000000
1023 -106.0000000000
1063 -105.0000000000
1102 -104.0000000000
1109 -103.0000000000
1152 -101.0000000000
1184 -100.0000000000
1200 -99.0000000000
1225 -97.0000000000
1266 -96.0000000000
1304 -92.0000000000
1376 -91.0000000000
1408 -90.0000000000
1421 -89.0000000000
1465 -87.0000000000
1516 -86.0000000000
1517 -85.0000000000
1598 -83.0000000000
1666 -82.0000000000
1667 -81.0000000000
1702 -80.0000000000
1715 -78.0000000000
1743 -77.0000000000
1783 -76.0000000000
1787 -74.0000000000
1838 -73.0000000000
1842 -72.0000000000
1865 -70.0000000000
1895 -69.0000000000
1941 -68.0000000000
1958 -67.0000000000
1986 -66.0000000000
2029 -64.0000000000
2102 -63.0000000000
2124 -62.0000000000
2182 -60.0000000000
2194 -59.0000000000
2253 -58.0000000000
2270 -56.0000000000
2304 -55.0000000000
2347 -54.0000000000
2386 -53.0000000000
2423 -51.0000000000
2464 -50.0000000000
2509 -48.0000000000
2542 -47.0000000000
2575 -46.0000000000
2593 -45.0000000000
2632 -44.0000000000
2657 -43.0000000000
2665 -42.0000000000
2675 -39.0000000000
2763 -37.0000000000
2826 -36.0000000000
2871 -35.0000000000
2902 -34.0000000000
2911 -33.0000000000
3021 -31.0000000000
3105 -30.0000000000
3181 -29.0000000000
3230 -27.0000000000
3264 -24.0000000000
3306 -23.0000000000
3376 -22.0000000000
3383 -20.0000000000
3436 -19.0000000000
3508 -18.0000000000
3554 -17.0000000000
3622 -16.0000000000
3641 -15.0000000000
3707 -13.0000000000
3747 -12.0000000000
3880 -11.0000000000
3984 -10.0000000000
4034 -9.0000000000
4101 -8.0000000000
4158 -7.0000000000
4193 -6.0000000000
4221 -5.0000000000
4307 -4.0000000000
4421 -3.0000000000
4472 -2.0000000000
4552 -1.0000000000
4872 383.0000000000
4947 389.0000000000
4951 394.0000000000
4952 404.0000000000
6035 411.0000000000
6217 414.0000000000
10020 -2.0000000000
evaluations raw_y
1 -210.0000000000
5 -199.0000000000
11 -196.0000000000
21 -187.0000000000
30 -184.0000000000
62 -182.0000000000
86 -177.0000000000
107 -173.0000000000
114 -172.0000000000
141 -168.0000000000
154 -164.0000000000
182 -162.0000000000
210 -160.0000000000
217 -159.0000000000
222 -154.0000000000
264 -153.0000000000
270 -151.0000000000
280 -147.0000000000
334 -145.0000000000
342 -143.0000000000
347 -142.0000000000
366 -141.0000000000
389 -139.0000000000
407 -135.0000000000
421 -134.0000000000
428 -133.0000000000
459 -132.0000000000
462 -131.0000000000
482 -128.0000000000
527 -127.0000000000
541 -124.0000000000
585 -121.0000000000
610 -120.0000000000
622 -119.0000000000
628 -118.0000000000
645 -113.0000000000
704 -109.0000000000
739 -108.0000000000
763 -107.0000000000
789 -105.0000000000
827 -104.0000000000
839 -103.0000000000
894 -102.0000000000
922 -101.0000000000
950 -100.0000000000
1002 -99.0000000000
1025 -97.0000000000
1041 -96.0000000000
1067 -95.0000000000
1106 -94.0000000000
1143 -93.0000000000
1162 -92.0000000000
1183 -91.0000000000
1220 -90.0000000000
1224 -89.0000000000
1268 -88.0000000000
1329 -87.0000000000
1344 -86.0000000000
1363 -84.0000000000
1402 -83.0000000000
1444 -82.0000000000
1459 -81.0000000000
1475 -80.0000000000
1506 -79.0000000000
1533 -78.0000000000
1583 -77.0000000000
1595 -73.0000000000
1640 -72.0000000000
1668 -70.0000000000
1746 -68.0000000000
1792 -67.0000000000
1849 -66.0000000000
1869 -64.0000000000
1923 -63.0000000000
1947 -62.0000000000
1984 -60.0000000000
2021 -59.0000000000
2069 -58.0000000000
2104 -56.0000000000
2158 -55.0000000000
2195 -54.0000000000
2229 -53.0000000000
2263 -51.0000000000
2304 -50.0000000000
2339 -49.0000000000
2354 -48.0000000000
2382 -47.0000000000
2417 -46.0000000000
2448 -45.0000000000
2498 -44.0000000000
2515 -43.0000000000
2556 -42.0000000000
2620 -41.0000000000
2625 -40.0000000000
2672 -39.0000000000
2745 -38.0000000000
2758 -37.0000000000
2816 -36.0000000000
2850 -35.0000000000
2871 -34.0000000000
2897 -33.0000000000
2954 -32.0000000000
2987 -31.0000000000
3038 -29.0000000000
3102 -28.0000000000
3142 -27.0000000000
3157 -26.0000000000
3179 -24.0000000000
3265 -23.0000000000
3314 -22.0000000000
3400 -20.0000000000
3432 -19.0000000000
3465 -18.0000000000
3546 -17.0000000000
3547 -16.0000000000
3581 -14.0000000000
3664 -13.0000000000
3720 -12.0000000000
3800 -11.0000000000
3808 -10.0000000000
3835 -9.0000000000
3918 -8.0000000000
4033 -7.0000000000
4119 -6.0000000000
4189 -5.0000000000
4320 -3.0000000000
4516 -2.0000000000
4628 -1.0000000000
4701 396.0000000000
4835 404.0000000000
5026 406.0000000000
5247 411.0000000000
5307 415.0000000000
5338 416.0000000000
5399 422.0000000000
7161 424.0000000000
10020 424.0000000000
evaluations raw_y
1 -224.0000000000
2 -218.0000000000
5 -191.0000000000
26 -189.0000000000
29 -186.0000000000
83 -184.0000000000
102 -183.0000000000
112 -181.0000000000
127 -180.0000000000
141 -179.0000000000
143 -178.0000000000
171 -171.0000000000
221 -166.0000000000
229 -157.0000000000
261 -156.0000000000
277 -155.0000000000
334 -154.0000000000
342 -153.0000000000
343 -149.0000000000
390 -146.0000000000
461 -145.0000000000
466 -143.0000000000
501 -142.0000000000
510 -140.0000000000
546 -139.0000000000
585 -137.0000000000
598 -136.0000000000
642 -135.0000000000
657 -134.0000000000
667 -133.0000000000
700 -132.0000000000
711 -130.0000000000
771 -129.0000000000
786 -128.0000000000
802 -127.0000000000
829 -126.0000000000
846 -125.0000000000
886 -124.0000000000
901 -123.0000000000
949 -122.0000000000
980 -121.0000000000
981 -119.0000000000
1034 -118.0000000000
1070 -116.0000000000
1104 -114.0000000000
1149 -111.0000000000
1197 -109.0000000000
1232 -107.0000000000
1288 -105.0000000000
1290 -104.0000000000
1327 -103.0000000000
1355 -102.0000000000
1356 -101.0000000000
1381 -99.0000000000
1441 -98.0000000000
1499 -97.0000000000
1502 -95.0000000000
1555 -93.0000000000
1585 -91.0000000000
1652 -90.0000000000
1666 -89.0000000000
1718 -88.0000000000
1719 -87.0000000000
1737 -86.0000000000
1753 -85.0000000000
1773 -84.0000000000
1779 -83.0000000000
1786 -82.0000000000
1826 -81.0000000000
1875 -79.0000000000
1909 -77.0000000000
1933 -75.0000000000
1976 -74.0000000000
1985 -73.0000000000
2030 -72.0000000000
2052 -71.0000000000
2086 -70.0000000000
2097 -69.0000000000
2124 -68.0000000000
2138 -67.0000000000
2152 -65.0000000000
2187 -64.0000000000
2235 -63.0000000000
2271 -62.0000000000
2312 -61.0000000000
2326 -59.0000000000
2343 -58.0000000000
2385 -57.0000000000
2431 -56.0000000000
2457 -55.0000000000
2463 -53.0000000000
2564 -52.0000000000
2581 -51.0000000000
2600 -50.0000000000
2622 -49.0000000000
2662 -47.0000000000
2724 -46.0000000000
2764 -45.0000000000
2784 -44.0000000000
2827 -43.0000000000
2862 -42.0000000000
2907 -39.0000000000
2986 -38.0000000000
3038 -36.0000000000
3076 -35.0000000000
3109 -34.0000000000
3163 -33.0000000000
3172 -32.0000000000
3210 -31.0000000000
3250 -30.0000000000
3261 -29.0000000000
3302 -28.0000000000
3386 -27.0000000000
3390 -26.0000000000
3418 -25.0000000000
3464 -24.0000000000
3514 -23.0000000000
3550 -22.0000000000
3634 -21.0000000000
3651 -20.0000000000
3670 -19.0000000000
3746 -18.0000000000
3790 -17.0000000000
3862 -16.0000000000
3930 -15.0000000000
4008 -14.0000000000
4062 -13.0000000000
4063 -12.0000000000
4103 -11.0000000000
4191 -10.0000000000
4245 -9.0000000000
4311 -8.0000000000
4341 -7.0000000000
4387 -6.0000000000
4458 -5.0000000000
4477 -4.0000000000
4584 -3.0000000000
4626 -2.0000000000
4754 -1.0000000000
4771 389.0000000000
4806 395.0000000000
4855 397.0000000000
5261 398.0000000000
5797 399.0000000000
6003 402.0000000000
6026 403.0000000000
6112 407.0000000000
6445 411.0000000000
6598 414.0000000000
7115 415.0000000000
9332 416.0000000000
9386 423.0000000000
10020 423.0000000000
evaluations raw_y
1 -216.0000000000
2 -205.0000000000
5 -200.0000000000
8 -196.0000000000
35 -195.0000000000
45 -194.0000000000
50 -190.0000000000
68 -178.0000000000
111 -172.0000000000
118 -171.0000000000
141 -166.0000000000
175 -165.0000000000
190 -160.0000000000
224 -158.0000000000
236 -156.0000000000
254 -153.0000000000
292 -151.0000000000
303 -149.0000000000
315 -142.0000000000
351 -141.0000000000
386 -137.0000000000
422 -134.0000000000
454 -133.0000000000
469 -132.0000000000
479 -131.0000000000
504 -129.0000000000
515 -127.0000000000
542 -123.0000000000
570 -122.0000000000
605 -119.0000000000
624 -117.0000000000
662 -114.0000000000
667 -113.0000000000
731 -112.0000000000
736 -109.0000000000
800 -108.0000000000
807 -106.0000000000
822 -105.0000000000
874 -104.0000000000
887 -103.0000000000
904 -102.0000000000
953 -101.0000000000
963 -99.0000000000
987 -98.0000000000
1013 -97.0000000000
1025 -92.0000000000
1121 -89.0000000000
1142 -87.0000000000
1224 -86.0000000000
1262 -85.0000000000
1298 -84.0000000000
1305 -81.0000000000
1347 -80.0000000000
1394 -79.0000000000
1421 -77.0000000000
1469 -75.0000000000
1506 -73.0000000000
1560 -72.0000000000
1588 -70.0000000000
1629 -68.0000000000
1637 -67.0000000000
1665 -66.0000000000
1704 -65.0000000000
1771 -64.0000000000
1777 -63.0000000000
1824 -61.0000000000
1861 -59.0000000000
1906 -57.0000000000
1963 -56.0000000000
1982 -55.0000000000
1986 -53.0000000000
2022 -52.0000000000
2054 -50.0000000000
2170 -49.0000000000
2181 -48.0000000000
2230 -47.0000000000
2303 -46.0000000000
2323 -45.0000000000
2341 -44.0000000000
2394 -42.0000000000
2468 -41.0000000000
2487 -39.0000000000
2587 -38.0000000000
2598 -37.0000000000
2650 -36.0000000000
2670 -35.0000000000
2707 -34.0000000000
2767 -33.0000000000
2806 -32.0000000000
2840 -31.0000000000
2872 -30.0000000000
2917 -29.0000000000
2993 -28.0000000000
3021 -27.0000000000
3109 -25.0000000000
3153 -24.0000000000
3261 -23.0000000000
3309 -22.0000000000
3316 -21.0000000000
3369 -20.0000000000
3406 -19.0000000000
3465 -18.0000000000
3501 -17.0000000000
3543 -16.0000000000
3603 -15.0000000000
3627 -14.0000000000
3632 -13.0000000000
3716 -12.0000000000
3761 -11.0000000000
3790 -9.0000000000
3898 -8.0000000000
3949 -7.0000000000
4030 -6.0000000000
4073 -5.0000000000
4155 -4.0000000000
4171 -3.0000000000
4292 -2.0000000000
4382 -1.0000000000
4462 396.0000000000
4494 399.0000000000
4581 403.0000000000
4670 404.0000000000
5156 407.0000000000
6106 409.0000000000
6350 411.0000000000
6392 421.0000000000
8695 422.0000000000
8792 423.0000000000
8835 430.0000000000
9014 431.0000000000
10020 431.0000000000
evaluations raw_y
1 -219.0000000000
2 -216.0000000000
3 -212.0000000000
10 -208.0000000000
12 -205.0000000000
13 -193.0000000000
27 -186.0000000000
61 -180.0000000000
102 -177.0000000000
110 -174.0000000000
132 -172.0000000000
151 -171.0000000000
171 -169.0000000000
181 -160.0000000000
245 -155.0000000000
270 -154.0000000000
278 -153.0000000000
315 -152.0000000000
323 -151.0000000000
344 -150.0000000000
356 -145.0000000000
387 -140.0000000000
428 -139.0000000000
466 -137.0000000000
486 -136.0000000000
493 -134.0000000000
540 -130.0000000000
545 -127.0000000000
582 -124.0000000000
668 -123.0000000000
688 -121.0000000000
712 -119.0000000000
720 -118.0000000000
742 -115.0000000000
805 -114.0000000000
831 -109.0000000000
908 -108.0000000000
909 -107.0000000000
938 -106.0000000000
951 -104.0000000000
982 -101.0000000000
1008 -100.0000000000
1026 -99.0000000000
1037 -98.0000000000
1064 -97.0000000000
1071 -96.0000000000
1104 -94.0000000000
1141 -93.0000000000
1184 -91.0000000000
1222 -90.0000000000
1229 -89.0000000000
1264 -88.0000000000
1266 -87.0000000000
1313 -85.0000000000
1370 -84.0000000000
1402 -83.0000000000
1418 -82.0000000000
1461 -81.0000000000
1470 -80.0000000000
1507 -79.0000000000
1509 -78.0000000000
1551 -76.0000000000
1590 -75.0000000000
1629 -74.0000000000
1646 -73.0000000000
1648 -72.0000000000
1673 -71.0000000000
1713 -69.0000000000
1740 -68.0000000000
1750 -66.0000000000
1786 -64.0000000000
1796 -63.0000000000
1834 -62.0000000000
1864 -60.0000000000
1934 -59.0000000000
1951 -58.0000000000
1963 -56.0000000000
1983 -55.0000000000
2022 -53.0000000000
2040 -52.0000000000
2105 -51.0000000000
2115 -48.0000000000
2186 -47.0000000000
2300 -46.0000000000
2310 -45.0000000000
2385 -44.0000000000
2440 -43.0000000000
2469 -42.0000000000
2509 -41.0000000000
2535 -40.0000000000
2585 -37.0000000000
2646 -36.0000000000
2724 -35.0000000000
2781 -34.0000000000
2804 -33.0000000000
2857 -32.0000000000
2911 -30.0000000000
2961 -28.0000000000
3011 -27.0000000000
3058 -26.0000000000
3088 -24.0000000000
3144 -23.0000000000
3160 -22.0000000000
3205 -21.0000000000
3227 -20.0000000000
3270 -19.0000000000
3304 -18.0000000000
3381 -17.0000000000
3443 -16.0000000000
3490 -15.0000000000
3526 -14.0000000000
3600 -13.0000000000
3631 -12.0000000000
3662 -11.0000000000
3709 -10.0000000000
3790 -9.0000000000
3939 -8.0000000000
3982 -7.0000000000
4100 -6.0000000000
4150 -5.0000000000
4235 -4.0000000000
4281 -3.0000000000
4340 -2.0000000000
4407 385.0000000000
4472 403.0000000000
4761 406.0000000000
4897 408.0000000000
4967 416.0000000000
5767 417.0000000000
9848 418.0000000000
9875 419.0000000000
9909 420.0000000000
10020 414.0000000000
evaluations raw_y
1 -214.0000000000
2 -197.0000000000
23 -189.0000000000
33 -184.0000000000
63 -183.0000000000
95 -179.0000000000
103 -178.0000000000
112 -175.0000000000
131 -174.0000000000
145 -173.0000000000
161 -172.0000000000
167 -170.0000000000
180 -169.0000000000
181 -167.0000000000
200 -166.0000000000
201 -165.0000000000
226 -164.0000000000
239 -159.0000000000
261 -158.0000000000
262 -157.0000000000
263 -155.0000000000
302 -150.0000000000
325 -146.0000000000
384 -145.0000000000
401 -142.0000000000
424 -140.0000000000
433 -137.0000000000
481 -135.0000000000
503 -132.0000000000
587 -131.0000000000
598 -130.0000000000
599 -128.0000000000
636 -126.0000000000
663 -122.0000000000
712 -121.0000000000
768 -120.0000000000
772 -117.0000000000
833 -115.0000000000
849 -112.0000000000
891 -111.0000000000
929 -110.0000000000
944 -108.0000000000
988 -107.0000000000
1037 -106.0000000000
1062 -105.0000000000
1067 -104.0000000000
1090 -103.0000000000
1101 -101.0000000000
1145 -100.0000000000
1182 -99.0000000000
1187 -97.0000000000
1194 -95.0000000000
1253 -93.0000000000
1268 -92.0000000000
1302 -91.0000000000
1328 -90.0000000000
1344 -89.0000000000
1384 -88.0000000000
1416 -85.0000000000
1464 -84.0000000000
1503 -83.0000000000
1518 -79.0000000000
1564 -78.0000000000
1604 -77.0000000000
1611 -76.0000000000
1642 -75.0000000000
1698 -74.0000000000
1742 -73.0000000000
1758 -72.0000000000
1776 -71.0000000000
1781 -70.0000000000
1821 -69.0000000000
1825 -68.0000000000
1838 -67.0000000000
1863 -66.0000000000
1926 -65.0000000000
1964 -64.0000000000
1973 -63.0000000000
1988 -62.0000000000
2046 -61.0000000000
2059 -60.0000000000
2086 -59.0000000000
2104 -58.0000000000
2143 -57.0000000000
2217 -55.0000000000
2255 -54.0000000000
2261 -53.0000000000
2302 -52.0000000000
2344 -50.0000000000
2360 -49.0000000000
2396 -48.0000000000
2465 -47.0000000000
2547 -46.0000000000
2590 -45.0000000000
2603 -44.0000000000
2623 -43.0000000000
2663 -42.0000000000
2707 -41.0000000000
2717 -40.0000000000
2831 -39.0000000000
2898 -38.0000000000
2944 -37.0000000000
2991 -36.0000000000
3052 -35.0000000000
3085 -34.0000000000
3108 -33.0000000000
3145 -31.0000000000
3182 -30.0000000000
3227 -29.0000000000
3274 -28.0000000000
3298 -27.0000000000
3344 -26.0000000000
3381 -25.0000000000
3418 -24.0000000000
3508 -23.0000000000
3564 -21.0000000000
3643 -19.0000000000
3702 -17.0000000000
3823 -16.0000000000
3838 -15.0000000000
3904 -14.0000000000
3926 -13.0000000000
3984 -12.0000000000
4065 -11.0000000000
4102 -10.0000000000
4217 -9.0000000000
4242 -8.0000000000
4345 -7.0000000000
4497 -6.0000000000
4567 -5.0000000000
4592 -4.0000000000
4672 -3.0000000000
4798 -2.0000000000
4915 -1.0000000000
4943 391.0000000000
5021 397.0000000000
5093 398.0000000000
5137 401.0000000000
5200 406.0000000000
5305 409.0000000000
5715 413.0000000000
5839 414.0000000000
5850 418.0000000000
7615 419.0000000000
10020 -2.0000000000
evaluations raw_y
1 -222.0000000000
2 -207.0000000000
3 -200.0000000000
25 -196.0000000000
33 -193.0000000000
66 -192.0000000000
71 -187.0000000000
79 -182.0000000000
109 -178.0000000000
141 -176.0000000000
153 -174.0000000000
182 -172.0000000000
188 -166.0000000000
221 -158.0000000000
279 -157.0000000000
292 -154.0000000000
294 -153.0000000000
302 -152.0000000000
306 -151.0000000000
336 -149.0000000000
354 -148.0000000000
361 -144.0000000000
381 -142.0000000000
422 -140.0000000000
435 -139.0000000000
444 -136.0000000000
498 -133.0000000000
505 -131.0000000000
557 -130.0000000000
559 -129.0000000000
573 -127.0000000000
591 -126.0000000000
601 -125.0000000000
618 -124.0000000000
649 -123.0000000000
662 -120.0000000000
696 -119.0000000000
704 -118.0000000000
744 -116.0000000000
784 -114.0000000000
822 -113.0000000000
824 -112.0000000000
850 -111.0000000000
896 -110.0000000000
900 -108.0000000000
941 -107.0000000000
950 -106.0000000000
966 -104.0000000000
1005 -103.0000000000
1033 -102.0000000000
1057 -101.0000000000
1067 -99.0000000000
1101 -98.0000000000
1110 -94.0000000000
1182 -93.0000000000
1228 -91.0000000000
1261 -90.0000000000
1283 -89.0000000000
1314 -88.0000000000
1357 -85.0000000000
1412 -84.0000000000
1448 -83.0000000000
1462 -82.0000000000
1546 -79.0000000000
1588 -75.0000000000
1629 -73.0000000000
1688 -72.0000000000
1709 -71.0000000000
1745 -70.0000000000
1760 -68.0000000000
1782 -67.0000000000
1806 -66.0000000000
1849 -65.0000000000
1893 -64.0000000000
1922 -61.0000000000
1950 -60.0000000000
1969 -59.0000000000
1983 -58.0000000000
2029 -55.0000000000
2058 -54.0000000000
2061 -52.0000000000
2136 -51.0000000000
2181 -50.0000000000
2195 -49.0000000000
2234 -48.0000000000
2250 -47.0000000000
2306 -45.0000000000
2392 -44.0000000000
2424 -42.0000000000
2505 -41.0000000000
2520 -40.0000000000
2565 -38.0000000000
2650 -37.0000000000
2714 -36.0000000000
2752 -35.0000000000
2791 -34.0000000000
2795 -33.0000000000
2826 -32.0000000000
2875 -31.0000000000
2905 -30.0000000000
2949 -29.0000000000
3017 -28.0000000000
3021 -27.0000000000
3041 -26.0000000000
3081 -25.0000000000
3116 -24.0000000000
3189 -23.0000000000
3256 -22.0000000000
3302 -21.0000000000
3349 -20.0000000000
3417 -18.0000000000
3499 -17.0000000000
3528 -16.0000000000
3551 -15.0000000000
3642 -14.0000000000
3710 -13.0000000000
3782 -12.0000000000
3831 -11.0000000000
3910 -10.0000000000
3982 -9.0000000000
4058 -8.0000000000
4146 -7.0000000000
4147 -6.0000000000
4321 -5.0000000000
4328 -4.0000000000
4421 -3.0000000000
4566 -2.0000000000
4624 -1.0000000000
4702 377.0000000000
4715 379.0000000000
4744 381.0000000000
4861 390.0000000000
5125 396.0000000000
5148 402.0000000000
5723 403.0000000000
6176 409.0000000000
6343 413.0000000000
9053 415.0000000000
10020 -1.0000000000
evaluations raw_y
1 -197.0000000000
28 -195.0000000000
30 -191.0000000000
46 -188.0000000000
73 -187.0000000000
80 -182.0000000000
104 -181.0000000000
128 -177.0000000000
137 -174.0000000000
148 -170.0000000000
164 -166.0000000000
181 -162.0000000000
223 -156.0000000000
262 -149.0000000000
291 -146.0000000000
324 -136.0000000000
344 -135.0000000000
383 -129.0000000000
431 -126.0000000000
439 -124.0000000000
483 -122.0000000000
537 -119.0000000000
547 -115.0000000000
584 -113.0000000000
622 -112.0000000000
627 -109.0000000000
675 -107.0000000000
702 -104.0000000000
726 -103.0000000000
745 -102.0000000000
762 -101.0000000000
790 -99.0000000000
828 -97.0000000000
863 -94.0000000000
895 -93.0000000000
905 -92.0000000000
943 -91.0000000000
981 -90.0000000000
1012 -89.0000000000
1021 -88.0000000000
1031 -86.0000000000
1071 -84.0000000000
1148 -83.0000000000
1181 -81.0000000000
1222 -80.0000000000
1235 -78.0000000000
1261 -77.0000000000
1302 -75.0000000000
1307 -74.0000000000
1331 -73.0000000000
1389 -72.0000000000
1431 -71.0000000000
1453 -70.0000000000
1478 -68.0000000000
1512 -67.0000000000
1548 -66.0000000000
1557 -65.0000000000
1586 -64.0000000000
1622 -63.0000000000
1644 -62.0000000000
1702 -60.0000000000
1703 -59.0000000000
1748 -58.0000000000
1753 -57.0000000000
1780 -56.0000000000
1792 -55.0000000000
1855 -54.0000000000
1872 -53.0000000000
1902 -51.0000000000
1961 -50.0000000000
1997 -48.0000000000
2036 -46.0000000000
2086 -45.0000000000
2106 -44.0000000000
2141 -43.0000000000
2183 -42.0000000000
2207 -41.0000000000
2229 -40.0000000000
2242 -37.0000000000
2266 -36.0000000000
2374 -35.0000000000
2412 -34.0000000000
2422 -33.0000000000
2474 -32.0000000000
2495 -31.0000000000
2551 -30.0000000000
2593 -28.0000000000
2663 -27.0000000000
2731 -26.0000000000
2799 -25.0000000000
2903 -24.0000000000
2961 -23.0000000000
3007 -22.0000000000
3029 -21.0000000000
3067 -20.0000000000
3117 -19.0000000000
3185 -18.0000000000
3189 -17.0000000000
3230 -16.0000000000
3234 -15.0000000000
3291 -14.0000000000
3387 -13.0000000000
3429 -9.0000000000
3622 -8.0000000000
3656 -7.0000000000
3754 -6.0000000000
3788 -5.0000000000
3835 -4.0000000000
3915 -3.0000000000
3983 -2.0000000000
4088 -1.0000000000
4217 384.0000000000
4327 396.0000000000
4444 399.0000000000
4510 400.0000000000
4709 401.0000000000
4837 402.0000000000
5691 408.0000000000
5926 412.0000000000
6873 415.0000000000
7046 422.0000000000
9837 426.0000000000
10020 -1.0000000000
evaluations raw_y
1 -218.0000000000
2 -211.0000000000
4 -198.0000000000
9 -191.0000000000
31 -185.0000000000
82 -184.0000000000
100 -182.0000000000
110 -175.0000000000
117 -167.0000000000
151 -160.0000000000
185 -158.0000000000
254 -155.0000000000
274 -154.0000000000
295 -153.0000000000
306 -152.0000000000
319 -151.0000000000
334 -150.0000000000
341 -149.0000000000
365 -148.0000000000
381 -147.0000000000
383 -146.0000000000
399 -143.0000000000
429 -142.0000000000
477 -141.0000000000
481 -140.0000000000
496 -137.0000000000
512 -136.0000000000
525 -133.0000000000
564 -132.0000000000
565 -131.0000000000
571 -130.0000000000
615 -126.0000000000
674 -125.0000000000
701 -123.0000000000
741 -122.0000000000
778 -121.0000000000
822 -118.0000000000
827 -117.0000000000
882 -115.0000000000
903 -114.0000000000
944 -112.0000000000
993 -108.0000000000
1071 -107.0000000000
1104 -106.0000000000
1131 -104.0000000000
1141 -103.0000000000
1185 -102.0000000000
1205 -101.0000000000
1224 -100.0000000000
1243 -99.0000000000
1261 -95.0000000000
1309 -94.0000000000
1350 -93.0000000000
1351 -92.0000000000
1389 -91.0000000000
1426 -90.0000000000
1429 -89.0000000000
1471 -87.0000000000
1501 -86.0000000000
1541 -85.0000000000
1546 -84.0000000000
1598 -83.0000000000
1605 -82.0000000000
1632 -81.0000000000
1662 -80.0000000000
1663 -79.0000000000
1713 -78.0000000000
1741 -77.0000000000
1788 -76.0000000000
1795 -75.0000000000
1805 -74.0000000000
1855 -72.0000000000
1867 -70.0000000000
1946 -69.0000000000
1954 -67.0000000000
1988 -66.0000000000
2092 -65.0000000000
2103 -63.0000000000
2141 -62.0000000000
2176 -61.0000000000
2221 -60.0000000000
2224 -59.0000000000
2269 -56.0000000000
2319 -55.0000000000
2371 -54.0000000000
2390 -53.0000000000
2434 -52.0000000000
2464 -50.0000000000
2518 -49.0000000000
2561 -48.0000000000
2575 -47.0000000000
2583 -46.0000000000
2601 -45.0000000000
2677 -44.0000000000
2682 -43.0000000000
2701 -41.0000000000
2720 -40.0000000000
2752 -39.0000000000
2795 -38.0000000000
2880 -37.0000000000
2956 -36.0000000000
2968 -35.0000000000
2987 -34.0000000000
3038 -33.0000000000
3111 -32.0000000000
3129 -30.0000000000
3146 -29.0000000000
3177 -28.0000000000
3223 -27.0000000000
3277 -26.0000000000
3297 -25.0000000000
3356 -24.0000000000
3433 -23.0000000000
3472 -21.0000000000
3566 -20.0000000000
3637 -19.0000000000
3699 -18.0000000000
3768 -17.0000000000
3783 -16.0000000000
3844 -15.0000000000
3864 -14.0000000000
3916 -13.0000000000
4000 -12.0000000000
4019 -11.0000000000
4027 -10.0000000000
4061 -9.0000000000
4177 -8.0000000000
4226 -7.0000000000
4344 -6.0000000000
4420 -5.0000000000
4486 -4.0000000000
4541 -3.0000000000
4604 -2.0000000000
4666 -1.0000000000
4904 407.0000000000
5776 410.0000000000
5827 412.0000000000
5915 416.0000000000
7050 417.0000000000
7120 421.0000000000
7760 424.0000000000
8183 426.0000000000
10020 426.0000000000
evaluations raw_y
1 -215.0000000000
2 -200.0000000000
8 -199.0000000000
13 -194.0000000000
16 -184.0000000000
28 -181.0000000000
61 -180.0000000000
64 -178.0000000000
81 -175.0000000000
94 -174.0000000000
101 -169.0000000000
109 -165.0000000000
136 -163.0000000000
146 -155.0000000000
157 -154.0000000000
183 -149.0000000000
188 -146.0000000000
210 -144.0000000000
229 -143.0000000000
233 -142.0000000000
241 -135.0000000000
269 -133.0000000000
316 -132.0000000000
319 -126.0000000000
352 -125.0000000000
381 -121.0000000000
433 -120.0000000000
449 -119.0000000000
458 -116.0000000000
480 -114.0000000000
504 -113.0000000000
529 -112.0000000000
549 -110.0000000000
553 -109.0000000000
588 -108.0000000000
608 -107.0000000000
629 -106.0000000000
639 -104.0000000000
674 -103.0000000000
709 -101.0000000000
738 -100.0000000000
749 -98.0000000000
782 -97.0000000000
783 -96.0000000000
833 -94.0000000000
847 -93.0000000000
862 -91.0000000000
904 -90.0000000000
915 -89.0000000000
947 -88.0000000000
957 -87.0000000000
995 -86.0000000000
1018 -85.0000000000
1021 -84.0000000000
1063 -83.0000000000
1092 -82.0000000000
1101 -81.0000000000
1106 -80.0000000000
1151 -79.0000000000
1158 -78.0000000000
1221 -77.0000000000
1241 -75.0000000000
1272 -74.0000000000
1314 -71.0000000000
1354 -70.0000000000
1355 -69.0000000000
1409 -68.0000000000
1436 -67.0000000000
1447 -66.0000000000
1464 -64.0000000000
1556 -63.0000000000
1581 -62.0000000000
1596 -61.0000000000
1631 -60.0000000000
1679 -59.0000000000
1711 -58.0000000000
1720 -57.0000000000
1733 -56.0000000000
1765 -55.0000000000
1824 -54.0000000000
1826 -53.0000000000
1905 -52.0000000000
1960 -51.0000000000
1991 -50.0000000000
2029 -49.0000000000
2074 -48.0000000000
2087 -47.0000000000
2188 -46.0000000000
2234 -45.0000000000
2279 -44.0000000000
2346 -43.0000000000
2403 -42.0000000000
2546 -41.0000000000
2586 -40.0000000000
2637 -39.0000000000
2672 -37.0000000000
2729 -36.0000000000
2781 -35.0000000000
2793 -34.0000000000
2902 -33.0000000000
2908 -32.0000000000
2977 -31.0000000000
3025 -30.0000000000
3069 -29.0000000000
3072 -28.0000000000
3132 -27.0000000000
3178 -25.0000000000
3222 -24.0000000000
3268 -23.0000000000
3361 -22.0000000000
3392 -21.0000000000
3429 -20.0000000000
3500 -19.0000000000
3559 -18.0000000000
3626 -17.0000000000
3712 -16.0000000000
3747 -15.0000000000
3777 -14.0000000000
3781 -13.0000000000
3902 -12.0000000000
4015 -11.0000000000
4106 -10.0000000000
4141 -9.0000000000
4183 -8.0000000000
4204 -7.0000000000
4293 -6.0000000000
4320 -5.0000000000
4391 -4.0000000000
4435 -3.0000000000
4525 -2.0000000000
4603 -1.0000000000
4666 412.0000000000
4757 413.0000000000
4915 417.0000000000
5063 420.0000000000
5692 421.0000000000
7152 423.0000000000
8931 424.0000000000
9774 426.0000000000
10020 -2.0000000000
evaluations raw_y
1 -217.0000000000
3 -205.0000000000
6 -199.0000000000
20 -195.0000000000
25 -194.0000000000
28 -193.0000000000
36 -186.0000000000
42 -182.0000000000
61 -181.0000000000
98 -173.0000000000
127 -168.0000000000
157 -164.0000000000
164 -163.0000000000
195 -162.0000000000
198 -160.0000000000
211 -159.0000000000
216 -154.0000000000
226 -151.0000000000
267 -149.0000000000
276 -148.0000000000
309 -141.0000000000
334 -140.0000000000
335 -134.0000000000
357 -132.0000000000
363 -130.0000000000
389 -129.0000000000
410 -128.0000000000
424 -121.0000000000
509 -119.0000000000
514 -117.0000000000
559 -112.0000000000
622 -110.0000000000
664 -109.0000000000
698 -108.0000000000
710 -107.0000000000
721 -106.0000000000
746 -104.0000000000
786 -103.0000000000
823 -102.0000000000
836 -101.0000000000
867 -100.0000000000
888 -99.0000000000
915 -97.0000000000
977 -96.0000000000
1005 -95.0000000000
1013 -94.0000000000
1050 -93.0000000000
1066 -92.0000000000
1097 -91.0000000000
1139 -90.0000000000
1167 -89.0000000000
1198 -88.0000000000
1200 -87.0000000000
1233 -85.0000000000
1271 -84.0000000000
1281 -83.0000000000
1316 -82.0000000000
1319 -81.0000000000
1374 -80.0000000000
1398 -79.0000000000
1452 -78.0000000000
1464 -77.0000000000
1495 -75.0000000000
1542 -73.0000000000
1547 -72.0000000000
1603 -71.0000000000
1627 -69.0000000000
1634 -67.0000000000
1702 -66.0000000000
1715 -65.0000000000
1781 -63.0000000000
1784 -62.0000000000
1845 -59.0000000000
1903 -58.0000000000
1914 -57.0000000000
1950 -56.0000000000
1991 -55.0000000000
2023 -54.0000000000
2068 -53.0000000000
2085 -52.0000000000
2108 -51.0000000000
2153 -50.0000000000
2170 -49.0000000000
2191 -48.0000000000
2203 -47.0000000000
2236 -46.0000000000
2245 -44.0000000000
2303 -43.0000000000
2313 -41.0000000000
2376 -40.0000000000
2384 -39.0000000000
2429 -37.0000000000
2497 -35.0000000000
2543 -34.0000000000
2568 -33.0000000000
2611 -32.0000000000
2669 -30.0000000000
2784 -28.0000000000
2822 -27.0000000000
2829 -26.0000000000
2910 -25.0000000000
2951 -24.0000000000
3038 -22.0000000000
3070 -21.0000000000
3128 -20.0000000000
3148 -19.0000000000
3184 -18.0000000000
3255 -17.0000000000
3322 -15.0000000000
3370 -14.0000000000
3416 -13.0000000000
3445 -12.0000000000
3538 -11.0000000000
3564 -10.0000000000
3714 -9.0000000000
3730 -8.0000000000
3812 -7.0000000000
3959 -6.0000000000
4027 -5.0000000000
4114 -4.0000000000
4195 -3.0000000000
4333 -2.0000000000
4469 -1.0000000000
4554 388.0000000000
5174 395.0000000000
5386 401.0000000000
5998 402.0000000000
6036 408.0000000000
6204 413.0000000000
6568 414.0000000000
6974 417.0000000000
7511 419.0000000000
8482 421.0000000000
8638 422.0000000000
8681 424.0000000000
10020 -3.0000000000
evaluations raw_y
1 -206.0000000000
2 -203.0000000000
5 -192.0000000000
26 -183.0000000000
72 -180.0000000000
98 -179.0000000000
101 -174.0000000000
143 -169.0000000000
150 -162.0000000000
153 -160.0000000000
200 -155.0000000000
223 -152.0000000000
239 -151.0000000000
247 -150.0000000000
261 -148.0000000000
281 -143.0000000000
305 -142.0000000000
317 -138.0000000000
346 -137.0000000000
371 -134.0000000000
386 -131.0000000000
425 -130.0000000000
440 -127.0000000000
462 -126.0000000000
474 -118.0000000000
510 -117.0000000000
547 -113.0000000000
584 -112.0000000000
592 -110.0000000000
643 -109.0000000000
649 -107.0000000000
701 -104.0000000000
757 -102.0000000000
787 -101.0000000000
811 -100.0000000000
835 -97.0000000000
905 -95.0000000000
912 -94.0000000000
941 -93.0000000000
972 -92.0000000000
983 -90.0000000000
1034 -89.0000000000
1082 -88.0000000000
1110 -86.0000000000
1146 -85.0000000000
1158 -83.0000000000
1190 -79.0000000000
1254 -77.0000000000
1301 -76.0000000000
1321 -75.0000000000
1341 -74.0000000000
1369 -73.0000000000
1409 -72.0000000000
1424 -70.0000000000
1467 -69.0000000000
1483 -66.0000000000
1503 -65.0000000000
1548 -63.0000000000
1615 -62.0000000000
1628 -61.0000000000
1668 -60.0000000000
1705 -58.0000000000
1756 -56.0000000000
1782 -55.0000000000
1816 -54.0000000000
1830 -53.0000000000
1870 -52.0000000000
1882 -51.0000000000
1903 -50.0000000000
1944 -49.0000000000
1977 -48.0000000000
2029 -47.0000000000
2076 -46.0000000000
2101 -45.0000000000
2166 -44.0000000000
2187 -40.0000000000
2281 -39.0000000000
2350 -38.0000000000
2383 -37.0000000000
2438 -36.0000000000
2475 -35.0000000000
2518 -32.0000000000
2620 -31.0000000000
2629 -30.0000000000
2746 -29.0000000000
2798 -28.0000000000
2866 -27.0000000000
2913 -25.0000000000
2963 -23.0000000000
3066 -21.0000000000
3163 -20.0000000000
3207 -19.0000000000
3293 -18.0000000000
3353 -17.0000000000
3385 -15.0000000000
3474 -14.0000000000
3504 -13.0000000000
3572 -11.0000000000
3638 -9.0000000000
3774 -8.0000000000
3826 -7.0000000000
3913 -6.0000000000
3945 -5.0000000000
4061 -4.0000000000
4122 -3.0000000000
4142 -2.0000000000
4289 -1.0000000000
4310 355.0000000000
4347 372.0000000000
4364 374.0000000000
4538 381.0000000000
4714 385.0000000000
4878 391.0000000000
5136 397.0000000000
5405 404.0000000000
6126 408.0000000000
7279 409.0000000000
10020 -1.0000000000
