evaluations raw_y
1 0.0000000000
2 2.1600000000
3 23.7400000000
4 30.7600000000
13 33.2100000000
14 53.3300000000
17 61.2300000000
24 75.2500000000
35 78.8200000000
44 92.3700000000
67 101.3400000000
101 115.5500000000
113 119.5700000000
251 130.3100000000
270 134.3500000000
483 142.4100000000
498 148.1200000000
519 152.5300000000
540 157.2500000000
549 169.4800000000
584 173.5900000000
827 314.9600000000
832 323.1200000000
838 332.9800000000
840 338.1600000000
856 338.4600000000
870 350.4600000000
904 429.8300000000
907 449.6700000000
992 450.5600000000
1028 463.7700000000
1401 466.5200000000
2155 471.7200000000
3341 473.6000000000
3400 474.9000000000
4179 475.0000000000
4460 475.2000000000
4559 477.0500000000
4701 484.0400000000
4748 488.6000000000
4785 499.1800000000
4807 593.5300000000
6381 595.4500000000
6469 595.9500000000
6485 605.7000000000
6554 608.2700000000
6683 609.1900000000
6775 614.5500000000
7057 622.7300000000
7491 629.6000000000
7595 629.7900000000
7720 646.7100000000
12559 651.1700000000
13941 652.9600000000
14073 664.7200000000
16902 665.0000000000
16945 665.0100000000
17849 673.4600000000
18257 677.3300000000
19415 680.6500000000
22057 750.5500000000
22063 763.4800000000
22076 763.8300000000
22199 772.9700000000
23018 783.3000000000
31352 800.6800000000
40187 802.8900000000
40911 811.5800000000
54841 814.7000000000
59182 826.9600000000
60529 829.5900000000
60549 832.4400000000
60754 832.8300000000
60881 834.2700000000
61567 842.5000000000
66244 848.5800000000
100000 37.2200000000
evaluations raw_y
1 0.0000000000
2 3.0500000000
3 10.2600000000
4 22.1000000000
7 26.2500000000
8 45.9300000000
12 45.9600000000
15 54.1100000000
16 56.1400000000
22 65.5600000000
26 91.9000000000
31 94.3400000000
33 97.8300000000
39 102.8000000000
41 107.6900000000
46 113.1600000000
79 121.3700000000
93 123.4400000000
116 125.2300000000
147 131.2100000000
173 153.3700000000
384 160.0000000000
433 171.5700000000
563 191.8600000000
584 215.4600000000
595 239.7100000000
618 246.1200000000
696 246.9300000000
703 248.3400000000
972 285.8100000000
1467 384.6500000000
1518 394.2600000000
1521 396.0700000000
1565 408.2100000000
2243 412.7800000000
2891 414.1000000000
3148 427.5500000000
5024 482.6800000000
6312 532.8100000000
7125 541.2600000000
8347 551.2400000000
8382 559.0700000000
8806 561.4900000000
9542 563.3100000000
11999 567.4500000000
16158 579.4800000000
21251 579.6900000000
24548 586.5000000000
25068 591.9400000000
25781 603.6900000000
26031 607.6800000000
26959 623.2400000000
30035 648.9800000000
30050 672.5200000000
30051 695.1500000000
30622 703.2800000000
33970 707.9000000000
34869 761.3800000000
37426 769.2400000000
37530 778.4300000000
37643 780.9300000000
37918 782.4000000000
38061 784.1700000000
40876 784.2300000000
41718 784.6500000000
42086 786.3100000000
50434 790.0300000000
60315 791.9700000000
62697 793.6900000000
64419 806.4400000000
64531 811.8500000000
64594 816.4500000000
64670 818.3400000000
65271 820.7700000000
65560 824.1000000000
66020 828.0700000000
70283 834.0300000000
70284 861.8400000000
71653 866.1600000000
82276 870.2200000000
96470 879.2300000000
100000 719.7000000000
evaluations raw_y
1 0.0000000000
2 9.3300000000
3 28.3800000000
11 65.1400000000
12 69.9900000000
19 73.6900000000
29 75.0200000000
35 131.7400000000
55 147.6300000000
170 148.5000000000
359 154.8600000000
423 158.2000000000
592 158.8400000000
666 174.2000000000
794 175.0800000000
957 200.6700000000
960 211.9700000000
964 215.3500000000
969 224.5100000000
1006 231.3200000000
1013 245.3700000000
1057 262.9500000000
1184 263.1500000000
1194 272.8800000000
1203 279.1100000000
1209 279.9100000000
1307 280.6500000000
1388 290.2300000000
1418 296.7500000000
1484 299.1700000000
1663 299.6900000000
1941 438.9100000000
1944 447.2100000000
1951 452.8900000000
1982 457.3700000000
1991 460.4300000000
2080 466.2100000000
2210 468.8500000000
2453 471.0300000000
2862 472.4700000000
3559 475.9400000000
3568 480.7100000000
3651 485.4200000000
3682 490.4600000000
3695 490.7200000000
3732 495.7400000000
3781 496.0700000000
3958 496.7700000000
3992 508.1300000000
3998 523.4800000000
9847 648.5600000000
9867 652.6200000000
10092 653.9500000000
10235 663.2700000000
11193 666.4900000000
12260 668.2000000000
18248 670.2500000000
23394 672.9000000000
25256 676.2300000000
26104 681.2400000000
32892 683.4200000000
33055 696.2600000000
36914 697.4400000000
36915 698.2000000000
36953 698.6600000000
37062 707.2300000000
43484 709.4100000000
46305 709.8100000000
46442 711.9500000000
46818 726.6800000000
47855 727.3500000000
50213 729.7900000000
51519 738.7700000000
74471 768.3600000000
74477 776.7400000000
74585 787.2700000000
74709 794.9900000000
74975 799.3600000000
74981 799.5600000000
75328 799.7500000000
75659 801.9600000000
78611 803.4400000000
79625 804.5200000000
88040 806.1200000000
90519 807.8400000000
93018 809.9600000000
97863 811.0700000000
100000 639.2500000000
evaluations raw_y
1 0.0000000000
2 12.7600000000
3 32.1700000000
5 35.0200000000
6 49.9400000000
9 62.7600000000
32 75.4900000000
38 99.3700000000
49 114.4700000000
55 116.1600000000
59 152.5700000000
277 191.8500000000
744 194.4400000000
813 279.8000000000
1197 316.5000000000
1329 322.3000000000
1342 340.3100000000
1387 357.4300000000
1549 361.9400000000
2052 365.3100000000
3252 368.8400000000
3497 369.9600000000
3570 370.8000000000
3601 376.9100000000
3777 376.9500000000
3855 381.9500000000
3865 385.6000000000
3971 395.1000000000
3984 400.2600000000
3985 405.5400000000
4016 418.1700000000
4071 421.0600000000
4112 423.3500000000
4147 426.5400000000
4219 438.8800000000
4293 467.3300000000
4736 516.5700000000
4764 517.5500000000
4766 540.8800000000
4796 552.8000000000
5024 559.4900000000
5171 567.2600000000
5226 572.9800000000
6011 585.2700000000
7690 591.7200000000
7840 607.5300000000
9758 609.2500000000
10461 616.8500000000
11028 617.3900000000
13604 675.1100000000
18034 679.6900000000
18075 686.7100000000
18573 694.3500000000
20732 700.5700000000
21526 705.8900000000
24785 712.9200000000
24801 721.7200000000
24946 726.5900000000
26789 726.6300000000
27914 729.9400000000
29050 731.9100000000
32286 732.7000000000
35260 734.3900000000
35960 738.1500000000
36325 739.7000000000
39461 739.9800000000
39496 744.9600000000
40184 745.9000000000
40298 748.0000000000
40676 753.9900000000
40885 759.0300000000
42511 761.2600000000
45931 772.5200000000
58180 781.0100000000
58202 788.5400000000
58316 789.7300000000
58424 790.7100000000
59403 791.7400000000
60354 856.7200000000
82952 869.6500000000
83198 874.8500000000
100000 714.2100000000
evaluations raw_y
1 0.0000000000
2 13.9800000000
5 23.9900000000
8 35.5800000000
13 43.7300000000
16 56.5000000000
20 61.8100000000
23 96.0700000000
25 116.9900000000
47 120.0700000000
48 126.9600000000
72 132.2000000000
135 152.0500000000
219 201.6000000000
268 201.9100000000
273 208.8300000000
276 215.5400000000
285 222.5300000000
305 230.2200000000
333 231.2600000000
522 233.1600000000
577 234.5100000000
594 245.5000000000
630 249.8300000000
635 253.9100000000
662 255.3800000000
680 259.5500000000
709 268.8300000000
736 276.8300000000
750 284.8100000000
1233 291.9300000000
1244 294.7100000000
1324 305.2400000000
1448 310.2600000000
1450 316.2200000000
1452 329.9100000000
1454 332.7600000000
1456 333.8500000000
1467 350.8800000000
1500 352.7400000000
1563 352.8100000000
1598 359.1900000000
1672 375.9600000000
1824 381.5200000000
1939 386.1500000000
2072 389.2800000000
3045 389.4500000000
3251 483.3100000000
3269 495.5800000000
3273 497.2600000000
3277 540.7300000000
3915 548.9900000000
4044 554.0600000000
6418 554.8200000000
6450 558.6600000000
6464 565.2900000000
6611 572.4700000000
14033 579.1600000000
14597 582.3800000000
14740 584.7900000000
15554 641.0100000000
15572 656.4100000000
15586 667.1800000000
15727 671.8200000000
17504 675.0900000000
17984 675.1700000000
18339 675.2200000000
18358 676.1300000000
18371 678.1700000000
18415 683.4300000000
18419 683.7700000000
18478 685.2600000000
18496 696.1700000000
18723 696.5300000000
18743 703.7300000000
18947 709.0400000000
19110 714.8800000000
19621 717.9200000000
20251 722.4800000000
26529 725.8200000000
29253 748.2000000000
29315 748.9800000000
29332 771.8600000000
29607 772.6400000000
30005 777.4500000000
30107 778.4400000000
30191 779.8700000000
30219 783.7100000000
30248 788.2200000000
31601 789.1800000000
32082 789.9200000000
32264 790.2400000000
32459 790.6000000000
33184 795.2400000000
34521 805.2500000000
34971 809.9300000000
41650 810.5400000000
41678 811.2500000000
41820 816.2900000000
42387 823.7300000000
43863 824.2100000000
53215 826.1100000000
58447 827.0400000000
60306 829.3200000000
63723 837.7100000000
76688 844.8900000000
85280 858.4500000000
100000 16.9700000000
evaluations raw_y
1 0.0000000000
2 35.2700000000
4 57.8500000000
6 59.2100000000
8 66.9100000000
9 77.9100000000
19 87.3900000000
24 88.6100000000
27 110.8200000000
32 118.7900000000
49 137.5300000000
92 150.4400000000
157 157.0000000000
198 208.7700000000
203 209.8800000000
209 210.4200000000
212 213.8600000000
213 260.1600000000
866 265.5500000000
1121 294.7700000000
3800 294.8500000000
3816 298.9400000000
3996 414.1300000000
4014 418.3500000000
4029 434.7200000000
4074 437.4000000000
4104 438.8400000000
4105 445.7200000000
4183 460.5600000000
6414 468.9700000000
7390 478.4600000000
7461 480.0200000000
8541 481.2900000000
8603 504.4300000000
8616 509.0700000000
8620 524.9600000000
9077 538.5300000000
9189 540.2300000000
9332 541.9600000000
9335 543.5400000000
9654 549.8300000000
9673 553.2700000000
9752 555.7800000000
10342 657.5300000000
10373 663.2800000000
10487 667.3700000000
10827 667.5800000000
11037 675.3700000000
16991 675.5700000000
17784 677.4200000000
18302 678.0500000000
21701 681.3300000000
22476 685.9600000000
22537 689.1800000000
22575 695.4600000000
22608 696.1300000000
22789 703.4800000000
23266 706.1400000000
24557 763.4400000000
30850 780.8500000000
30852 791.0500000000
30857 792.1600000000
31183 797.9200000000
31540 800.9800000000
34989 818.3700000000
35506 820.4200000000
35663 821.6800000000
52719 831.2800000000
53069 832.9100000000
53596 841.6200000000
53884 843.8600000000
56695 847.0200000000
68198 847.2600000000
100000 489.1400000000
evaluations raw_y
1 0.0000000000
2 1.5600000000
3 11.6600000000
4 20.5500000000
5 26.8000000000
6 29.0900000000
7 41.9100000000
8 48.6400000000
12 66.7700000000
15 82.9800000000
32 90.9700000000
80 92.5900000000
86 94.7700000000
92 96.4500000000
103 96.5100000000
122 104.0600000000
127 113.0400000000
130 113.5400000000
132 118.6500000000
140 133.9300000000
144 143.9200000000
182 148.9600000000
242 170.3800000000
488 177.2600000000
771 179.0700000000
888 234.0800000000
922 252.7900000000
937 267.4900000000
1038 273.1300000000
1683 274.1400000000
1854 277.4400000000
2305 321.6500000000
2312 334.7500000000
2316 353.7500000000
2358 362.6700000000
2397 364.8300000000
2537 365.0400000000
2791 366.0500000000
3094 377.4500000000
3288 429.6200000000
5091 440.8400000000
6212 444.7700000000
6234 454.9800000000
6310 474.7400000000
6311 500.9500000000
6431 501.5100000000
6742 506.0600000000
7023 506.1400000000
7396 508.7600000000
7760 518.0300000000
8754 518.6300000000
8887 521.1900000000
9217 525.2700000000
9308 528.7100000000
10082 530.6900000000
10744 530.9900000000
10755 542.8000000000
10941 544.1800000000
11258 544.4400000000
12401 546.0900000000
12403 547.2100000000
12410 550.8800000000
12411 571.8700000000
12412 605.1900000000
12448 608.6400000000
12647 611.8600000000
13522 615.4100000000
13585 616.3500000000
13596 622.6000000000
13649 623.1700000000
13712 629.7800000000
13745 642.1100000000
13832 652.4700000000
14948 779.5800000000
26345 783.1500000000
39651 791.3000000000
49579 802.7700000000
52104 807.2900000000
52903 815.6000000000
53012 816.9200000000
56336 820.7200000000
68775 825.7200000000
69391 829.1300000000
69865 829.9000000000
69979 835.6100000000
71920 836.4700000000
73549 841.7100000000
87684 843.2500000000
91537 845.5000000000
98223 846.7500000000
98751 847.2000000000
98981 856.1000000000
100000 797.7500000000
evaluations raw_y
1 0.0000000000
2 3.9500000000
3 6.8600000000
4 7.6700000000
5 16.3900000000
6 37.4700000000
10 39.6400000000
12 52.1800000000
14 87.4600000000
20 104.1200000000
60 124.2400000000
98 136.4500000000
151 139.1100000000
168 140.4200000000
202 150.5100000000
282 150.7100000000
284 160.1100000000
391 172.9400000000
396 196.1000000000
404 201.5900000000
407 209.2600000000
417 233.9200000000
420 238.1500000000
433 238.3800000000
442 248.0000000000
464 277.8100000000
866 279.5900000000
872 295.8000000000
1299 297.3000000000
1446 337.6600000000
1677 382.1100000000
1682 385.9300000000
1687 389.8200000000
1704 396.6000000000
1708 396.8000000000
1710 397.5100000000
1716 403.5300000000
1730 404.3300000000
1732 410.9500000000
1764 411.8400000000
1769 414.3900000000
1786 422.5100000000
2006 432.7000000000
2041 435.0300000000
2320 438.9200000000
2389 439.6700000000
2405 443.8500000000
2496 458.2000000000
2565 458.9700000000
2894 460.3700000000
2918 462.1100000000
2989 463.8700000000
3092 464.3700000000
3174 464.9700000000
3218 466.0500000000
3312 468.9400000000
3505 469.1400000000
3556 534.6800000000
3578 538.0300000000
3604 551.9100000000
3621 553.6600000000
3725 555.4000000000
3730 562.6900000000
3834 565.0600000000
4039 573.8700000000
4103 575.0600000000
4128 585.5500000000
4458 612.6200000000
4647 614.2500000000
4706 627.0300000000
8206 630.4100000000
8298 631.1300000000
12774 632.8300000000
15177 680.9200000000
15218 687.4200000000
15382 695.8900000000
15727 702.1000000000
16102 716.0100000000
21762 778.6500000000
23520 782.1000000000
23524 793.0300000000
23797 800.0400000000
27492 800.3200000000
29288 809.2500000000
53913 814.1300000000
53926 821.5400000000
53969 832.8400000000
69240 840.9300000000
100000 23.1000000000
evaluations raw_y
1 0.0000000000
2 12.9200000000
6 26.7700000000
7 34.9200000000
9 52.1000000000
11 55.5900000000
17 56.4900000000
20 65.9700000000
21 79.7700000000
24 102.7900000000
25 121.7900000000
45 127.3000000000
50 197.8900000000
56 218.1300000000
57 231.3300000000
137 237.0800000000
158 246.7900000000
223 248.0300000000
225 248.8900000000
235 269.5300000000
251 270.1600000000
451 271.1600000000
470 275.2500000000
535 278.3700000000
604 280.1700000000
753 283.5500000000
755 297.7200000000
1011 299.5500000000
2480 299.7000000000
2609 300.5700000000
3345 314.6300000000
4327 321.2500000000
4342 325.8000000000
4344 334.4500000000
4345 347.2000000000
4348 357.1200000000
4353 357.7300000000
4642 359.5200000000
4644 364.1600000000
4648 380.2000000000
4905 385.7500000000
5604 390.2800000000
6062 401.7600000000
6298 406.0500000000
6346 407.6200000000
6790 543.4600000000
8069 545.2500000000
8136 554.0400000000
9063 559.6800000000
15939 561.4600000000
16236 591.6100000000
17092 646.9300000000
17099 693.2000000000
17209 694.0500000000
17358 697.5300000000
17584 698.2000000000
17588 711.0900000000
18289 711.2400000000
18332 722.0500000000
18340 729.2500000000
18353 747.5100000000
18555 748.7300000000
18773 753.2800000000
21555 753.8200000000
22416 754.3300000000
22925 759.9600000000
25420 770.4400000000
30153 784.9200000000
44024 789.2900000000
47733 789.3200000000
53159 792.4800000000
56526 801.9500000000
60071 811.4200000000
70445 816.0800000000
72128 823.0900000000
72994 823.3700000000
73395 825.6000000000
73690 826.9200000000
73741 841.5300000000
100000 -1.0000000000
evaluations raw_y
1 0.0000000000
2 14.1000000000
3 16.9200000000
4 22.5500000000
8 27.4600000000
12 29.7600000000
14 44.0000000000
18 45.7700000000
20 52.6000000000
21 78.4700000000
43 89.4200000000
47 92.3900000000
50 144.6500000000
57 152.0200000000
58 177.1400000000
91 180.2000000000
98 182.4400000000
111 187.9400000000
118 188.5400000000
122 191.3800000000
156 199.8300000000
172 212.0800000000
183 220.7800000000
251 225.0800000000
253 234.7700000000
256 248.3700000000
262 264.0700000000
274 267.7500000000
280 272.6400000000
286 278.9700000000
301 290.6500000000
332 296.4300000000
372 302.4600000000
455 310.2200000000
469 313.4500000000
619 325.9400000000
899 353.8400000000
934 356.0600000000
938 367.6800000000
958 380.9600000000
1121 397.7300000000
1161 487.9900000000
6540 499.1300000000
6557 511.9200000000
6878 511.9300000000
7263 514.1100000000
7518 517.5200000000
8685 520.3400000000
9128 529.9800000000
10673 536.4900000000
10797 541.8200000000
11053 542.0000000000
11676 544.7500000000
11678 549.9600000000
13587 569.6700000000
18189 611.8500000000
19544 633.0600000000
19665 633.2500000000
19843 638.0900000000
19865 640.0100000000
19874 646.1000000000
19894 673.4600000000
20254 675.4500000000
20548 692.2500000000
25107 729.7600000000
25115 745.3800000000
25129 761.6300000000
25141 763.9100000000
25185 769.2200000000
25579 774.2400000000
26654 776.0700000000
28143 783.3200000000
28146 796.7000000000
28450 798.0900000000
28550 802.6800000000
28708 804.1200000000
38031 810.5500000000
39458 817.9300000000
51916 837.8100000000
55617 839.7100000000
56378 844.8000000000
60586 844.9100000000
60713 849.8300000000
61276 851.4300000000
61450 854.6700000000
61480 865.7600000000
68260 868.2000000000
72276 871.8500000000
92737 876.5900000000
100000 15.0000000000
evaluations raw_y
1 0.0000000000
2 4.8300000000
3 31.7000000000
5 70.6700000000
23 83.7100000000
31 104.4900000000
144 119.6100000000
171 120.3900000000
174 127.4800000000
183 237.8500000000
187 244.9500000000
197 249.0700000000
211 261.1800000000
217 286.7900000000
220 303.2800000000
230 304.4200000000
260 306.9300000000
297 415.7900000000
298 445.2700000000
409 445.3700000000
727 449.6600000000
739 450.3200000000
866 453.4800000000
2717 457.9000000000
2928 458.5300000000
3023 461.7300000000
4178 501.2500000000
4203 505.6000000000
4242 514.9100000000
4342 528.9100000000
4367 533.5100000000
4377 541.7900000000
5161 546.0600000000
5167 563.9000000000
5301 582.4700000000
5320 598.0800000000
5396 602.0900000000
5400 607.1000000000
5751 687.2300000000
13912 729.9400000000
13983 738.5900000000
13984 742.1300000000
14050 753.1900000000
14382 762.1500000000
14451 763.1700000000
14813 763.3900000000
16207 768.8400000000
18278 771.4200000000
18282 780.1600000000
19725 783.6700000000
21228 792.9000000000
22265 798.8500000000
22267 814.7100000000
22591 823.4900000000
22763 831.2200000000
38163 844.7800000000
38172 846.7700000000
38417 847.6900000000
38439 850.4500000000
39078 856.5900000000
39949 857.1500000000
40895 857.7400000000
40903 857.7600000000
42401 860.3500000000
51284 863.1100000000
52552 870.9500000000
78651 877.1000000000
100000 781.9500000000
evaluations raw_y
1 0.0000000000
2 15.0200000000
3 43.1000000000
4 60.1800000000
9 82.4500000000
14 84.3500000000
18 86.6100000000
22 89.8000000000
24 93.6400000000
38 96.2100000000
39 105.4900000000
61 106.1400000000
72 110.8600000000
87 141.8900000000
124 148.3400000000
127 152.1900000000
152 164.6500000000
185 179.8400000000
643 186.4900000000
880 190.4600000000
1170 190.5200000000
1173 195.5800000000
1174 201.6300000000
1175 208.5500000000
1182 210.4100000000
1188 222.0000000000
1193 224.8700000000
1243 232.3600000000
1245 250.6000000000
1430 255.2500000000
1433 271.3900000000
1482 272.1000000000
1592 288.1200000000
2195 387.0000000000
4234 400.0000000000
4269 401.0600000000
4290 406.7600000000
4328 437.1800000000
5326 437.6700000000
5875 458.1900000000
5878 479.4700000000
5881 501.7100000000
5988 502.6300000000
5996 504.3200000000
6040 507.8100000000
6160 508.3500000000
6166 510.0900000000
6197 513.4000000000
6214 514.6600000000
6283 528.2800000000
6724 532.2600000000
6900 534.4600000000
6904 550.3000000000
6937 557.9500000000
6948 570.2100000000
7329 579.6500000000
8306 615.5700000000
8335 616.2500000000
8829 635.6000000000
9407 642.5500000000
9417 658.7000000000
9608 670.2600000000
10055 679.4000000000
21928 682.5500000000
26443 685.0300000000
26860 686.0600000000
26864 692.8700000000
28308 698.9900000000
30295 699.8800000000
32321 706.0900000000
33332 711.0900000000
38203 713.0300000000
38606 713.1500000000
38607 745.4200000000
38655 752.8200000000
38831 760.1800000000
38941 770.7200000000
42512 771.1200000000
42563 784.6200000000
42682 788.7000000000
42802 799.9400000000
44377 800.1000000000
46070 807.1200000000
61801 812.8800000000
62013 812.9900000000
62389 817.8800000000
62452 820.3000000000
65181 820.7000000000
69007 820.8600000000
71433 823.1900000000
72911 827.1200000000
73317 831.7500000000
73380 832.4100000000
73595 837.1500000000
74628 841.5000000000
77173 848.1000000000
77358 858.6600000000
100000 485.2100000000
evaluations raw_y
1 0.0000000000
2 13.7900000000
9 17.6800000000
10 21.7000000000
11 24.1800000000
13 30.6100000000
14 33.6900000000
16 51.8600000000
22 53.4700000000
25 73.8900000000
29 87.3700000000
31 93.4000000000
55 98.5600000000
68 106.0000000000
69 122.1400000000
80 141.5200000000
98 143.0300000000
110 143.2900000000
111 145.6300000000
132 146.8800000000
133 157.5200000000
185 228.2600000000
191 268.0800000000
192 273.8900000000
198 277.3600000000
431 281.5100000000
477 287.0600000000
502 291.6000000000
532 305.3600000000
1351 373.6500000000
1353 404.7200000000
1363 414.9800000000
1372 419.5500000000
1395 422.9000000000
1551 437.0900000000
1743 440.2500000000
1789 445.9100000000
2310 448.4200000000
2639 449.5800000000
3147 514.5000000000
3173 521.5400000000
3174 536.1300000000
3407 537.1600000000
3410 538.5300000000
3833 541.4000000000
4079 609.9500000000
5363 612.5100000000
9489 657.3600000000
9513 666.7000000000
9563 668.1000000000
9911 672.5200000000
14706 672.8500000000
14730 680.1100000000
23163 683.1700000000
24187 749.2000000000
29596 760.8300000000
29641 773.3400000000
29659 773.4000000000
29711 780.7100000000
29738 783.1500000000
29922 783.1700000000
29987 784.5800000000
30109 791.3700000000
30318 791.5500000000
30395 801.0500000000
33706 801.8400000000
36159 809.2000000000
40302 815.0300000000
40581 817.4200000000
40618 823.0000000000
41644 823.4500000000
43730 826.5700000000
56096 826.7200000000
56568 827.0100000000
56589 836.6600000000
56865 840.1300000000
61358 841.8000000000
72817 842.5900000000
81126 843.0100000000
88182 843.2000000000
96701 850.9500000000
100000 609.3400000000
evaluations raw_y
1 0.0000000000
2 1.5400000000
3 17.8200000000
6 27.9000000000
7 42.9700000000
8 53.1600000000
9 70.2900000000
10 93.0800000000
20 104.9800000000
53 210.4900000000
57 213.3800000000
64 225.3500000000
67 246.1200000000
77 250.4000000000
81 253.8000000000
87 266.1900000000
88 277.6100000000
151 286.1200000000
278 296.5800000000
460 308.3500000000
626 316.7800000000
669 324.6800000000
853 331.6600000000
1387 418.9500000000
1390 432.9700000000
1407 435.7000000000
1488 440.7700000000
1529 461.8400000000
2431 559.8400000000
5308 561.0500000000
5412 563.3500000000
5439 578.7800000000
6051 582.5100000000
6173 583.9400000000
6444 587.5300000000
8589 589.3300000000
9172 637.8300000000
9181 639.5700000000
9197 653.5400000000
9202 661.3700000000
9212 667.5700000000
9236 670.0800000000
10259 671.8400000000
10643 672.6100000000
11293 736.0200000000
11322 746.5700000000
11356 752.6200000000
12973 757.7900000000
16520 760.5000000000
17622 760.9700000000
19385 761.1400000000
19990 766.0300000000
36839 766.0700000000
36937 782.9600000000
36966 785.1500000000
37223 785.3100000000
39556 786.7400000000
40814 787.4600000000
41346 788.3200000000
41681 788.3800000000
49652 802.5600000000
57004 805.9700000000
88986 808.5500000000
90694 809.1000000000
90703 815.2500000000
90894 816.8200000000
90940 829.8400000000
93767 830.8900000000
100000 -1.0000000000
evaluations raw_y
1 0.0000000000
2 28.3800000000
4 33.5100000000
6 36.9800000000
8 57.0900000000
12 66.8000000000
55 82.8000000000
77 93.6700000000
80 96.1900000000
86 106.9700000000
87 110.4000000000
90 131.4000000000
111 144.5900000000
123 149.6200000000
305 154.2600000000
988 209.7700000000
992 233.7800000000
999 235.4600000000
1004 248.8100000000
1022 251.6700000000
1026 402.0300000000
1035 412.9800000000
1068 416.7200000000
1078 416.8900000000
1085 422.2100000000
1089 425.8000000000
1158 432.4800000000
2775 467.8600000000
5790 537.4000000000
5795 537.4400000000
5796 547.0600000000
5807 558.3300000000
5815 563.8200000000
5838 569.8100000000
5849 577.5800000000
6078 577.6600000000
6128 579.4600000000
6152 582.4100000000
6173 582.9300000000
6201 587.0300000000
6308 591.8100000000
6686 596.8300000000
7973 598.4100000000
7994 601.5300000000
8105 616.0700000000
8730 617.4800000000
9470 618.1700000000
9827 676.7300000000
14358 685.2600000000
14380 691.0300000000
14387 696.1700000000
14423 700.0600000000
14728 703.4600000000
21276 713.4400000000
21451 753.9600000000
21462 756.3000000000
21484 760.2700000000
21885 766.0700000000
21912 767.5700000000
24515 772.0200000000
27317 778.4100000000
31093 781.3300000000
31140 790.7800000000
33696 797.4400000000
36158 797.9300000000
37842 798.1200000000
37845 807.3000000000
43893 810.1200000000
57687 811.1500000000
57828 826.0900000000
63836 844.5400000000
83818 844.7900000000
93680 846.3800000000
93697 856.7100000000
93841 863.1300000000
94287 867.2800000000
96079 874.2200000000
100000 612.3300000000
evaluations raw_y
1 0.0000000000
2 15.0600000000
3 17.0300000000
4 47.6700000000
8 49.2400000000
20 64.7400000000
24 66.4300000000
25 71.2500000000
36 71.3000000000
51 81.5000000000
57 84.4200000000
77 87.3200000000
88 94.9600000000
94 112.8800000000
126 115.9800000000
136 116.4300000000
169 118.4400000000
193 120.0600000000
199 127.5500000000
226 140.2500000000
232 142.4700000000
254 178.3900000000
255 187.1100000000
262 297.7300000000
267 299.0400000000
268 299.6500000000
283 303.7600000000
298 308.7000000000
301 310.7200000000
303 330.2500000000
316 335.1300000000
354 337.6400000000
371 347.4200000000
382 353.0900000000
529 353.9600000000
544 365.7600000000
547 496.2800000000
3945 562.3400000000
3958 568.0500000000
3963 578.6800000000
4422 584.6500000000
5106 587.8900000000
5532 590.0900000000
5728 599.7900000000
7771 666.6100000000
14469 670.9200000000
15375 679.4700000000
15749 681.1500000000
15750 681.3400000000
15896 685.3500000000
16508 686.0000000000
17110 694.5200000000
18688 739.9400000000
18691 753.4200000000
18713 754.4100000000
18742 761.7100000000
18762 766.1400000000
18792 766.9400000000
18832 769.1900000000
19005 773.4500000000
19708 775.3000000000
19898 776.4500000000
19904 780.7500000000
19909 787.4600000000
19912 801.0900000000
20477 808.2800000000
20565 810.0100000000
20710 815.6500000000
21999 817.9300000000
23733 824.0900000000
24116 828.0600000000
25890 828.5100000000
27652 838.0100000000
58239 838.2800000000
91421 852.5600000000
99147 853.9500000000
99646 857.5000000000
100000 -2.0000000000
evaluations raw_y
1 0.0000000000
2 21.3300000000
3 29.7000000000
5 49.2200000000
12 60.9500000000
21 67.4000000000
22 71.2000000000
38 75.4300000000
55 83.8500000000
59 99.5000000000
76 112.1900000000
84 112.6900000000
153 125.5000000000
203 131.3900000000
208 139.5700000000
257 144.8100000000
427 147.9300000000
443 157.7100000000
523 168.3000000000
533 174.4600000000
726 183.4600000000
866 188.9500000000
1160 190.7600000000
1285 266.0400000000
1288 268.5900000000
1291 298.6300000000
1327 303.4800000000
1382 303.9600000000
1385 316.3000000000
1393 326.6800000000
1420 344.5800000000
1421 351.9100000000
1453 356.5600000000
1679 371.7300000000
4041 455.0300000000
4080 474.7500000000
5007 486.9700000000
10563 500.5100000000
12697 502.6400000000
12728 523.9200000000
12759 524.9000000000
14258 528.0600000000
15085 539.8900000000
15164 546.2100000000
16745 665.3200000000
17791 667.7100000000
17824 668.3900000000
17995 668.6100000000
18122 672.0600000000
18277 677.3800000000
18671 679.0300000000
19453 688.4400000000
20096 688.5400000000
20692 689.7300000000
23942 696.6800000000
23975 703.4600000000
27300 713.5600000000
34809 713.8500000000
35241 724.7600000000
38501 774.6900000000
39613 780.3600000000
39631 784.3900000000
39635 801.6300000000
42091 803.3700000000
45663 808.4800000000
45751 812.0900000000
45759 814.1200000000
45812 816.4000000000
47043 816.4100000000
47224 821.6700000000
49116 824.8700000000
50904 828.9800000000
50907 830.6700000000
51657 835.7800000000
55075 843.6400000000
55549 847.6900000000
55579 856.8300000000
55714 863.7700000000
56999 867.0600000000
61564 869.9200000000
63299 870.1700000000
70733 872.6700000000
76970 873.7600000000
100000 611.3700000000
evaluations raw_y
1 0.0000000000
2 7.7700000000
4 14.9200000000
7 23.4500000000
8 25.1700000000
9 25.2200000000
10 30.5400000000
11 34.3000000000
15 52.8000000000
18 64.0500000000
21 64.5500000000
25 115.1600000000
93 116.6000000000
94 116.6400000000
96 132.9400000000
99 140.8100000000
202 157.0400000000
283 169.7300000000
402 174.1900000000
563 177.1200000000
724 183.8000000000
810 198.3200000000
1226 222.3100000000
1390 222.7800000000
1415 227.5000000000
1443 231.9800000000
1467 232.3000000000
1737 238.5000000000
1746 241.4400000000
1803 258.8400000000
2591 263.3400000000
2793 270.2600000000
3036 276.2600000000
3054 282.9500000000
3310 288.0700000000
3364 295.6000000000
3759 298.8300000000
4108 301.4400000000
4113 310.3800000000
4137 314.7400000000
4160 326.2700000000
4177 343.5400000000
4862 434.6400000000
9385 436.4800000000
9397 442.8800000000
9422 446.5400000000
9436 459.5100000000
9566 468.6600000000
9597 580.5600000000
9791 585.0400000000
10015 586.2100000000
10131 591.8000000000
10327 592.1100000000
10807 594.1800000000
11576 599.1300000000
11726 599.8500000000
12589 620.4600000000
19743 634.9100000000
19756 639.0800000000
20060 641.9400000000
20338 650.9300000000
21227 655.3100000000
21546 657.8300000000
23432 660.5000000000
23838 664.7800000000
24012 667.4300000000
24047 668.2100000000
24412 671.7100000000
24440 676.5400000000
24484 682.4900000000
24702 688.3200000000
24850 822.2300000000
42714 823.6600000000
43804 827.8500000000
49983 834.2800000000
63607 838.9900000000
83466 857.1400000000
96855 858.1600000000
97873 862.7800000000
100000 841.0600000000
evaluations raw_y
1 0.0000000000
2 47.5500000000
3 48.0600000000
4 64.3200000000
5 65.4300000000
11 83.5600000000
14 102.4700000000
17 112.6400000000
26 119.9300000000
27 120.3300000000
59 122.3300000000
99 126.1300000000
215 139.1800000000
330 154.4600000000
525 156.6300000000
748 157.6000000000
766 164.3400000000
845 181.8800000000
1018 201.3700000000
1132 242.0300000000
1135 247.6300000000
1137 259.7400000000
1148 265.4900000000
1214 271.8300000000
1257 278.0600000000
1522 281.3000000000
1526 282.6100000000
1617 285.5700000000
1700 287.9800000000
1935 292.9900000000
2049 319.4600000000
2062 336.4900000000
2087 340.3300000000
2096 345.0000000000
2128 366.9400000000
2692 367.5700000000
4425 368.3700000000
6395 371.7700000000
7244 390.9500000000
7432 464.5900000000
12789 481.5900000000
13053 489.9500000000
13151 496.7400000000
13176 502.9800000000
13233 503.5700000000
14593 507.6400000000
14814 510.9000000000
14857 523.6900000000
15153 525.4200000000
15244 538.0900000000
18261 539.8500000000
20206 546.4700000000
20269 561.9000000000
20383 576.4800000000
27355 586.1800000000
28995 587.0400000000
29136 587.7100000000
31336 634.0800000000
33972 642.3000000000
34097 646.9000000000
42427 674.2500000000
42445 677.8200000000
42492 679.2100000000
42541 680.7100000000
42547 684.3200000000
42606 690.3500000000
42611 697.5600000000
42909 699.1700000000
42939 706.2000000000
43167 707.9800000000
43196 711.4500000000
43232 717.3700000000
43922 720.9500000000
44814 766.3100000000
57547 813.9800000000
57607 816.1900000000
57682 816.4300000000
57684 820.4100000000
57853 823.5100000000
57965 824.0500000000
57994 824.1900000000
58514 826.4000000000
58904 828.0300000000
60055 832.8800000000
61431 835.4000000000
61871 853.3600000000
81904 861.2900000000
82167 871.1400000000
98613 876.5900000000
100000 772.4500000000
evaluations raw_y
1 0.0000000000
2 7.5100000000
3 20.7900000000
4 30.9000000000
5 42.4200000000
6 57.6400000000
13 67.2100000000
17 71.3800000000
51 79.6800000000
67 82.0700000000
70 88.5400000000
71 95.3400000000
72 127.7800000000
137 139.0800000000
175 143.4600000000
185 147.7600000000
188 150.3300000000
263 150.4700000000
276 156.0700000000
332 158.7700000000
366 194.5900000000
379 199.2400000000
385 214.3800000000
390 219.3900000000
427 238.3700000000
531 251.0800000000
766 257.2300000000
774 258.0400000000
775 289.6100000000
1155 298.8000000000
1156 304.0000000000
1163 317.1200000000
1167 329.1400000000
1174 329.7900000000
1176 339.5500000000
1187 350.2200000000
1201 363.1000000000
1215 364.9700000000
1237 368.5000000000
1260 372.0400000000
1290 373.5200000000
1331 376.3300000000
1365 381.8500000000
1390 389.4200000000
1424 393.0200000000
1580 400.7700000000
2747 482.8900000000
2777 492.5000000000
2986 493.9700000000
2999 503.2200000000
3036 504.8000000000
3498 515.9600000000
4226 623.4300000000
12647 630.5200000000
12657 632.9800000000
12692 639.7800000000
13865 647.3400000000
14326 660.7200000000
14467 668.8300000000
16011 672.9200000000
18532 679.1000000000
19534 680.3200000000
19551 691.8300000000
19655 696.9500000000
19708 700.0000000000
21647 702.2300000000
22031 724.4300000000
23790 727.5200000000
24798 743.1700000000
34890 799.1100000000
38089 811.0700000000
71390 817.1600000000
74846 829.1700000000
88192 830.7400000000
94142 836.2600000000
95067 839.2700000000
95216 840.9900000000
96112 848.3000000000
100000 760.0500000000
evaluations raw_y
1 0.0000000000
2 13.8800000000
3 19.1300000000
5 22.9400000000
10 35.0700000000
11 43.7200000000
19 55.7100000000
22 58.9100000000
23 80.3300000000
38 95.6000000000
64 99.6300000000
97 108.0900000000
158 109.2900000000
242 118.0500000000
251 126.5500000000
254 131.7300000000
394 132.5200000000
400 144.4100000000
467 151.4400000000
470 153.1100000000
481 155.3300000000
755 156.7700000000
892 158.3600000000
930 160.7000000000
956 166.8200000000
968 250.4300000000
1156 253.6400000000
1163 256.2100000000
1183 269.8400000000
1288 374.4200000000
1327 378.7800000000
1331 383.4100000000
1343 386.1600000000
1350 388.4000000000
1365 398.5600000000
1375 403.3500000000
1376 406.8900000000
1385 408.5000000000
1441 409.6200000000
1581 412.5900000000
1645 417.1700000000
1651 421.8000000000
1718 425.7100000000
1828 432.0000000000
2034 437.4800000000
2047 448.9900000000
2941 449.2900000000
2959 454.9600000000
3249 462.5300000000
3314 465.5100000000
4499 482.5300000000
4500 489.9900000000
4934 498.2800000000
5308 506.1800000000
8430 547.2600000000
8437 559.1500000000
8452 567.0400000000
8571 575.4900000000
9177 578.7000000000
10009 582.2900000000
12898 582.6000000000
12907 593.1500000000
12924 597.0400000000
12973 609.8600000000
13069 610.6100000000
13079 611.7600000000
13086 613.5900000000
13481 624.9800000000
15476 631.5300000000
16874 708.5000000000
24379 709.2100000000
26615 712.9100000000
34227 718.5900000000
39834 719.3500000000
39848 719.9100000000
39886 721.8600000000
40795 722.7700000000
41019 725.4700000000
41096 730.9100000000
41360 734.4500000000
45130 737.4800000000
46900 737.5200000000
51438 785.2300000000
52022 789.5500000000
52102 794.8400000000
52570 802.4900000000
54823 809.3800000000
57455 811.1000000000
62639 811.8300000000
62660 821.8100000000
62837 825.7900000000
62925 834.6000000000
63710 834.9400000000
63743 841.2500000000
63932 844.5800000000
73452 847.4900000000
77406 848.9700000000
78243 850.6900000000
100000 352.4000000000
evaluations raw_y
1 0.0000000000
2 3.9700000000
3 6.2500000000
5 7.4300000000
6 16.7500000000
10 39.7300000000
15 45.7500000000
22 61.8400000000
28 69.9600000000
34 74.9300000000
37 84.4000000000
41 101.5700000000
71 101.9000000000
73 102.1200000000
74 120.5300000000
224 121.2900000000
229 257.5900000000
235 267.4700000000
249 272.9200000000
255 280.0400000000
269 292.2600000000
387 302.5800000000
675 352.0200000000
2156 355.0800000000
2305 369.8700000000
2448 376.5200000000
2566 384.7400000000
2601 398.8200000000
2696 399.7100000000
3346 399.9800000000
3464 405.0900000000
3662 405.9700000000
3706 412.1800000000
5794 529.1500000000
10835 544.0500000000
11110 544.8600000000
11132 546.6200000000
11134 556.4500000000
11173 558.7100000000
11192 567.9000000000
11320 574.3100000000
15398 578.5400000000
16227 581.8700000000
17786 655.9000000000
17801 666.4700000000
17802 682.5100000000
17973 683.9000000000
17995 687.2500000000
18146 691.2900000000
18366 694.6800000000
18724 697.4300000000
18738 697.9100000000
23607 765.3600000000
23633 789.1900000000
23799 796.5100000000
24752 797.4200000000
25670 803.0600000000
26122 808.1800000000
26394 813.7700000000
31480 816.1000000000
38787 820.1000000000
42677 820.1100000000
50460 823.5700000000
50500 830.6300000000
52512 832.2200000000
53758 835.2200000000
58353 837.0900000000
64417 857.8300000000
65951 868.7000000000
88521 869.0400000000
89149 870.5300000000
94784 870.7200000000
99750 873.7500000000
100000 207.7300000000
evaluations raw_y
1 0.0000000000
2 7.4900000000
3 10.3000000000
4 15.5200000000
5 24.7100000000
7 32.9700000000
9 50.0600000000
11 65.7500000000
16 70.8700000000
21 73.8100000000
22 78.3000000000
33 78.9500000000
34 83.3100000000
36 91.1900000000
47 100.5700000000
64 105.1100000000
102 114.0600000000
116 114.3200000000
141 126.2500000000
145 143.3600000000
289 143.4200000000
343 232.0500000000
357 254.0200000000
365 389.7000000000
3145 414.0900000000
3151 430.9900000000
3235 438.9400000000
3269 444.6100000000
3369 453.6500000000
3371 455.8800000000
3421 461.8800000000
3442 463.4100000000
3525 471.7000000000
3534 479.2900000000
3678 482.8100000000
3823 490.4400000000
5987 502.9100000000
5997 513.9000000000
6098 515.2300000000
6136 519.1400000000
6687 519.3800000000
6892 521.5400000000
6893 521.6100000000
6894 540.0000000000
6908 543.9800000000
6982 546.4300000000
6999 561.0300000000
7010 572.3300000000
7236 583.3100000000
11158 590.7000000000
11208 591.3200000000
11235 592.3000000000
11431 593.4800000000
12018 608.4200000000
12460 626.5400000000
15088 636.7100000000
15254 640.9900000000
15820 643.8900000000
16594 644.4000000000
16698 645.8300000000
16738 647.7900000000
16966 652.9100000000
17687 671.8200000000
17756 683.9200000000
17772 685.3600000000
17823 688.1200000000
17830 709.0300000000
19243 715.3700000000
22209 780.5800000000
35996 797.8100000000
55484 800.6700000000
55600 802.0300000000
55632 807.4600000000
55691 813.1200000000
55970 823.9600000000
60298 826.6000000000
73759 834.9300000000
75443 835.0300000000
79155 835.2000000000
80214 838.4600000000
86649 841.9100000000
86780 846.1900000000
87491 854.8600000000
100000 453.7300000000
evaluations raw_y
1 0.0000000000
2 2.6200000000
3 4.0100000000
4 5.3800000000
5 27.7900000000
11 27.8900000000
12 46.3500000000
13 47.3300000000
14 48.8400000000
21 88.9600000000
22 91.7700000000
25 102.9100000000
27 117.1800000000
34 118.5100000000
63 119.1300000000
66 120.5400000000
93 120.7600000000
100 134.2800000000
113 137.7400000000
207 140.8900000000
236 147.6000000000
254 159.1800000000
321 170.5500000000
378 175.6400000000
405 188.0800000000
411 194.1000000000
418 201.1800000000
424 206.5000000000
425 206.7300000000
432 219.8700000000
442 225.6200000000
519 242.0100000000
530 245.3800000000
540 250.6600000000
551 250.7900000000
564 257.6000000000
580 261.0500000000
587 261.6700000000
838 273.3400000000
1015 274.7100000000
1035 279.5100000000
1106 280.5000000000
1165 303.8300000000
1232 307.8700000000
1250 322.0900000000
1316 334.2500000000
1394 351.9400000000
2003 360.9700000000
2033 469.9400000000
2091 495.0000000000
2134 500.0600000000
2173 503.3900000000
2835 506.4300000000
4082 513.2300000000
5417 513.5000000000
5498 515.0000000000
5573 517.3900000000
6452 577.4700000000
15859 590.0000000000
15900 594.8800000000
16050 595.8500000000
16128 609.0700000000
16150 612.6200000000
16815 619.9000000000
17542 620.9900000000
19245 627.5700000000
19313 629.4900000000
19377 630.7400000000
20025 635.3900000000
20031 637.8500000000
21455 637.8900000000
21714 642.8500000000
21929 645.4600000000
23287 649.0700000000
25200 651.6100000000
25721 652.7700000000
25997 672.5200000000
28485 678.6800000000
34431 687.9700000000
34760 759.9600000000
34768 768.5200000000
34816 771.6600000000
34837 776.7900000000
34848 783.0800000000
34863 790.6800000000
37394 794.3200000000
37624 794.7100000000
43295 796.5600000000
48218 800.2300000000
50188 802.4300000000
56295 804.0500000000
56299 807.2400000000
56307 812.9800000000
56370 813.0100000000
56740 815.8500000000
56784 822.1700000000
60002 824.0500000000
60072 825.0400000000
60244 833.3000000000
71985 833.5300000000
78006 835.9100000000
85912 836.6500000000
86112 836.8800000000
87517 837.5800000000
88436 839.7500000000
100000 48.2500000000
evaluations raw_y
1 0.0000000000
2 22.9900000000
6 25.5700000000
7 37.2000000000
8 58.5300000000
10 66.6000000000
15 73.6200000000
16 76.6200000000
24 78.8600000000
42 81.6200000000
43 84.3500000000
49 88.9800000000
50 90.4600000000
57 92.7300000000
68 99.9500000000
78 105.7800000000
109 126.6000000000
175 133.2700000000
176 133.5700000000
183 137.5400000000
224 139.7200000000
244 140.6800000000
275 148.5200000000
279 149.0800000000
281 149.4600000000
288 173.0500000000
499 173.5100000000
659 264.8700000000
670 273.8500000000
691 277.5300000000
697 284.9000000000
732 296.0500000000
940 300.6900000000
1101 304.1600000000
1516 313.4900000000
1865 371.4000000000
1870 379.8100000000
1871 387.5400000000
1927 390.9700000000
2030 393.4900000000
2074 403.6900000000
4104 409.1100000000
5695 417.2800000000
6000 423.8900000000
6502 428.7800000000
6762 434.9200000000
6924 457.2900000000
7149 487.8400000000
7154 502.2300000000
7155 509.4900000000
7161 510.1900000000
7175 519.7300000000
7181 521.3300000000
7190 523.6300000000
7196 536.2500000000
7231 540.4300000000
7450 545.0000000000
7548 551.0700000000
7551 553.5200000000
7640 557.8400000000
7745 566.7100000000
7763 570.4200000000
7957 573.0200000000
9510 581.1100000000
9842 581.5300000000
10249 584.8700000000
13224 637.2700000000
13233 639.4300000000
13234 656.6200000000
13338 669.0600000000
13413 670.1900000000
13658 671.5000000000
14210 684.0300000000
17230 690.5000000000
18148 695.7400000000
18239 697.1000000000
18247 715.8600000000
19881 717.6300000000
19901 718.0100000000
19949 727.8300000000
19980 728.4500000000
20052 739.9100000000
20256 741.2500000000
20663 742.3300000000
21542 742.7300000000
21742 746.2600000000
22522 750.8200000000
25193 753.0800000000
30362 753.4700000000
30375 762.7100000000
30396 767.7500000000
30398 784.7000000000
31963 786.8100000000
35731 789.7600000000
36401 790.3500000000
36419 792.3300000000
36754 799.8600000000
37381 800.4500000000
37721 807.6200000000
41878 810.8600000000
41929 829.7100000000
42119 830.3200000000
55336 847.5700000000
55350 855.0000000000
55641 855.7800000000
55729 856.6900000000
56163 862.0800000000
60030 874.0300000000
100000 349.5300000000
evaluations raw_y
1 0.0000000000
2 9.2000000000
3 15.3600000000
4 19.1400000000
5 33.4800000000
8 33.8200000000
9 61.7300000000
15 69.6700000000
18 85.0100000000
19 97.1300000000
21 102.4800000000
23 103.0800000000
26 113.0900000000
35 126.4000000000
44 134.5200000000
166 144.8900000000
171 148.3800000000
320 301.3300000000
1616 324.6500000000
1853 326.7600000000
1858 334.4400000000
2210 335.1900000000
2236 345.9100000000
2239 355.6100000000
2240 369.5700000000
2291 370.9600000000
2335 371.9600000000
2339 376.5400000000
2353 387.0100000000
2387 391.0200000000
2439 396.5600000000
2466 397.4200000000
2632 411.2500000000
2763 437.6000000000
2802 460.7700000000
2880 461.4800000000
2917 462.4000000000
2958 463.9500000000
3025 468.5700000000
3097 473.4900000000
3568 514.4900000000
3592 515.5400000000
3607 515.5900000000
3611 519.4400000000
3623 524.1900000000
3678 525.9200000000
3807 528.4000000000
3849 533.4700000000
4025 534.2500000000
4481 538.2700000000
5600 541.0900000000
5806 546.0100000000
6423 546.8400000000
6642 548.4100000000
7093 555.6300000000
7097 574.0000000000
7178 579.5800000000
7357 709.9800000000
15056 711.2600000000
15171 712.6100000000
15275 716.8400000000
15317 718.1500000000
15494 720.9900000000
15660 724.8600000000
16440 725.1100000000
16643 727.3100000000
23092 731.1400000000
27230 732.2800000000
33216 773.6000000000
33239 786.6100000000
33288 805.7400000000
33410 806.3200000000
43140 809.6200000000
45964 814.6000000000
50750 821.7800000000
75561 821.8700000000
76713 824.5000000000
77827 824.8300000000
79699 833.5100000000
82695 844.6600000000
83093 846.0900000000
85125 846.4000000000
97337 847.3900000000
99108 850.0100000000
100000 828.0000000000
evaluations raw_y
1 0.0000000000
2 7.1200000000
3 16.1700000000
8 24.0200000000
10 24.3600000000
11 25.1200000000
12 37.4800000000
19 59.6000000000
24 79.7000000000
29 85.4900000000
32 87.3900000000
36 106.5000000000
100 111.9200000000
110 121.4200000000
116 132.0300000000
158 137.1200000000
163 148.5000000000
191 151.5500000000
207 152.5300000000
351 171.5400000000
401 174.6700000000
403 178.6900000000
413 181.0900000000
498 184.5000000000
501 186.1400000000
509 191.6000000000
516 200.7700000000
545 222.2300000000
563 245.8600000000
748 325.2000000000
752 335.0100000000
753 357.9200000000
768 375.9700000000
780 384.2600000000
791 386.3900000000
869 388.4400000000
1366 391.4400000000
1433 396.3800000000
1661 399.9800000000
1689 401.4000000000
1713 410.1300000000
1889 411.7400000000
2054 415.9300000000
2955 416.1500000000
3017 418.5500000000
3040 419.1300000000
3140 422.3400000000
3229 435.7700000000
3572 436.7000000000
3847 438.5000000000
3871 441.9200000000
3882 448.6900000000
3885 455.1900000000
4047 463.1600000000
4317 467.4400000000
4486 468.5900000000
4543 469.2000000000
4927 470.4600000000
5235 486.6500000000
6796 542.2300000000
10976 546.5800000000
13218 548.7400000000
14195 619.2400000000
14217 623.8300000000
14218 628.5300000000
14245 639.3500000000
14287 643.4800000000
14418 653.8800000000
19393 657.1100000000
19399 663.0100000000
19473 663.9700000000
19524 670.0600000000
19584 674.6200000000
19846 683.2200000000
20403 685.7400000000
20517 689.8200000000
20834 690.4700000000
20891 691.6900000000
21018 704.9000000000
24448 715.7400000000
24459 715.9800000000
24587 718.0900000000
24590 730.1100000000
25095 742.3200000000
25506 748.0200000000
25911 751.2600000000
26907 754.0800000000
29222 758.5000000000
30089 759.9900000000
31591 773.7200000000
31615 784.8000000000
31689 785.1800000000
31948 787.1000000000
32843 801.3800000000
33347 802.4500000000
41893 804.6300000000
46105 806.7300000000
46347 836.8100000000
91435 839.0400000000
92374 842.0600000000
99259 844.9300000000
99586 850.8500000000
99595 858.7300000000
100000 500.0100000000
evaluations raw_y
1 0.0000000000
2 9.7100000000
3 12.0600000000
4 23.1400000000
6 26.7500000000
9 49.0400000000
12 68.5500000000
14 76.3600000000
21 76.6600000000
27 79.0200000000
32 85.4500000000
36 91.9900000000
38 105.5500000000
60 107.4100000000
82 108.1100000000
83 114.1900000000
86 118.5200000000
93 120.3400000000
126 121.6100000000
153 131.5600000000
182 135.4900000000
267 139.0400000000
271 140.3800000000
328 150.5100000000
338 155.4200000000
384 157.2300000000
407 163.0300000000
417 164.2400000000
515 188.2200000000
1416 188.8800000000
1484 192.4100000000
1499 194.2600000000
1613 205.4400000000
1629 205.7200000000
1630 222.4700000000
1639 246.1400000000
1654 247.6100000000
1735 253.5200000000
1760 258.5100000000
1764 269.8400000000
2015 272.2600000000
2016 281.7800000000
2589 283.0800000000
2733 289.1100000000
3319 290.1800000000
3332 291.5200000000
3479 354.2500000000
3480 359.0900000000
3490 379.2000000000
3497 387.4800000000
3500 387.5200000000
3515 399.6500000000
3570 407.6900000000
3640 527.6900000000
3644 531.4000000000
3691 539.3900000000
3701 545.1200000000
3726 552.8800000000
3763 557.9300000000
4416 560.6200000000
4508 653.1500000000
4546 658.6800000000
4582 661.0000000000
4597 671.0500000000
4621 683.6100000000
5520 684.8200000000
5917 689.7700000000
6723 710.1900000000
18305 726.2700000000
26821 746.0300000000
26829 755.9900000000
26956 764.2300000000
27399 771.5500000000
31994 773.4700000000
34951 774.8000000000
35195 802.4900000000
38445 807.2000000000
39580 811.1600000000
40182 812.9900000000
41108 813.3400000000
41143 817.5500000000
41926 818.1200000000
43227 818.9300000000
48250 821.8800000000
48256 822.7700000000
48303 840.1600000000
49749 845.1200000000
51748 845.3600000000
60748 848.6300000000
89647 854.6400000000
100000 744.1300000000
evaluations raw_y
1 0.0000000000
2 9.9900000000
3 26.3000000000
6 33.0800000000
9 44.3800000000
16 54.1400000000
33 78.5400000000
42 82.9600000000
49 99.7200000000
72 134.4900000000
147 137.9000000000
148 141.4700000000
149 142.9200000000
249 212.0300000000
259 216.7600000000
297 246.2400000000
617 254.0100000000
1271 265.2700000000
1276 265.4300000000
1281 273.9200000000
1300 283.3600000000
1314 286.4800000000
1438 294.4200000000
1597 296.3900000000
1802 301.4100000000
2465 308.0000000000
3115 315.3300000000
3809 317.3100000000
3902 330.1300000000
5585 339.8300000000
5587 348.3700000000
5595 365.2600000000
5597 365.7900000000
5600 369.8900000000
5653 372.8800000000
5675 373.7000000000
5697 461.0300000000
5734 465.2500000000
5942 470.9000000000
6005 482.0300000000
6835 488.3300000000
8083 519.5200000000
8096 529.4800000000
8133 542.9600000000
9126 549.5100000000
10033 564.7500000000
16603 568.0500000000
18535 571.6700000000
29556 577.4100000000
29707 584.0900000000
29789 598.8300000000
37161 599.2000000000
37190 606.5700000000
37208 606.7700000000
37237 608.2800000000
37438 612.5400000000
37458 620.2700000000
37770 623.5300000000
37815 629.9400000000
39843 632.4500000000
42514 634.0700000000
43623 713.0900000000
43627 713.9500000000
43643 730.8900000000
43712 733.0700000000
43764 748.1400000000
44213 764.7300000000
49180 765.2100000000
50154 765.6900000000
50399 773.0000000000
50759 777.9500000000
51447 783.6300000000
53923 784.1300000000
54431 785.4000000000
54549 788.3400000000
54672 789.4800000000
54727 790.7500000000
55228 794.1000000000
55560 813.0100000000
88708 813.4500000000
100000 353.6500000000
evaluations raw_y
1 0.0000000000
2 10.0600000000
3 23.2000000000
4 26.8700000000
9 32.8100000000
11 61.0100000000
19 70.8700000000
41 94.8400000000
44 107.5800000000
58 108.1100000000
59 113.7900000000
79 115.1200000000
178 117.6100000000
180 125.0800000000
195 135.6700000000
229 138.4100000000
289 141.8700000000
355 147.9200000000
468 148.1600000000
490 173.1600000000
617 175.5200000000
642 177.8300000000
651 178.7600000000
665 198.0800000000
670 217.2200000000
695 223.1000000000
709 230.2100000000
714 235.4300000000
734 236.3300000000
752 242.6300000000
759 257.1200000000
882 360.2700000000
886 366.1700000000
891 366.4500000000
923 367.2200000000
924 377.5200000000
930 382.8300000000
938 393.4300000000
971 399.5400000000
1054 403.1100000000
1425 413.0400000000
2130 443.3600000000
2686 467.4900000000
2693 483.6100000000
2706 488.9400000000
2766 491.4600000000
2805 495.1000000000
2817 496.3800000000
2861 506.0400000000
2939 510.7000000000
10866 552.2300000000
10870 560.6200000000
10880 566.6400000000
10890 582.3800000000
10900 592.5400000000
10930 613.6100000000
11107 623.4000000000
12071 623.8300000000
12929 623.9400000000
13819 625.3300000000
16592 626.9200000000
16613 627.2900000000
17416 657.5600000000
19937 659.5400000000
19953 665.2800000000
20009 668.0800000000
20025 668.4900000000
20051 677.5900000000
20454 688.3800000000
21987 692.1400000000
26565 717.7000000000
37350 718.3900000000
59375 719.9500000000
59476 721.9800000000
60265 723.7300000000
60355 797.8300000000
71196 801.3000000000
71478 802.9600000000
80618 804.5000000000
81938 809.3200000000
84643 814.5700000000
89829 836.7200000000
90177 838.3700000000
90922 839.0100000000
91743 855.4200000000
100000 479.2100000000
