evaluations raw_y
1 0.0000000000
2 142.0000000000
3 354.0000000000
6 469.0000000000
8 512.0000000000
9 563.0000000000
12 627.0000000000
79 633.0000000000
131 644.0000000000
133 651.0000000000
175 658.0000000000
265 660.0000000000
275 664.0000000000
418 676.0000000000
499 679.0000000000
1479 685.0000000000
1512 686.0000000000
1545 694.0000000000
2174 697.0000000000
2379 698.0000000000
2404 700.0000000000
2620 701.0000000000
2742 702.0000000000
2790 704.0000000000
2936 705.0000000000
4327 706.0000000000
4618 714.0000000000
10000 -1.0000000000
evaluations raw_y
1 0.0000000000
2 142.0000000000
3 403.0000000000
4 545.0000000000
6 624.0000000000
84 650.0000000000
154 653.0000000000
183 666.0000000000
237 673.0000000000
311 681.0000000000
508 685.0000000000
804 691.0000000000
886 695.0000000000
1455 696.0000000000
2206 698.0000000000
2543 703.0000000000
5052 705.0000000000
5981 709.0000000000
10000 546.0000000000
evaluations raw_y
1 0.0000000000
2 179.0000000000
3 358.0000000000
7 371.0000000000
10 407.0000000000
11 436.0000000000
13 533.0000000000
14 555.0000000000
21 575.0000000000
32 599.0000000000
33 617.0000000000
53 638.0000000000
59 643.0000000000
111 662.0000000000
141 663.0000000000
244 665.0000000000
349 667.0000000000
352 672.0000000000
446 674.0000000000
466 680.0000000000
478 682.0000000000
1026 687.0000000000
2141 690.0000000000
3180 691.0000000000
3243 693.0000000000
3320 698.0000000000
3584 701.0000000000
4128 702.0000000000
4146 704.0000000000
5191 705.0000000000
6237 708.0000000000
10000 676.0000000000
evaluations raw_y
1 0.0000000000
2 101.0000000000
3 269.0000000000
8 272.0000000000
12 398.0000000000
21 443.0000000000
22 456.0000000000
29 495.0000000000
30 527.0000000000
36 544.0000000000
37 578.0000000000
39 608.0000000000
40 623.0000000000
49 641.0000000000
51 642.0000000000
61 654.0000000000
65 656.0000000000
79 661.0000000000
139 664.0000000000
533 667.0000000000
582 669.0000000000
584 675.0000000000
805 676.0000000000
1108 680.0000000000
1483 683.0000000000
1804 685.0000000000
1945 688.0000000000
2172 689.0000000000
2321 693.0000000000
3477 695.0000000000
4399 696.0000000000
4859 700.0000000000
6003 701.0000000000
6056 703.0000000000
7160 707.0000000000
8300 709.0000000000
9190 710.0000000000
9633 712.0000000000
10000 621.0000000000
evaluations raw_y
1 0.0000000000
2 267.0000000000
3 354.0000000000
4 388.0000000000
5 413.0000000000
6 444.0000000000
7 476.0000000000
9 495.0000000000
11 564.0000000000
13 592.0000000000
41 608.0000000000
53 609.0000000000
72 619.0000000000
77 634.0000000000
117 641.0000000000
154 649.0000000000
180 655.0000000000
208 656.0000000000
248 659.0000000000
425 660.0000000000
543 668.0000000000
554 671.0000000000
606 676.0000000000
670 682.0000000000
1266 685.0000000000
1307 691.0000000000
1395 696.0000000000
1979 697.0000000000
3766 701.0000000000
4642 703.0000000000
6333 704.0000000000
6432 705.0000000000
9763 708.0000000000
10000 694.0000000000
evaluations raw_y
1 0.0000000000
2 168.0000000000
3 319.0000000000
4 456.0000000000
7 472.0000000000
11 511.0000000000
17 533.0000000000
25 538.0000000000
30 605.0000000000
31 626.0000000000
55 637.0000000000
104 657.0000000000
115 665.0000000000
245 668.0000000000
281 669.0000000000
287 679.0000000000
454 684.0000000000
861 685.0000000000
1123 689.0000000000
1328 699.0000000000
2052 700.0000000000
3276 705.0000000000
3515 706.0000000000
3909 709.0000000000
10000 404.0000000000
evaluations raw_y
1 0.0000000000
2 118.0000000000
3 215.0000000000
6 247.0000000000
8 409.0000000000
11 451.0000000000
14 522.0000000000
17 538.0000000000
20 618.0000000000
21 625.0000000000
45 637.0000000000
47 652.0000000000
88 656.0000000000
176 659.0000000000
182 660.0000000000
213 666.0000000000
216 668.0000000000
583 671.0000000000
650 678.0000000000
740 679.0000000000
879 685.0000000000
1190 690.0000000000
2023 691.0000000000
2311 692.0000000000
2531 694.0000000000
2935 695.0000000000
3083 700.0000000000
4102 703.0000000000
7358 704.0000000000
8240 709.0000000000
10000 677.0000000000
evaluations raw_y
1 0.0000000000
2 216.0000000000
3 263.0000000000
4 412.0000000000
5 481.0000000000
8 518.0000000000
10 545.0000000000
12 587.0000000000
14 596.0000000000
15 602.0000000000
52 604.0000000000
63 609.0000000000
90 619.0000000000
141 624.0000000000
144 638.0000000000
147 647.0000000000
173 673.0000000000
893 676.0000000000
959 679.0000000000
1032 680.0000000000
1136 683.0000000000
1174 684.0000000000
1258 686.0000000000
1272 688.0000000000
1335 691.0000000000
1732 692.0000000000
1840 695.0000000000
2425 699.0000000000
3655 701.0000000000
4390 705.0000000000
5293 707.0000000000
6862 708.0000000000
7574 709.0000000000
10000 414.0000000000
evaluations raw_y
1 0.0000000000
2 173.0000000000
3 288.0000000000
5 318.0000000000
6 410.0000000000
8 455.0000000000
11 459.0000000000
12 498.0000000000
17 505.0000000000
32 510.0000000000
41 557.0000000000
43 582.0000000000
44 599.0000000000
48 609.0000000000
54 620.0000000000
72 640.0000000000
128 641.0000000000
160 654.0000000000
178 661.0000000000
236 666.0000000000
439 670.0000000000
600 679.0000000000
657 687.0000000000
1360 694.0000000000
4226 695.0000000000
5925 701.0000000000
7696 704.0000000000
10000 284.0000000000
evaluations raw_y
1 0.0000000000
2 245.0000000000
4 375.0000000000
6 484.0000000000
8 549.0000000000
10 606.0000000000
77 613.0000000000
83 635.0000000000
119 638.0000000000
133 651.0000000000
156 654.0000000000
217 657.0000000000
258 667.0000000000
417 672.0000000000
426 676.0000000000
560 683.0000000000
908 685.0000000000
1221 686.0000000000
1298 688.0000000000
1299 691.0000000000
1352 695.0000000000
1428 698.0000000000
2946 700.0000000000
5423 702.0000000000
5512 705.0000000000
6248 706.0000000000
6932 710.0000000000
8093 712.0000000000
10000 633.0000000000
evaluations raw_y
1 0.0000000000
2 91.0000000000
3 135.0000000000
4 179.0000000000
5 211.0000000000
7 283.0000000000
12 326.0000000000
13 383.0000000000
17 430.0000000000
18 513.0000000000
28 559.0000000000
34 602.0000000000
58 605.0000000000
64 623.0000000000
77 633.0000000000
116 640.0000000000
117 648.0000000000
134 650.0000000000
203 659.0000000000
305 661.0000000000
514 667.0000000000
560 672.0000000000
589 676.0000000000
664 677.0000000000
972 683.0000000000
1039 687.0000000000
1042 688.0000000000
1075 690.0000000000
1269 693.0000000000
1723 695.0000000000
2764 698.0000000000
3323 699.0000000000
3397 700.0000000000
5063 701.0000000000
5666 702.0000000000
6451 703.0000000000
8583 706.0000000000
10000 677.0000000000
evaluations raw_y
1 0.0000000000
2 142.0000000000
3 289.0000000000
6 371.0000000000
11 526.0000000000
17 577.0000000000
19 610.0000000000
27 640.0000000000
53 643.0000000000
109 648.0000000000
110 665.0000000000
183 671.0000000000
240 678.0000000000
249 681.0000000000
770 683.0000000000
797 695.0000000000
2175 698.0000000000
2598 700.0000000000
2719 701.0000000000
3216 702.0000000000
4251 704.0000000000
9235 705.0000000000
9400 707.0000000000
10000 687.0000000000
evaluations raw_y
1 0.0000000000
2 183.0000000000
3 256.0000000000
4 291.0000000000
5 370.0000000000
6 444.0000000000
7 490.0000000000
17 515.0000000000
18 521.0000000000
20 560.0000000000
34 575.0000000000
37 580.0000000000
43 595.0000000000
62 617.0000000000
99 636.0000000000
173 647.0000000000
192 659.0000000000
321 663.0000000000
489 665.0000000000
638 667.0000000000
664 672.0000000000
778 673.0000000000
875 685.0000000000
1715 687.0000000000
2050 688.0000000000
2077 689.0000000000
2586 692.0000000000
2751 693.0000000000
2816 694.0000000000
2831 695.0000000000
2890 696.0000000000
3322 697.0000000000
4320 701.0000000000
5296 702.0000000000
6004 703.0000000000
6190 706.0000000000
8887 707.0000000000
10000 393.0000000000
evaluations raw_y
1 0.0000000000
2 209.0000000000
3 312.0000000000
4 453.0000000000
15 477.0000000000
16 498.0000000000
19 524.0000000000
22 530.0000000000
24 555.0000000000
25 576.0000000000
29 611.0000000000
34 618.0000000000
48 629.0000000000
70 638.0000000000
91 645.0000000000
159 648.0000000000
173 661.0000000000
202 663.0000000000
230 664.0000000000
324 667.0000000000
328 671.0000000000
337 675.0000000000
503 676.0000000000
894 677.0000000000
937 683.0000000000
1176 689.0000000000
1319 690.0000000000
1921 693.0000000000
3442 694.0000000000
4009 696.0000000000
5880 697.0000000000
6263 698.0000000000
6350 700.0000000000
9578 701.0000000000
10000 349.0000000000
evaluations raw_y
1 0.0000000000
2 105.0000000000
3 110.0000000000
4 227.0000000000
5 239.0000000000
6 411.0000000000
7 566.0000000000
9 599.0000000000
27 617.0000000000
53 637.0000000000
105 644.0000000000
108 661.0000000000
158 663.0000000000
219 664.0000000000
239 670.0000000000
694 673.0000000000
826 679.0000000000
924 682.0000000000
1216 685.0000000000
1595 690.0000000000
2886 693.0000000000
3302 694.0000000000
3734 697.0000000000
3786 699.0000000000
4002 701.0000000000
4569 703.0000000000
6013 704.0000000000
6178 706.0000000000
8630 707.0000000000
8827 712.0000000000
10000 -1.0000000000
evaluations raw_y
1 0.0000000000
2 349.0000000000
12 458.0000000000
13 484.0000000000
21 525.0000000000
27 602.0000000000
69 607.0000000000
83 612.0000000000
84 619.0000000000
95 647.0000000000
142 650.0000000000
146 657.0000000000
190 663.0000000000
210 666.0000000000
258 668.0000000000
301 674.0000000000
330 675.0000000000
381 678.0000000000
527 680.0000000000
619 683.0000000000
916 686.0000000000
1578 687.0000000000
1662 689.0000000000
2149 691.0000000000
2230 695.0000000000
2385 696.0000000000
2575 704.0000000000
3870 706.0000000000
5942 708.0000000000
9729 715.0000000000
10000 395.0000000000
evaluations raw_y
1 0.0000000000
2 112.0000000000
3 289.0000000000
5 385.0000000000
6 441.0000000000
12 468.0000000000
16 513.0000000000
18 549.0000000000
32 573.0000000000
33 590.0000000000
42 607.0000000000
64 613.0000000000
66 619.0000000000
74 631.0000000000
86 635.0000000000
96 643.0000000000
137 644.0000000000
148 649.0000000000
187 654.0000000000
201 658.0000000000
207 661.0000000000
231 662.0000000000
295 664.0000000000
349 673.0000000000
363 677.0000000000
710 679.0000000000
944 681.0000000000
1120 689.0000000000
1705 690.0000000000
1718 693.0000000000
1920 695.0000000000
2035 696.0000000000
2902 697.0000000000
3951 698.0000000000
4281 699.0000000000
4362 701.0000000000
4510 708.0000000000
10000 -1.0000000000
evaluations raw_y
1 0.0000000000
2 109.0000000000
3 184.0000000000
4 262.0000000000
5 369.0000000000
6 417.0000000000
7 481.0000000000
11 508.0000000000
14 516.0000000000
25 542.0000000000
26 579.0000000000
27 587.0000000000
37 599.0000000000
59 633.0000000000
154 655.0000000000
246 656.0000000000
251 661.0000000000
360 662.0000000000
416 672.0000000000
423 678.0000000000
465 679.0000000000
512 684.0000000000
549 690.0000000000
1002 691.0000000000
1261 695.0000000000
1771 702.0000000000
2082 704.0000000000
6894 706.0000000000
7689 707.0000000000
10000 501.0000000000
evaluations raw_y
1 0.0000000000
2 146.0000000000
3 228.0000000000
6 285.0000000000
8 351.0000000000
9 457.0000000000
16 475.0000000000
18 505.0000000000
23 602.0000000000
58 628.0000000000
74 630.0000000000
75 635.0000000000
80 641.0000000000
116 651.0000000000
191 663.0000000000
235 665.0000000000
304 680.0000000000
851 684.0000000000
868 686.0000000000
1068 691.0000000000
1341 692.0000000000
1413 694.0000000000
1475 700.0000000000
2756 703.0000000000
6063 705.0000000000
6931 707.0000000000
10000 287.0000000000
evaluations raw_y
1 0.0000000000
2 110.0000000000
3 135.0000000000
5 216.0000000000
6 330.0000000000
9 331.0000000000
10 398.0000000000
17 425.0000000000
22 437.0000000000
26 572.0000000000
38 589.0000000000
40 604.0000000000
73 636.0000000000
123 647.0000000000
233 654.0000000000
275 655.0000000000
292 671.0000000000
353 677.0000000000
612 679.0000000000
892 684.0000000000
1110 685.0000000000
1198 686.0000000000
1225 687.0000000000
1325 693.0000000000
1343 695.0000000000
2105 696.0000000000
2416 698.0000000000
3048 699.0000000000
3213 700.0000000000
5406 702.0000000000
5597 704.0000000000
10000 462.0000000000
evaluations raw_y
1 0.0000000000
2 201.0000000000
3 282.0000000000
6 380.0000000000
7 451.0000000000
8 569.0000000000
9 581.0000000000
14 590.0000000000
15 610.0000000000
44 636.0000000000
104 641.0000000000
129 647.0000000000
154 654.0000000000
156 656.0000000000
408 659.0000000000
420 662.0000000000
472 665.0000000000
580 678.0000000000
849 679.0000000000
1034 680.0000000000
1052 683.0000000000
2008 688.0000000000
2394 691.0000000000
2854 692.0000000000
2931 693.0000000000
3041 698.0000000000
3707 700.0000000000
4776 702.0000000000
4945 703.0000000000
6120 704.0000000000
6663 706.0000000000
8633 709.0000000000
10000 334.0000000000
evaluations raw_y
1 0.0000000000
2 153.0000000000
3 301.0000000000
4 381.0000000000
5 395.0000000000
7 398.0000000000
8 537.0000000000
10 565.0000000000
11 619.0000000000
12 637.0000000000
93 666.0000000000
224 668.0000000000
532 669.0000000000
561 673.0000000000
585 674.0000000000
647 682.0000000000
680 686.0000000000
1271 687.0000000000
1430 689.0000000000
2225 692.0000000000
4119 693.0000000000
4680 694.0000000000
4707 695.0000000000
4739 697.0000000000
7461 705.0000000000
7487 707.0000000000
7777 708.0000000000
10000 704.0000000000
evaluations raw_y
1 0.0000000000
2 227.0000000000
4 391.0000000000
12 441.0000000000
14 558.0000000000
24 590.0000000000
32 617.0000000000
59 628.0000000000
80 650.0000000000
160 657.0000000000
226 661.0000000000
311 676.0000000000
462 682.0000000000
521 685.0000000000
725 689.0000000000
969 691.0000000000
2112 695.0000000000
2449 697.0000000000
3214 699.0000000000
3413 708.0000000000
10000 82.0000000000
evaluations raw_y
1 0.0000000000
2 92.0000000000
3 197.0000000000
4 234.0000000000
5 364.0000000000
10 476.0000000000
14 519.0000000000
17 541.0000000000
19 546.0000000000
21 556.0000000000
22 580.0000000000
24 597.0000000000
38 610.0000000000
43 634.0000000000
82 638.0000000000
176 644.0000000000
195 663.0000000000
364 668.0000000000
505 680.0000000000
825 682.0000000000
1030 684.0000000000
1351 685.0000000000
2631 688.0000000000
3378 689.0000000000
4002 691.0000000000
4215 696.0000000000
4296 698.0000000000
5473 701.0000000000
7638 702.0000000000
9087 704.0000000000
9863 706.0000000000
10000 618.0000000000
evaluations raw_y
1 0.0000000000
2 203.0000000000
3 270.0000000000
6 391.0000000000
8 544.0000000000
9 614.0000000000
73 626.0000000000
83 638.0000000000
102 649.0000000000
137 651.0000000000
191 660.0000000000
329 661.0000000000
502 671.0000000000
514 672.0000000000
666 675.0000000000
836 683.0000000000
902 684.0000000000
1082 686.0000000000
1260 694.0000000000
2176 696.0000000000
2208 697.0000000000
2774 701.0000000000
5294 702.0000000000
5395 708.0000000000
10000 698.0000000000
evaluations raw_y
1 0.0000000000
2 95.0000000000
3 316.0000000000
8 369.0000000000
10 489.0000000000
16 556.0000000000
17 570.0000000000
23 606.0000000000
30 625.0000000000
33 639.0000000000
96 646.0000000000
147 660.0000000000
821 671.0000000000
835 674.0000000000
1005 676.0000000000
1055 678.0000000000
1106 681.0000000000
1214 683.0000000000
1355 684.0000000000
1401 687.0000000000
1551 689.0000000000
1563 696.0000000000
2348 699.0000000000
4375 702.0000000000
4937 704.0000000000
7946 706.0000000000
8913 709.0000000000
8974 710.0000000000
10000 583.0000000000
evaluations raw_y
1 0.0000000000
2 202.0000000000
5 283.0000000000
6 346.0000000000
11 535.0000000000
12 561.0000000000
23 569.0000000000
27 607.0000000000
57 622.0000000000
58 623.0000000000
81 624.0000000000
111 637.0000000000
119 642.0000000000
147 643.0000000000
160 646.0000000000
252 648.0000000000
271 650.0000000000
284 652.0000000000
305 667.0000000000
312 671.0000000000
336 674.0000000000
530 675.0000000000
595 679.0000000000
640 680.0000000000
647 683.0000000000
693 685.0000000000
883 686.0000000000
1459 687.0000000000
1539 689.0000000000
1736 695.0000000000
2147 698.0000000000
3660 701.0000000000
4073 702.0000000000
6844 704.0000000000
10000 -1.0000000000
evaluations raw_y
1 0.0000000000
2 108.0000000000
4 215.0000000000
5 268.0000000000
6 290.0000000000
7 365.0000000000
10 445.0000000000
12 475.0000000000
13 526.0000000000
14 584.0000000000
15 610.0000000000
69 619.0000000000
96 637.0000000000
114 639.0000000000
147 642.0000000000
153 643.0000000000
158 654.0000000000
187 660.0000000000
211 665.0000000000
368 669.0000000000
438 673.0000000000
760 676.0000000000
764 679.0000000000
822 680.0000000000
847 686.0000000000
3156 689.0000000000
3781 692.0000000000
4289 693.0000000000
4479 694.0000000000
4534 696.0000000000
4730 698.0000000000
6405 699.0000000000
6464 702.0000000000
9255 703.0000000000
9485 704.0000000000
9853 712.0000000000
10000 -1.0000000000
evaluations raw_y
1 0.0000000000
2 139.0000000000
4 207.0000000000
7 281.0000000000
9 421.0000000000
10 468.0000000000
13 469.0000000000
14 534.0000000000
19 577.0000000000
23 605.0000000000
25 607.0000000000
92 626.0000000000
127 653.0000000000
250 659.0000000000
297 664.0000000000
425 672.0000000000
460 675.0000000000
594 676.0000000000
631 678.0000000000
702 680.0000000000
916 682.0000000000
1114 686.0000000000
1157 692.0000000000
1420 695.0000000000
1618 696.0000000000
1848 704.0000000000
2999 708.0000000000
3883 709.0000000000
5224 718.0000000000
10000 657.0000000000
evaluations raw_y
1 0.0000000000
2 143.0000000000
3 168.0000000000
4 245.0000000000
6 470.0000000000
10 522.0000000000
11 534.0000000000
24 549.0000000000
25 595.0000000000
59 603.0000000000
84 630.0000000000
85 634.0000000000
93 644.0000000000
128 645.0000000000
151 659.0000000000
163 664.0000000000
170 674.0000000000
177 676.0000000000
195 678.0000000000
236 679.0000000000
271 681.0000000000
336 682.0000000000
404 684.0000000000
472 686.0000000000
530 687.0000000000
693 689.0000000000
903 690.0000000000
1106 693.0000000000
1683 698.0000000000
2627 701.0000000000
2877 702.0000000000
3320 708.0000000000
5229 709.0000000000
8892 712.0000000000
9704 713.0000000000
10000 660.0000000000
