evaluations raw_y
1 0.0000000000
2 70.0000000000
3 148.0000000000
6 173.0000000000
7 237.0000000000
10 322.0000000000
15 323.0000000000
16 364.0000000000
18 373.0000000000
19 419.0000000000
26 437.0000000000
27 483.0000000000
31 492.0000000000
37 497.0000000000
44 501.0000000000
91 515.0000000000
103 519.0000000000
159 525.0000000000
230 533.0000000000
290 537.0000000000
297 539.0000000000
893 540.0000000000
1248 541.0000000000
1295 549.0000000000
1943 551.0000000000
1981 552.0000000000
2255 554.0000000000
2846 556.0000000000
3006 558.0000000000
3657 560.0000000000
5680 562.0000000000
19592 563.0000000000
30803 564.0000000000
33762 565.0000000000
100000 185.0000000000
evaluations raw_y
1 0.0000000000
2 120.0000000000
4 194.0000000000
7 263.0000000000
8 414.0000000000
14 437.0000000000
18 458.0000000000
26 477.0000000000
30 503.0000000000
38 511.0000000000
52 530.0000000000
162 531.0000000000
318 533.0000000000
382 536.0000000000
492 539.0000000000
700 541.0000000000
717 546.0000000000
841 547.0000000000
1506 550.0000000000
1528 552.0000000000
1615 553.0000000000
1759 555.0000000000
1819 556.0000000000
2213 557.0000000000
3484 558.0000000000
4849 560.0000000000
5505 562.0000000000
7600 567.0000000000
38459 568.0000000000
49417 569.0000000000
66426 570.0000000000
100000 215.0000000000
evaluations raw_y
1 0.0000000000
2 108.0000000000
3 179.0000000000
4 259.0000000000
6 464.0000000000
10 487.0000000000
16 499.0000000000
30 515.0000000000
94 523.0000000000
124 525.0000000000
146 526.0000000000
180 538.0000000000
214 543.0000000000
1089 546.0000000000
2004 548.0000000000
2808 551.0000000000
3054 552.0000000000
3968 554.0000000000
4212 555.0000000000
6377 556.0000000000
6894 560.0000000000
12100 561.0000000000
13599 562.0000000000
13940 563.0000000000
15251 565.0000000000
28211 567.0000000000
47831 569.0000000000
55936 570.0000000000
100000 359.0000000000
evaluations raw_y
1 0.0000000000
2 100.0000000000
3 116.0000000000
4 173.0000000000
5 250.0000000000
6 363.0000000000
18 365.0000000000
20 391.0000000000
23 406.0000000000
26 443.0000000000
29 477.0000000000
35 489.0000000000
53 508.0000000000
80 515.0000000000
105 528.0000000000
230 533.0000000000
345 534.0000000000
348 540.0000000000
652 544.0000000000
901 548.0000000000
962 549.0000000000
996 550.0000000000
1091 554.0000000000
5149 559.0000000000
6083 560.0000000000
6329 561.0000000000
10036 563.0000000000
11571 564.0000000000
17362 566.0000000000
67259 567.0000000000
100000 520.0000000000
evaluations raw_y
1 0.0000000000
2 63.0000000000
3 186.0000000000
4 227.0000000000
5 296.0000000000
9 308.0000000000
13 352.0000000000
15 422.0000000000
16 441.0000000000
19 465.0000000000
31 506.0000000000
32 510.0000000000
49 520.0000000000
98 529.0000000000
191 536.0000000000
293 540.0000000000
619 542.0000000000
802 547.0000000000
930 550.0000000000
3360 552.0000000000
3774 555.0000000000
4876 556.0000000000
6958 557.0000000000
7004 561.0000000000
10683 566.0000000000
11049 568.0000000000
23714 570.0000000000
52620 571.0000000000
95656 573.0000000000
100000 -1.0000000000
evaluations raw_y
1 0.0000000000
2 79.0000000000
3 165.0000000000
6 215.0000000000
7 315.0000000000
10 342.0000000000
13 362.0000000000
15 368.0000000000
22 399.0000000000
23 409.0000000000
24 436.0000000000
29 444.0000000000
33 478.0000000000
45 485.0000000000
57 501.0000000000
66 513.0000000000
96 517.0000000000
200 519.0000000000
212 528.0000000000
223 537.0000000000
481 541.0000000000
851 545.0000000000
1385 547.0000000000
1642 548.0000000000
1714 549.0000000000
1718 550.0000000000
2080 551.0000000000
3518 552.0000000000
4133 553.0000000000
5067 555.0000000000
6245 558.0000000000
9696 559.0000000000
14780 560.0000000000
15669 561.0000000000
23319 563.0000000000
29838 566.0000000000
63801 568.0000000000
100000 307.0000000000
evaluations raw_y
1 0.0000000000
2 180.0000000000
3 259.0000000000
5 264.0000000000
7 368.0000000000
18 383.0000000000
20 391.0000000000
22 400.0000000000
23 437.0000000000
25 456.0000000000
26 457.0000000000
27 485.0000000000
47 491.0000000000
96 497.0000000000
110 514.0000000000
119 524.0000000000
122 526.0000000000
142 529.0000000000
199 533.0000000000
317 536.0000000000
342 545.0000000000
351 552.0000000000
866 553.0000000000
881 554.0000000000
1290 555.0000000000
2263 556.0000000000
3011 558.0000000000
3325 564.0000000000
4820 565.0000000000
17341 566.0000000000
21068 567.0000000000
33503 568.0000000000
97604 569.0000000000
100000 461.0000000000
evaluations raw_y
1 0.0000000000
2 64.0000000000
3 149.0000000000
5 173.0000000000
6 307.0000000000
9 331.0000000000
11 362.0000000000
13 431.0000000000
15 439.0000000000
19 459.0000000000
35 475.0000000000
41 501.0000000000
56 502.0000000000
57 512.0000000000
76 515.0000000000
126 521.0000000000
214 522.0000000000
238 529.0000000000
409 530.0000000000
487 533.0000000000
503 534.0000000000
523 535.0000000000
585 539.0000000000
823 542.0000000000
979 543.0000000000
1557 544.0000000000
1896 548.0000000000
1978 549.0000000000
1992 550.0000000000
2009 553.0000000000
3232 555.0000000000
4672 557.0000000000
5726 558.0000000000
10267 559.0000000000
11804 560.0000000000
13343 562.0000000000
14686 563.0000000000
17460 564.0000000000
29879 565.0000000000
32433 566.0000000000
98939 567.0000000000
100000 368.0000000000
evaluations raw_y
1 0.0000000000
2 76.0000000000
3 82.0000000000
5 99.0000000000
6 268.0000000000
7 385.0000000000
9 413.0000000000
11 442.0000000000
20 455.0000000000
23 483.0000000000
24 485.0000000000
34 498.0000000000
50 503.0000000000
75 511.0000000000
77 513.0000000000
170 520.0000000000
190 531.0000000000
369 533.0000000000
440 537.0000000000
645 539.0000000000
920 541.0000000000
972 544.0000000000
1680 545.0000000000
1690 550.0000000000
1868 554.0000000000
2719 555.0000000000
2795 556.0000000000
2884 557.0000000000
3443 559.0000000000
3681 564.0000000000
5388 566.0000000000
5408 567.0000000000
68247 569.0000000000
100000 561.0000000000
evaluations raw_y
1 0.0000000000
2 106.0000000000
3 184.0000000000
7 277.0000000000
8 357.0000000000
9 467.0000000000
11 479.0000000000
33 490.0000000000
52 498.0000000000
58 511.0000000000
62 512.0000000000
63 520.0000000000
150 528.0000000000
152 533.0000000000
164 536.0000000000
276 540.0000000000
642 541.0000000000
726 545.0000000000
947 548.0000000000
1085 549.0000000000
1199 553.0000000000
1308 558.0000000000
2036 559.0000000000
2223 560.0000000000
4897 561.0000000000
7769 562.0000000000
8235 564.0000000000
11301 567.0000000000
15807 568.0000000000
100000 210.0000000000
evaluations raw_y
1 0.0000000000
2 114.0000000000
3 169.0000000000
5 184.0000000000
6 202.0000000000
8 251.0000000000
9 288.0000000000
12 313.0000000000
15 368.0000000000
16 441.0000000000
22 468.0000000000
37 483.0000000000
39 499.0000000000
52 506.0000000000
137 515.0000000000
163 522.0000000000
186 525.0000000000
233 536.0000000000
300 540.0000000000
477 546.0000000000
520 552.0000000000
1061 553.0000000000
2335 554.0000000000
2510 555.0000000000
3266 556.0000000000
3316 559.0000000000
5630 560.0000000000
6475 561.0000000000
6546 562.0000000000
7715 563.0000000000
12423 566.0000000000
35243 568.0000000000
41089 569.0000000000
54748 570.0000000000
100000 552.0000000000
evaluations raw_y
1 0.0000000000
2 78.0000000000
3 176.0000000000
4 234.0000000000
7 311.0000000000
9 355.0000000000
13 387.0000000000
15 411.0000000000
19 414.0000000000
25 432.0000000000
32 481.0000000000
43 488.0000000000
50 502.0000000000
60 508.0000000000
65 521.0000000000
71 526.0000000000
238 529.0000000000
239 532.0000000000
384 534.0000000000
386 535.0000000000
405 539.0000000000
737 543.0000000000
744 545.0000000000
1310 548.0000000000
1566 549.0000000000
1578 550.0000000000
2044 554.0000000000
3878 555.0000000000
3972 556.0000000000
4067 558.0000000000
4548 559.0000000000
4790 561.0000000000
5544 563.0000000000
22307 564.0000000000
22920 566.0000000000
30199 568.0000000000
43736 571.0000000000
100000 497.0000000000
evaluations raw_y
1 0.0000000000
2 108.0000000000
3 146.0000000000
5 319.0000000000
7 357.0000000000
8 363.0000000000
9 393.0000000000
11 407.0000000000
15 444.0000000000
31 503.0000000000
47 517.0000000000
84 521.0000000000
242 529.0000000000
361 535.0000000000
381 539.0000000000
431 540.0000000000
439 544.0000000000
587 545.0000000000
616 549.0000000000
700 554.0000000000
2408 556.0000000000
3566 560.0000000000
4242 563.0000000000
4353 564.0000000000
6628 565.0000000000
15159 568.0000000000
22616 570.0000000000
85904 571.0000000000
100000 238.0000000000
evaluations raw_y
1 0.0000000000
2 107.0000000000
3 241.0000000000
7 329.0000000000
10 444.0000000000
13 463.0000000000
19 485.0000000000
26 507.0000000000
33 513.0000000000
97 515.0000000000
98 525.0000000000
110 528.0000000000
146 531.0000000000
150 533.0000000000
207 534.0000000000
356 538.0000000000
720 539.0000000000
1090 541.0000000000
1100 542.0000000000
1109 543.0000000000
1147 545.0000000000
1286 550.0000000000
1411 553.0000000000
1603 555.0000000000
2126 558.0000000000
2904 560.0000000000
3876 563.0000000000
5297 564.0000000000
5593 565.0000000000
12780 566.0000000000
38278 567.0000000000
48683 568.0000000000
55707 569.0000000000
100000 203.0000000000
evaluations raw_y
1 0.0000000000
2 131.0000000000
4 298.0000000000
7 417.0000000000
9 497.0000000000
47 509.0000000000
58 512.0000000000
64 525.0000000000
71 528.0000000000
147 535.0000000000
321 536.0000000000
323 542.0000000000
669 549.0000000000
899 555.0000000000
1410 558.0000000000
4301 560.0000000000
7248 562.0000000000
10879 563.0000000000
14091 564.0000000000
14961 566.0000000000
18440 567.0000000000
25331 568.0000000000
65321 569.0000000000
65822 570.0000000000
66399 571.0000000000
100000 199.0000000000
evaluations raw_y
1 0.0000000000
2 89.0000000000
3 180.0000000000
4 264.0000000000
8 322.0000000000
9 362.0000000000
10 400.0000000000
17 410.0000000000
18 445.0000000000
23 487.0000000000
32 489.0000000000
40 502.0000000000
44 505.0000000000
66 515.0000000000
92 522.0000000000
122 526.0000000000
271 530.0000000000
293 531.0000000000
368 536.0000000000
517 537.0000000000
552 539.0000000000
664 541.0000000000
1086 542.0000000000
1275 544.0000000000
1458 545.0000000000
1481 546.0000000000
1542 548.0000000000
1848 549.0000000000
2192 550.0000000000
2372 552.0000000000
2831 554.0000000000
4338 555.0000000000
4952 556.0000000000
5940 558.0000000000
7276 559.0000000000
7575 560.0000000000
8374 565.0000000000
28534 568.0000000000
53159 570.0000000000
100000 178.0000000000
evaluations raw_y
1 0.0000000000
2 137.0000000000
3 265.0000000000
5 292.0000000000
7 301.0000000000
10 315.0000000000
11 367.0000000000
12 401.0000000000
14 476.0000000000
16 486.0000000000
23 496.0000000000
26 498.0000000000
38 516.0000000000
66 520.0000000000
81 521.0000000000
103 529.0000000000
122 534.0000000000
463 541.0000000000
609 546.0000000000
672 547.0000000000
678 548.0000000000
1434 549.0000000000
1817 550.0000000000
1883 552.0000000000
2114 556.0000000000
2198 557.0000000000
3628 558.0000000000
3780 559.0000000000
4327 560.0000000000
4996 561.0000000000
7373 563.0000000000
10875 565.0000000000
24490 568.0000000000
100000 90.0000000000
evaluations raw_y
1 0.0000000000
2 160.0000000000
5 228.0000000000
6 241.0000000000
8 243.0000000000
11 282.0000000000
13 307.0000000000
14 312.0000000000
15 417.0000000000
16 455.0000000000
24 483.0000000000
27 504.0000000000
35 514.0000000000
92 525.0000000000
168 526.0000000000
248 531.0000000000
260 532.0000000000
384 533.0000000000
438 534.0000000000
494 536.0000000000
497 537.0000000000
603 540.0000000000
619 541.0000000000
662 544.0000000000
933 546.0000000000
1461 551.0000000000
2491 553.0000000000
2767 554.0000000000
3754 555.0000000000
4314 557.0000000000
8148 558.0000000000
8712 559.0000000000
8730 560.0000000000
9344 562.0000000000
14580 563.0000000000
16249 564.0000000000
20531 565.0000000000
29741 566.0000000000
40124 567.0000000000
55907 568.0000000000
100000 -1.0000000000
evaluations raw_y
1 0.0000000000
2 110.0000000000
3 158.0000000000
4 327.0000000000
6 372.0000000000
9 426.0000000000
11 453.0000000000
13 503.0000000000
70 515.0000000000
94 524.0000000000
157 525.0000000000
183 532.0000000000
196 533.0000000000
270 534.0000000000
292 538.0000000000
304 554.0000000000
3253 556.0000000000
3462 558.0000000000
4554 560.0000000000
6697 562.0000000000
6827 563.0000000000
7031 568.0000000000
13338 570.0000000000
70188 571.0000000000
83341 573.0000000000
100000 176.0000000000
evaluations raw_y
1 0.0000000000
2 104.0000000000
3 162.0000000000
4 233.0000000000
5 283.0000000000
6 345.0000000000
9 439.0000000000
11 452.0000000000
15 491.0000000000
58 502.0000000000
73 512.0000000000
134 513.0000000000
138 516.0000000000
159 519.0000000000
213 530.0000000000
255 531.0000000000
262 537.0000000000
295 539.0000000000
757 543.0000000000
898 544.0000000000
966 550.0000000000
1654 551.0000000000
1745 553.0000000000
3880 554.0000000000
4462 556.0000000000
6606 559.0000000000
10833 560.0000000000
11880 564.0000000000
33299 565.0000000000
80228 567.0000000000
100000 102.0000000000
evaluations raw_y
1 0.0000000000
2 106.0000000000
3 139.0000000000
4 214.0000000000
9 247.0000000000
11 325.0000000000
17 348.0000000000
21 426.0000000000
26 445.0000000000
35 449.0000000000
46 481.0000000000
51 515.0000000000
125 516.0000000000
134 523.0000000000
156 528.0000000000
272 529.0000000000
309 539.0000000000
371 544.0000000000
495 549.0000000000
648 551.0000000000
795 554.0000000000
1355 555.0000000000
1474 556.0000000000
1974 558.0000000000
2021 559.0000000000
2040 560.0000000000
4304 561.0000000000
4741 562.0000000000
13935 563.0000000000
15531 566.0000000000
18634 568.0000000000
27178 571.0000000000
100000 411.0000000000
evaluations raw_y
1 0.0000000000
2 93.0000000000
3 175.0000000000
7 238.0000000000
8 265.0000000000
10 268.0000000000
19 368.0000000000
20 396.0000000000
26 469.0000000000
32 485.0000000000
36 504.0000000000
37 508.0000000000
84 510.0000000000
99 515.0000000000
118 528.0000000000
221 530.0000000000
291 531.0000000000
315 537.0000000000
433 538.0000000000
622 539.0000000000
795 540.0000000000
799 551.0000000000
883 553.0000000000
974 557.0000000000
2220 558.0000000000
2565 562.0000000000
2590 566.0000000000
7625 567.0000000000
10997 569.0000000000
14873 571.0000000000
33041 572.0000000000
100000 289.0000000000
evaluations raw_y
1 0.0000000000
2 176.0000000000
3 258.0000000000
4 327.0000000000
10 422.0000000000
16 458.0000000000
31 475.0000000000
34 491.0000000000
50 524.0000000000
365 527.0000000000
381 529.0000000000
425 533.0000000000
478 539.0000000000
557 540.0000000000
565 543.0000000000
649 544.0000000000
667 549.0000000000
1022 550.0000000000
1225 553.0000000000
1523 556.0000000000
2340 563.0000000000
17984 564.0000000000
39953 565.0000000000
100000 543.0000000000
evaluations raw_y
1 0.0000000000
2 102.0000000000
3 108.0000000000
4 189.0000000000
6 275.0000000000
9 311.0000000000
11 352.0000000000
16 363.0000000000
21 438.0000000000
29 480.0000000000
35 501.0000000000
36 511.0000000000
84 512.0000000000
85 517.0000000000
115 523.0000000000
158 526.0000000000
190 532.0000000000
298 537.0000000000
449 538.0000000000
463 541.0000000000
500 543.0000000000
543 547.0000000000
1331 548.0000000000
1467 550.0000000000
2585 551.0000000000
2665 552.0000000000
2855 553.0000000000
3278 554.0000000000
3764 557.0000000000
4921 559.0000000000
7167 560.0000000000
7177 561.0000000000
9754 562.0000000000
10987 564.0000000000
100000 491.0000000000
evaluations raw_y
1 0.0000000000
2 76.0000000000
3 89.0000000000
4 182.0000000000
5 247.0000000000
6 307.0000000000
7 374.0000000000
9 426.0000000000
11 437.0000000000
16 467.0000000000
30 468.0000000000
49 492.0000000000
60 509.0000000000
62 511.0000000000
78 518.0000000000
97 522.0000000000
154 523.0000000000
162 529.0000000000
193 531.0000000000
396 532.0000000000
433 538.0000000000
479 539.0000000000
550 540.0000000000
673 541.0000000000
759 542.0000000000
814 547.0000000000
1210 548.0000000000
1659 551.0000000000
1718 552.0000000000
1725 554.0000000000
1839 555.0000000000
2318 556.0000000000
2657 558.0000000000
3755 562.0000000000
9321 563.0000000000
12080 564.0000000000
16243 565.0000000000
17945 567.0000000000
51500 569.0000000000
100000 464.0000000000
evaluations raw_y
1 0.0000000000
2 110.0000000000
3 240.0000000000
4 338.0000000000
8 354.0000000000
12 397.0000000000
16 456.0000000000
23 461.0000000000
25 474.0000000000
27 507.0000000000
92 519.0000000000
101 529.0000000000
378 531.0000000000
395 532.0000000000
427 537.0000000000
532 542.0000000000
668 545.0000000000
985 549.0000000000
1881 550.0000000000
2977 552.0000000000
3565 553.0000000000
4011 555.0000000000
4041 556.0000000000
4122 559.0000000000
6405 560.0000000000
7923 561.0000000000
13366 565.0000000000
14434 566.0000000000
14928 567.0000000000
15186 568.0000000000
20335 570.0000000000
100000 -2.0000000000
evaluations raw_y
1 0.0000000000
2 115.0000000000
3 196.0000000000
6 291.0000000000
10 299.0000000000
15 359.0000000000
22 382.0000000000
24 437.0000000000
27 462.0000000000
32 482.0000000000
43 499.0000000000
68 516.0000000000
137 524.0000000000
164 536.0000000000
247 538.0000000000
267 548.0000000000
865 553.0000000000
2104 554.0000000000
2151 559.0000000000
4127 561.0000000000
6196 562.0000000000
8793 563.0000000000
11147 564.0000000000
14115 566.0000000000
26025 567.0000000000
27369 568.0000000000
35688 571.0000000000
100000 278.0000000000
evaluations raw_y
1 0.0000000000
2 111.0000000000
3 174.0000000000
4 212.0000000000
6 237.0000000000
9 301.0000000000
15 332.0000000000
20 344.0000000000
23 426.0000000000
31 483.0000000000
44 498.0000000000
68 522.0000000000
201 528.0000000000
302 529.0000000000
346 530.0000000000
359 532.0000000000
367 534.0000000000
372 540.0000000000
427 545.0000000000
471 549.0000000000
523 552.0000000000
2104 554.0000000000
2695 557.0000000000
4776 560.0000000000
6242 561.0000000000
8215 562.0000000000
8514 564.0000000000
15312 565.0000000000
22968 566.0000000000
28300 568.0000000000
44736 570.0000000000
100000 219.0000000000
evaluations raw_y
1 0.0000000000
2 67.0000000000
3 157.0000000000
5 277.0000000000
12 321.0000000000
18 391.0000000000
20 426.0000000000
22 452.0000000000
23 479.0000000000
26 511.0000000000
52 519.0000000000
73 526.0000000000
125 529.0000000000
169 531.0000000000
191 534.0000000000
226 536.0000000000
256 537.0000000000
293 538.0000000000
347 539.0000000000
388 540.0000000000
410 544.0000000000
534 545.0000000000
558 551.0000000000
638 552.0000000000
950 553.0000000000
1020 558.0000000000
1972 564.0000000000
9028 566.0000000000
10187 567.0000000000
10507 568.0000000000
17268 569.0000000000
83397 570.0000000000
100000 551.0000000000
evaluations raw_y
1 0.0000000000
2 116.0000000000
3 211.0000000000
10 328.0000000000
11 386.0000000000
13 422.0000000000
17 462.0000000000
19 476.0000000000
26 484.0000000000
42 489.0000000000
43 510.0000000000
109 519.0000000000
134 524.0000000000
236 528.0000000000
278 540.0000000000
287 543.0000000000
821 546.0000000000
884 549.0000000000
1369 551.0000000000
2454 552.0000000000
2516 555.0000000000
4167 557.0000000000
9759 558.0000000000
9795 559.0000000000
13192 560.0000000000
14648 561.0000000000
25108 562.0000000000
66211 563.0000000000
81075 564.0000000000
97335 565.0000000000
100000 308.0000000000
