evaluations raw_y
1 2753.0000000000
5 2778.0000000000
14 2813.0000000000
22 2868.0000000000
24 2890.0000000000
25 2900.0000000000
26 2923.0000000000
28 2943.0000000000
34 2971.0000000000
38 3033.0000000000
39 3086.0000000000
42 3181.0000000000
45 3187.0000000000
54 3200.0000000000
59 3216.0000000000
61 3245.0000000000
63 3290.0000000000
64 3326.0000000000
70 3340.0000000000
71 3365.0000000000
86 3451.0000000000
94 3463.0000000000
103 3557.0000000000
121 3604.0000000000
124 3697.0000000000
127 3746.0000000000
133 3795.0000000000
135 3844.0000000000
138 3847.0000000000
139 3853.0000000000
142 3882.0000000000
150 3960.0000000000
169 3989.0000000000
173 4011.0000000000
175 4035.0000000000
181 4070.0000000000
184 4093.0000000000
194 4113.0000000000
200 4146.0000000000
221 4196.0000000000
226 4243.0000000000
230 4271.0000000000
256 4309.0000000000
260 4407.0000000000
303 4423.0000000000
318 4435.0000000000
326 4472.0000000000
353 4497.0000000000
357 4509.0000000000
366 4518.0000000000
374 4550.0000000000
388 4569.0000000000
402 4608.0000000000
422 4611.0000000000
423 4612.0000000000
451 4616.0000000000
501 4669.0000000000
518 4741.0000000000
524 4770.0000000000
537 4772.0000000000
550 4798.0000000000
564 4834.0000000000
601 4851.0000000000
699 4884.0000000000
706 4906.0000000000
727 4929.0000000000
856 4969.0000000000
871 5001.0000000000
995 5007.0000000000
1050 5031.0000000000
1060 5050.0000000000
100000 5050.0000000000
evaluations raw_y
1 2892.0000000000
2 2930.0000000000
7 3010.0000000000
8 3035.0000000000
12 3078.0000000000
17 3139.0000000000
19 3184.0000000000
31 3226.0000000000
36 3307.0000000000
38 3336.0000000000
41 3376.0000000000
42 3472.0000000000
44 3478.0000000000
45 3528.0000000000
46 3583.0000000000
50 3669.0000000000
54 3705.0000000000
55 3742.0000000000
62 3756.0000000000
69 3759.0000000000
80 3812.0000000000
112 3814.0000000000
114 3854.0000000000
122 3973.0000000000
126 3983.0000000000
142 4034.0000000000
145 4040.0000000000
146 4085.0000000000
147 4174.0000000000
150 4260.0000000000
157 4302.0000000000
162 4346.0000000000
174 4373.0000000000
179 4408.0000000000
190 4409.0000000000
205 4501.0000000000
211 4552.0000000000
213 4647.0000000000
224 4655.0000000000
238 4688.0000000000
240 4706.0000000000
242 4707.0000000000
282 4720.0000000000
283 4804.0000000000
335 4808.0000000000
342 4824.0000000000
350 4852.0000000000
369 4857.0000000000
415 4881.0000000000
435 4903.0000000000
462 4937.0000000000
615 4962.0000000000
844 4965.0000000000
871 4983.0000000000
1056 5050.0000000000
100000 4758.0000000000
evaluations raw_y
1 2602.0000000000
5 2695.0000000000
8 2728.0000000000
11 2754.0000000000
15 2818.0000000000
20 2910.0000000000
27 2945.0000000000
35 3073.0000000000
37 3086.0000000000
40 3092.0000000000
41 3119.0000000000
44 3143.0000000000
45 3240.0000000000
47 3266.0000000000
49 3276.0000000000
52 3343.0000000000
54 3363.0000000000
70 3369.0000000000
71 3420.0000000000
78 3436.0000000000
79 3440.0000000000
81 3489.0000000000
85 3548.0000000000
92 3593.0000000000
102 3668.0000000000
103 3738.0000000000
105 3759.0000000000
126 3784.0000000000
128 3785.0000000000
137 3796.0000000000
150 3835.0000000000
155 3839.0000000000
184 3897.0000000000
189 3929.0000000000
192 4015.0000000000
194 4053.0000000000
200 4113.0000000000
201 4127.0000000000
203 4186.0000000000
206 4191.0000000000
207 4205.0000000000
223 4215.0000000000
225 4252.0000000000
282 4296.0000000000
286 4377.0000000000
310 4405.0000000000
332 4439.0000000000
338 4531.0000000000
346 4538.0000000000
380 4564.0000000000
384 4599.0000000000
391 4655.0000000000
392 4658.0000000000
397 4701.0000000000
401 4751.0000000000
416 4769.0000000000
479 4856.0000000000
649 4897.0000000000
755 4906.0000000000
890 4969.0000000000
911 4996.0000000000
944 5030.0000000000
1293 5050.0000000000
100000 4875.0000000000
evaluations raw_y
1 2610.0000000000
3 2689.0000000000
18 2745.0000000000
20 2765.0000000000
21 2852.0000000000
25 2866.0000000000
27 2965.0000000000
48 2986.0000000000
52 3031.0000000000
53 3079.0000000000
57 3080.0000000000
62 3105.0000000000
66 3120.0000000000
68 3149.0000000000
69 3172.0000000000
70 3226.0000000000
75 3242.0000000000
81 3296.0000000000
82 3305.0000000000
86 3318.0000000000
94 3359.0000000000
102 3369.0000000000
109 3461.0000000000
112 3491.0000000000
116 3562.0000000000
119 3626.0000000000
121 3677.0000000000
130 3712.0000000000
133 3790.0000000000
135 3822.0000000000
136 3833.0000000000
144 3893.0000000000
145 3967.0000000000
155 4024.0000000000
157 4044.0000000000
159 4097.0000000000
161 4141.0000000000
181 4160.0000000000
195 4264.0000000000
196 4304.0000000000
222 4387.0000000000
251 4405.0000000000
255 4428.0000000000
260 4469.0000000000
291 4544.0000000000
324 4580.0000000000
335 4662.0000000000
337 4689.0000000000
341 4691.0000000000
345 4717.0000000000
362 4750.0000000000
404 4753.0000000000
406 4771.0000000000
447 4839.0000000000
470 4915.0000000000
524 4944.0000000000
530 4975.0000000000
657 4976.0000000000
670 5008.0000000000
678 5011.0000000000
715 5047.0000000000
789 5050.0000000000
100000 4982.0000000000
evaluations raw_y
1 2614.0000000000
11 2697.0000000000
19 2750.0000000000
20 2787.0000000000
26 2887.0000000000
29 2894.0000000000
31 2954.0000000000
33 3004.0000000000
39 3080.0000000000
41 3206.0000000000
44 3252.0000000000
51 3276.0000000000
55 3286.0000000000
56 3357.0000000000
61 3452.0000000000
75 3482.0000000000
76 3572.0000000000
84 3578.0000000000
89 3644.0000000000
93 3712.0000000000
94 3760.0000000000
104 3798.0000000000
111 3921.0000000000
121 3993.0000000000
136 4022.0000000000
142 4103.0000000000
151 4294.0000000000
160 4295.0000000000
169 4382.0000000000
185 4386.0000000000
192 4397.0000000000
194 4415.0000000000
219 4435.0000000000
259 4444.0000000000
267 4529.0000000000
280 4601.0000000000
283 4677.0000000000
309 4693.0000000000
334 4735.0000000000
364 4770.0000000000
383 4780.0000000000
456 4805.0000000000
471 4836.0000000000
494 4837.0000000000
617 4869.0000000000
639 4941.0000000000
731 4960.0000000000
743 4980.0000000000
794 5023.0000000000
934 5044.0000000000
968 5048.0000000000
1188 5050.0000000000
100000 5050.0000000000
evaluations raw_y
1 2918.0000000000
5 2946.0000000000
7 3043.0000000000
13 3046.0000000000
25 3082.0000000000
31 3125.0000000000
57 3273.0000000000
60 3289.0000000000
68 3362.0000000000
70 3391.0000000000
72 3463.0000000000
74 3545.0000000000
81 3606.0000000000
85 3643.0000000000
92 3703.0000000000
96 3774.0000000000
97 3796.0000000000
102 3815.0000000000
105 3893.0000000000
113 3955.0000000000
114 4001.0000000000
120 4018.0000000000
123 4048.0000000000
129 4095.0000000000
136 4165.0000000000
146 4195.0000000000
151 4221.0000000000
156 4229.0000000000
159 4263.0000000000
171 4264.0000000000
189 4317.0000000000
190 4393.0000000000
215 4408.0000000000
218 4508.0000000000
236 4520.0000000000
252 4528.0000000000
298 4586.0000000000
363 4615.0000000000
386 4662.0000000000
392 4667.0000000000
395 4672.0000000000
396 4731.0000000000
419 4750.0000000000
421 4751.0000000000
430 4799.0000000000
432 4813.0000000000
448 4846.0000000000
465 4849.0000000000
507 4856.0000000000
508 4900.0000000000
523 4923.0000000000
548 4963.0000000000
566 4978.0000000000
571 4997.0000000000
635 5004.0000000000
674 5033.0000000000
839 5039.0000000000
1022 5048.0000000000
1105 5050.0000000000
100000 5050.0000000000
evaluations raw_y
1 2657.0000000000
3 2709.0000000000
7 2759.0000000000
13 2816.0000000000
17 2884.0000000000
25 2958.0000000000
27 3010.0000000000
34 3046.0000000000
38 3106.0000000000
47 3182.0000000000
51 3198.0000000000
57 3227.0000000000
58 3245.0000000000
60 3268.0000000000
61 3311.0000000000
62 3332.0000000000
65 3372.0000000000
66 3445.0000000000
67 3461.0000000000
70 3508.0000000000
73 3597.0000000000
75 3656.0000000000
76 3747.0000000000
97 3779.0000000000
102 3857.0000000000
106 3888.0000000000
116 3920.0000000000
119 3986.0000000000
124 4019.0000000000
126 4030.0000000000
132 4082.0000000000
137 4146.0000000000
160 4155.0000000000
168 4178.0000000000
169 4185.0000000000
173 4227.0000000000
181 4255.0000000000
190 4304.0000000000
195 4358.0000000000
203 4367.0000000000
211 4401.0000000000
223 4451.0000000000
260 4461.0000000000
313 4546.0000000000
315 4560.0000000000
320 4570.0000000000
334 4614.0000000000
337 4712.0000000000
340 4765.0000000000
346 4789.0000000000
349 4831.0000000000
369 4901.0000000000
382 4914.0000000000
384 4917.0000000000
428 4964.0000000000
498 4972.0000000000
553 5013.0000000000
574 5028.0000000000
584 5046.0000000000
1066 5050.0000000000
100000 4930.0000000000
evaluations raw_y
1 2568.0000000000
3 2590.0000000000
4 2686.0000000000
5 2814.0000000000
7 2947.0000000000
12 3002.0000000000
13 3026.0000000000
16 3039.0000000000
17 3077.0000000000
18 3176.0000000000
31 3239.0000000000
43 3298.0000000000
46 3299.0000000000
57 3357.0000000000
62 3372.0000000000
64 3406.0000000000
68 3536.0000000000
72 3553.0000000000
77 3628.0000000000
88 3668.0000000000
111 3721.0000000000
112 3769.0000000000
114 3805.0000000000
115 3811.0000000000
117 3823.0000000000
120 3825.0000000000
122 3839.0000000000
126 3878.0000000000
141 3897.0000000000
146 3955.0000000000
148 4123.0000000000
162 4134.0000000000
171 4137.0000000000
175 4176.0000000000
182 4184.0000000000
192 4189.0000000000
197 4260.0000000000
209 4267.0000000000
242 4344.0000000000
251 4405.0000000000
252 4434.0000000000
258 4510.0000000000
292 4517.0000000000
295 4596.0000000000
300 4660.0000000000
305 4700.0000000000
307 4724.0000000000
320 4756.0000000000
328 4759.0000000000
382 4824.0000000000
401 4828.0000000000
416 4859.0000000000
419 4860.0000000000
451 4885.0000000000
461 4905.0000000000
473 4922.0000000000
494 4924.0000000000
502 4963.0000000000
509 5022.0000000000
537 5024.0000000000
957 5040.0000000000
1109 5050.0000000000
100000 5050.0000000000
evaluations raw_y
1 2773.0000000000
9 2816.0000000000
12 2823.0000000000
18 2866.0000000000
20 2873.0000000000
26 2910.0000000000
27 2999.0000000000
28 3063.0000000000
32 3079.0000000000
33 3179.0000000000
40 3279.0000000000
41 3335.0000000000
44 3350.0000000000
46 3356.0000000000
52 3371.0000000000
63 3412.0000000000
64 3512.0000000000
67 3516.0000000000
74 3582.0000000000
81 3647.0000000000
88 3726.0000000000
96 3732.0000000000
105 3797.0000000000
107 3809.0000000000
123 3856.0000000000
140 3898.0000000000
153 3936.0000000000
157 3998.0000000000
159 4043.0000000000
163 4084.0000000000
176 4108.0000000000
192 4131.0000000000
203 4215.0000000000
207 4249.0000000000
213 4305.0000000000
227 4325.0000000000
234 4388.0000000000
247 4390.0000000000
261 4403.0000000000
276 4480.0000000000
283 4483.0000000000
300 4537.0000000000
303 4596.0000000000
308 4621.0000000000
310 4625.0000000000
312 4705.0000000000
328 4790.0000000000
343 4797.0000000000
370 4833.0000000000
411 4844.0000000000
423 4851.0000000000
438 4894.0000000000
455 4921.0000000000
458 4954.0000000000
476 4963.0000000000
477 5015.0000000000
509 5032.0000000000
576 5042.0000000000
655 5050.0000000000
100000 5050.0000000000
evaluations raw_y
1 2465.0000000000
3 2549.0000000000
9 2577.0000000000
12 2681.0000000000
16 2751.0000000000
17 2965.0000000000
21 3048.0000000000
23 3055.0000000000
27 3079.0000000000
31 3083.0000000000
32 3122.0000000000
34 3200.0000000000
36 3277.0000000000
49 3280.0000000000
65 3361.0000000000
69 3363.0000000000
72 3456.0000000000
77 3510.0000000000
78 3524.0000000000
80 3554.0000000000
81 3562.0000000000
82 3563.0000000000
83 3614.0000000000
88 3633.0000000000
96 3694.0000000000
99 3709.0000000000
100 3741.0000000000
101 3816.0000000000
108 3857.0000000000
113 3880.0000000000
125 3932.0000000000
143 3944.0000000000
158 3961.0000000000
161 4067.0000000000
163 4085.0000000000
166 4110.0000000000
169 4153.0000000000
172 4207.0000000000
178 4271.0000000000
186 4321.0000000000
193 4377.0000000000
194 4407.0000000000
197 4435.0000000000
204 4460.0000000000
210 4528.0000000000
218 4538.0000000000
229 4546.0000000000
253 4599.0000000000
257 4621.0000000000
262 4679.0000000000
268 4718.0000000000
277 4758.0000000000
278 4770.0000000000
317 4867.0000000000
319 4899.0000000000
352 4933.0000000000
370 4946.0000000000
378 4948.0000000000
379 4984.0000000000
445 5004.0000000000
453 5011.0000000000
628 5027.0000000000
853 5050.0000000000
100000 4915.0000000000
