evaluations raw_y
1 0.0000000000
94 1.0000000000
170 2.0000000000
268 3.0000000000
331 5.0000000000
684 8.0000000000
819 9.0000000000
1022 11.0000000000
1081 13.0000000000
1119 14.0000000000
1177 18.0000000000
1345 19.0000000000
1416 20.0000000000
1516 23.0000000000
1639 24.0000000000
1883 26.0000000000
2146 29.0000000000
2215 32.0000000000
2268 33.0000000000
2470 34.0000000000
2811 37.0000000000
2877 44.0000000000
3021 48.0000000000
3500 51.0000000000
3663 57.0000000000
3732 62.0000000000
4150 64.0000000000
4489 65.0000000000
4634 66.0000000000
4692 68.0000000000
4721 70.0000000000
4855 72.0000000000
5247 74.0000000000
5468 75.0000000000
5724 76.0000000000
5773 77.0000000000
5824 78.0000000000
6515 79.0000000000
6524 81.0000000000
6611 87.0000000000
7848 88.0000000000
8011 89.0000000000
8694 90.0000000000
8741 93.0000000000
9289 94.0000000000
9410 96.0000000000
9510 98.0000000000
9617 99.0000000000
9790 100.0000000000
100000 89.0000000000
evaluations raw_y
1 0.0000000000
74 1.0000000000
173 2.0000000000
215 3.0000000000
452 5.0000000000
526 7.0000000000
665 8.0000000000
718 11.0000000000
764 12.0000000000
1158 13.0000000000
1577 15.0000000000
1730 17.0000000000
1900 18.0000000000
2285 20.0000000000
2399 21.0000000000
2422 22.0000000000
2690 23.0000000000
2725 25.0000000000
2897 27.0000000000
2996 29.0000000000
3018 31.0000000000
3022 33.0000000000
3027 35.0000000000
3039 36.0000000000
3112 38.0000000000
3136 40.0000000000
3231 41.0000000000
3275 42.0000000000
3675 45.0000000000
4296 46.0000000000
4351 49.0000000000
4824 51.0000000000
4838 52.0000000000
4892 54.0000000000
5353 55.0000000000
6035 58.0000000000
6520 61.0000000000
7042 63.0000000000
7452 64.0000000000
7589 65.0000000000
7667 67.0000000000
8023 69.0000000000
8188 70.0000000000
8258 73.0000000000
8407 74.0000000000
8490 75.0000000000
8740 78.0000000000
8907 79.0000000000
9280 80.0000000000
9333 82.0000000000
9491 84.0000000000
10093 85.0000000000
10367 87.0000000000
10651 88.0000000000
11148 91.0000000000
11311 93.0000000000
11326 96.0000000000
11359 100.0000000000
100000 29.0000000000
evaluations raw_y
1 1.0000000000
108 2.0000000000
136 6.0000000000
486 11.0000000000
525 12.0000000000
536 14.0000000000
569 17.0000000000
780 18.0000000000
785 19.0000000000
829 27.0000000000
915 28.0000000000
1276 29.0000000000
1313 30.0000000000
1632 32.0000000000
1785 34.0000000000
2017 35.0000000000
2687 36.0000000000
2803 41.0000000000
3058 42.0000000000
3178 44.0000000000
3319 46.0000000000
3498 47.0000000000
3643 48.0000000000
4135 50.0000000000
4166 51.0000000000
4244 55.0000000000
4260 56.0000000000
4559 58.0000000000
4670 59.0000000000
4676 60.0000000000
4814 64.0000000000
4978 65.0000000000
5164 67.0000000000
5253 72.0000000000
5373 73.0000000000
5563 76.0000000000
5878 77.0000000000
6082 82.0000000000
6139 83.0000000000
6445 84.0000000000
6726 89.0000000000
7072 90.0000000000
7443 94.0000000000
7704 96.0000000000
7764 97.0000000000
7771 100.0000000000
100000 51.0000000000
evaluations raw_y
1 1.0000000000
3 2.0000000000
25 7.0000000000
194 8.0000000000
288 12.0000000000
331 13.0000000000
672 16.0000000000
796 17.0000000000
895 19.0000000000
997 20.0000000000
1262 24.0000000000
1271 25.0000000000
1301 26.0000000000
1452 27.0000000000
1685 28.0000000000
1913 30.0000000000
1924 31.0000000000
2050 32.0000000000
2123 35.0000000000
2134 36.0000000000
2248 37.0000000000
2426 42.0000000000
2568 44.0000000000
2635 45.0000000000
2754 46.0000000000
2866 47.0000000000
3349 50.0000000000
3391 51.0000000000
3569 58.0000000000
3987 60.0000000000
4112 63.0000000000
4526 64.0000000000
4539 65.0000000000
4636 68.0000000000
5007 69.0000000000
5030 70.0000000000
5125 71.0000000000
5282 72.0000000000
6026 73.0000000000
6222 74.0000000000
6474 75.0000000000
6501 76.0000000000
6969 84.0000000000
6995 85.0000000000
7177 86.0000000000
7196 87.0000000000
7694 88.0000000000
8053 89.0000000000
8436 90.0000000000
8476 92.0000000000
8607 94.0000000000
9465 96.0000000000
9789 97.0000000000
9827 98.0000000000
10017 99.0000000000
10052 100.0000000000
100000 84.0000000000
evaluations raw_y
1 4.0000000000
340 6.0000000000
410 8.0000000000
434 11.0000000000
487 14.0000000000
785 15.0000000000
870 18.0000000000
964 20.0000000000
993 23.0000000000
1049 24.0000000000
1158 27.0000000000
1181 30.0000000000
1253 31.0000000000
1424 35.0000000000
1469 36.0000000000
1489 38.0000000000
2155 39.0000000000
2237 40.0000000000
2431 41.0000000000
2456 46.0000000000
2710 47.0000000000
2837 51.0000000000
2999 52.0000000000
3046 53.0000000000
3118 54.0000000000
3495 56.0000000000
3688 59.0000000000
4133 60.0000000000
4476 61.0000000000
4609 62.0000000000
4671 65.0000000000
4881 66.0000000000
4909 68.0000000000
5093 70.0000000000
5157 71.0000000000
5761 79.0000000000
6103 80.0000000000
6555 82.0000000000
6840 85.0000000000
7182 91.0000000000
7219 94.0000000000
7654 95.0000000000
7667 96.0000000000
8065 97.0000000000
8069 98.0000000000
8202 99.0000000000
8915 100.0000000000
100000 49.0000000000
evaluations raw_y
1 0.0000000000
49 1.0000000000
62 2.0000000000
82 4.0000000000
197 5.0000000000
319 6.0000000000
632 7.0000000000
796 8.0000000000
1093 9.0000000000
1331 14.0000000000
1352 15.0000000000
1445 16.0000000000
1537 18.0000000000
1842 21.0000000000
1850 22.0000000000
1884 23.0000000000
1927 24.0000000000
2345 25.0000000000
2348 28.0000000000
2446 29.0000000000
2461 30.0000000000
2484 31.0000000000
2690 33.0000000000
2699 41.0000000000
2730 43.0000000000
3120 44.0000000000
3196 45.0000000000
3422 46.0000000000
3433 47.0000000000
3529 48.0000000000
3601 49.0000000000
3613 53.0000000000
3707 54.0000000000
3867 55.0000000000
3939 57.0000000000
4127 63.0000000000
4428 68.0000000000
4726 69.0000000000
4741 70.0000000000
4861 72.0000000000
4959 75.0000000000
4980 78.0000000000
5376 81.0000000000
5764 82.0000000000
5811 83.0000000000
5865 86.0000000000
6493 87.0000000000
6564 88.0000000000
6997 92.0000000000
7063 93.0000000000
7330 94.0000000000
7465 99.0000000000
7693 100.0000000000
100000 100.0000000000
evaluations raw_y
1 1.0000000000
170 2.0000000000
282 3.0000000000
313 5.0000000000
355 6.0000000000
466 7.0000000000
749 8.0000000000
793 10.0000000000
850 13.0000000000
959 14.0000000000
996 15.0000000000
1150 16.0000000000
1181 17.0000000000
1203 19.0000000000
1213 23.0000000000
1287 25.0000000000
1311 26.0000000000
1360 27.0000000000
1376 28.0000000000
1460 29.0000000000
1564 34.0000000000
1571 36.0000000000
1680 38.0000000000
1743 40.0000000000
1983 43.0000000000
2145 45.0000000000
2158 47.0000000000
2255 51.0000000000
2330 52.0000000000
2427 53.0000000000
2965 54.0000000000
3107 56.0000000000
3183 61.0000000000
3310 62.0000000000
3493 64.0000000000
3684 65.0000000000
3754 66.0000000000
3765 68.0000000000
3804 70.0000000000
3844 71.0000000000
4035 72.0000000000
4453 78.0000000000
4501 79.0000000000
4739 81.0000000000
4750 84.0000000000
4920 85.0000000000
5075 91.0000000000
5113 92.0000000000
5718 93.0000000000
5874 94.0000000000
5910 96.0000000000
8035 98.0000000000
8068 100.0000000000
100000 14.0000000000
evaluations raw_y
1 0.0000000000
44 3.0000000000
88 4.0000000000
156 5.0000000000
159 6.0000000000
365 7.0000000000
433 8.0000000000
446 11.0000000000
498 13.0000000000
525 15.0000000000
581 19.0000000000
750 22.0000000000
1185 23.0000000000
1313 26.0000000000
1335 27.0000000000
1478 30.0000000000
1497 31.0000000000
1561 32.0000000000
1685 34.0000000000
1961 36.0000000000
1963 37.0000000000
2048 39.0000000000
2106 40.0000000000
2265 41.0000000000
2474 42.0000000000
2513 43.0000000000
2708 45.0000000000
2789 46.0000000000
2870 50.0000000000
3301 54.0000000000
3528 55.0000000000
3791 57.0000000000
4083 58.0000000000
4407 59.0000000000
4409 60.0000000000
4488 61.0000000000
4567 65.0000000000
4762 66.0000000000
5197 67.0000000000
5460 68.0000000000
5794 69.0000000000
5871 70.0000000000
6233 71.0000000000
6387 73.0000000000
6444 76.0000000000
6534 77.0000000000
6712 78.0000000000
6756 84.0000000000
6792 85.0000000000
6881 86.0000000000
7219 88.0000000000
7228 90.0000000000
7347 91.0000000000
7789 92.0000000000
7836 93.0000000000
7874 94.0000000000
8266 96.0000000000
8843 100.0000000000
100000 71.0000000000
evaluations raw_y
1 0.0000000000
36 1.0000000000
99 2.0000000000
131 3.0000000000
159 6.0000000000
204 11.0000000000
389 13.0000000000
527 15.0000000000
676 18.0000000000
725 19.0000000000
783 20.0000000000
871 24.0000000000
881 27.0000000000
898 30.0000000000
937 33.0000000000
1123 34.0000000000
1384 36.0000000000
1508 38.0000000000
1665 40.0000000000
2308 45.0000000000
2435 46.0000000000
2654 48.0000000000
2656 49.0000000000
2670 50.0000000000
3292 51.0000000000
3408 52.0000000000
3478 53.0000000000
3479 55.0000000000
3530 56.0000000000
3609 57.0000000000
3956 60.0000000000
4577 61.0000000000
4734 62.0000000000
4776 63.0000000000
4975 66.0000000000
5278 67.0000000000
5300 68.0000000000
5489 70.0000000000
5581 72.0000000000
5763 75.0000000000
5926 76.0000000000
6050 77.0000000000
6076 79.0000000000
6618 85.0000000000
6634 86.0000000000
6923 90.0000000000
6932 92.0000000000
7452 93.0000000000
7684 94.0000000000
7883 95.0000000000
8007 96.0000000000
8186 97.0000000000
9259 98.0000000000
9453 99.0000000000
10055 100.0000000000
100000 50.0000000000
evaluations raw_y
1 1.0000000000
283 3.0000000000
335 4.0000000000
517 6.0000000000
563 7.0000000000
708 8.0000000000
735 13.0000000000
760 14.0000000000
779 16.0000000000
863 17.0000000000
969 18.0000000000
1025 19.0000000000
1056 22.0000000000
1193 23.0000000000
1222 25.0000000000
1370 32.0000000000
1868 33.0000000000
1906 36.0000000000
2220 44.0000000000
2432 47.0000000000
2721 52.0000000000
2847 53.0000000000
2958 55.0000000000
3252 56.0000000000
3528 59.0000000000
3543 60.0000000000
3616 61.0000000000
3990 63.0000000000
4230 65.0000000000
4343 68.0000000000
5255 69.0000000000
5656 73.0000000000
5734 74.0000000000
6011 75.0000000000
6171 76.0000000000
6325 79.0000000000
6332 81.0000000000
6841 85.0000000000
6931 86.0000000000
7037 87.0000000000
7099 89.0000000000
7722 91.0000000000
7928 92.0000000000
8112 93.0000000000
8157 96.0000000000
8231 98.0000000000
8672 100.0000000000
100000 44.0000000000
