evaluations raw_y
1 -1537.0000000000
2 -1381.0000000000
3 -1069.0000000000
13 -1040.0000000000
25 -962.0000000000
32 -943.0000000000
42 -933.0000000000
61 -855.0000000000
69 -777.0000000000
137 -748.0000000000
146 -699.0000000000
150 -680.0000000000
161 -621.0000000000
225 -602.0000000000
232 -543.0000000000
239 -524.0000000000
262 -505.0000000000
272 -398.0000000000
346 -281.0000000000
397 -195.0000000000
507 -146.0000000000
582 -108.0000000000
686 -89.0000000000
696 -70.0000000000
704 -50.0000000000
765 -40.0000000000
783 -22.0000000000
864 -13.0000000000
923 -5.0000000000
965 -4.0000000000
1011 -3.0000000000
1100 5.0000000000
1119 6.0000000000
1261 7.0000000000
1350 8.0000000000
100000 -1.0000000000
evaluations raw_y
1 -1284.0000000000
3 -1245.0000000000
4 -1147.0000000000
29 -1119.0000000000
31 -1118.0000000000
40 -1098.0000000000
52 -1079.0000000000
59 -1050.0000000000
63 -1001.0000000000
72 -943.0000000000
82 -894.0000000000
92 -739.0000000000
104 -729.0000000000
143 -661.0000000000
194 -651.0000000000
197 -515.0000000000
206 -467.0000000000
227 -427.0000000000
256 -399.0000000000
274 -341.0000000000
326 -302.0000000000
336 -291.0000000000
345 -243.0000000000
416 -224.0000000000
441 -186.0000000000
464 -147.0000000000
479 -137.0000000000
483 -128.0000000000
513 -98.0000000000
515 -97.0000000000
554 -60.0000000000
617 -41.0000000000
625 -31.0000000000
677 -22.0000000000
694 -12.0000000000
766 -11.0000000000
775 -3.0000000000
864 6.0000000000
911 7.0000000000
1066 8.0000000000
1234 9.0000000000
100000 -39.0000000000
evaluations raw_y
1 -1751.0000000000
2 -1410.0000000000
4 -1371.0000000000
7 -1293.0000000000
10 -1264.0000000000
13 -1196.0000000000
17 -1050.0000000000
27 -932.0000000000
65 -826.0000000000
99 -816.0000000000
110 -777.0000000000
124 -564.0000000000
200 -544.0000000000
223 -486.0000000000
246 -466.0000000000
269 -457.0000000000
276 -428.0000000000
281 -388.0000000000
290 -322.0000000000
321 -311.0000000000
359 -283.0000000000
366 -282.0000000000
373 -281.0000000000
374 -225.0000000000
407 -137.0000000000
429 -118.0000000000
479 -98.0000000000
545 -70.0000000000
613 -61.0000000000
615 -60.0000000000
629 -52.0000000000
658 -51.0000000000
674 -43.0000000000
687 -42.0000000000
711 -41.0000000000
715 -33.0000000000
758 -23.0000000000
764 -13.0000000000
898 -12.0000000000
911 -5.0000000000
917 -4.0000000000
994 -3.0000000000
1276 6.0000000000
1574 7.0000000000
2220 8.0000000000
100000 -1.0000000000
evaluations raw_y
1 -1293.0000000000
2 -1166.0000000000
5 -1137.0000000000
12 -865.0000000000
76 -699.0000000000
130 -640.0000000000
161 -602.0000000000
191 -534.0000000000
201 -466.0000000000
249 -407.0000000000
288 -349.0000000000
350 -223.0000000000
414 -204.0000000000
494 -195.0000000000
503 -185.0000000000
515 -156.0000000000
555 -147.0000000000
572 -127.0000000000
602 -118.0000000000
613 -80.0000000000
679 -79.0000000000
733 -69.0000000000
787 -61.0000000000
789 -60.0000000000
798 -51.0000000000
847 -32.0000000000
883 -31.0000000000
986 -12.0000000000
1126 -4.0000000000
1134 -3.0000000000
1178 5.0000000000
1232 6.0000000000
1235 7.0000000000
1304 8.0000000000
2742 9.0000000000
100000 -10.0000000000
evaluations raw_y
1 -1702.0000000000
2 -1185.0000000000
11 -1157.0000000000
14 -1138.0000000000
22 -1127.0000000000
24 -1060.0000000000
74 -894.0000000000
103 -875.0000000000
116 -806.0000000000
135 -777.0000000000
148 -748.0000000000
161 -709.0000000000
177 -680.0000000000
178 -631.0000000000
182 -612.0000000000
252 -544.0000000000
256 -506.0000000000
304 -466.0000000000
318 -380.0000000000
372 -370.0000000000
405 -350.0000000000
408 -312.0000000000
415 -273.0000000000
447 -187.0000000000
515 -129.0000000000
622 -120.0000000000
627 -100.0000000000
726 -81.0000000000
802 -80.0000000000
818 -61.0000000000
926 -51.0000000000
967 -42.0000000000
1009 -23.0000000000
1103 -22.0000000000
1130 -15.0000000000
1147 -14.0000000000
1193 -13.0000000000
1328 -12.0000000000
1382 -6.0000000000
1409 -4.0000000000
1433 -3.0000000000
1447 5.0000000000
1451 6.0000000000
1600 7.0000000000
61906 8.0000000000
62347 9.0000000000
100000 9.0000000000
evaluations raw_y
1 -1458.0000000000
3 -1371.0000000000
4 -1294.0000000000
9 -1040.0000000000
63 -992.0000000000
83 -934.0000000000
105 -894.0000000000
111 -690.0000000000
153 -641.0000000000
165 -593.0000000000
217 -564.0000000000
241 -543.0000000000
246 -476.0000000000
254 -418.0000000000
271 -408.0000000000
282 -400.0000000000
291 -293.0000000000
352 -244.0000000000
426 -214.0000000000
469 -186.0000000000
473 -158.0000000000
531 -148.0000000000
542 -139.0000000000
568 -109.0000000000
598 -91.0000000000
616 -71.0000000000
667 -70.0000000000
694 -51.0000000000
723 -42.0000000000
765 -33.0000000000
786 -24.0000000000
795 -23.0000000000
865 -14.0000000000
919 -13.0000000000
983 -5.0000000000
1001 -4.0000000000
1006 5.0000000000
1206 6.0000000000
1411 7.0000000000
1591 8.0000000000
100000 8.0000000000
evaluations raw_y
1 -1147.0000000000
6 -884.0000000000
50 -874.0000000000
69 -855.0000000000
100 -660.0000000000
127 -651.0000000000
145 -642.0000000000
148 -592.0000000000
150 -583.0000000000
168 -553.0000000000
205 -515.0000000000
227 -514.0000000000
235 -350.0000000000
262 -301.0000000000
345 -253.0000000000
381 -243.0000000000
401 -224.0000000000
407 -196.0000000000
417 -194.0000000000
419 -186.0000000000
423 -156.0000000000
500 -118.0000000000
518 -81.0000000000
527 -80.0000000000
560 -70.0000000000
594 -61.0000000000
655 -41.0000000000
720 -32.0000000000
807 -23.0000000000
839 -22.0000000000
898 -13.0000000000
932 -4.0000000000
969 -3.0000000000
974 6.0000000000
1012 7.0000000000
1155 8.0000000000
1242 9.0000000000
100000 -20.0000000000
evaluations raw_y
1 -1449.0000000000
2 -1186.0000000000
8 -981.0000000000
25 -943.0000000000
37 -865.0000000000
48 -709.0000000000
90 -651.0000000000
120 -622.0000000000
148 -583.0000000000
160 -574.0000000000
178 -534.0000000000
199 -505.0000000000
206 -495.0000000000
240 -427.0000000000
282 -399.0000000000
322 -398.0000000000
328 -350.0000000000
354 -340.0000000000
362 -301.0000000000
389 -292.0000000000
408 -262.0000000000
420 -224.0000000000
433 -128.0000000000
525 -109.0000000000
538 -107.0000000000
602 -89.0000000000
630 -51.0000000000
700 -32.0000000000
742 -31.0000000000
803 -23.0000000000
827 -22.0000000000
991 -3.0000000000
1100 -2.0000000000
1221 -1.0000000000
1230 7.0000000000
1430 8.0000000000
1683 9.0000000000
100000 9.0000000000
evaluations raw_y
1 -1702.0000000000
3 -1654.0000000000
4 -1410.0000000000
5 -1342.0000000000
9 -1254.0000000000
17 -1098.0000000000
49 -1030.0000000000
56 -1021.0000000000
62 -1020.0000000000
70 -962.0000000000
86 -923.0000000000
97 -835.0000000000
135 -825.0000000000
140 -806.0000000000
144 -757.0000000000
180 -601.0000000000
212 -534.0000000000
254 -514.0000000000
307 -495.0000000000
316 -397.0000000000
349 -368.0000000000
363 -358.0000000000
394 -319.0000000000
425 -253.0000000000
467 -213.0000000000
512 -195.0000000000
525 -185.0000000000
535 -155.0000000000
600 -147.0000000000
627 -107.0000000000
678 -79.0000000000
752 -78.0000000000
820 -59.0000000000
839 -49.0000000000
840 -39.0000000000
859 -30.0000000000
922 -21.0000000000
1111 -12.0000000000
1196 -11.0000000000
1285 -2.0000000000
1376 6.0000000000
1382 7.0000000000
1437 8.0000000000
1761 9.0000000000
100000 9.0000000000
evaluations raw_y
1 -1264.0000000000
2 -1137.0000000000
3 -1030.0000000000
29 -904.0000000000
50 -875.0000000000
65 -846.0000000000
80 -826.0000000000
84 -768.0000000000
107 -719.0000000000
149 -574.0000000000
207 -525.0000000000
228 -446.0000000000
262 -389.0000000000
309 -311.0000000000
363 -302.0000000000
382 -253.0000000000
420 -195.0000000000
523 -148.0000000000
525 -147.0000000000
594 -118.0000000000
687 -81.0000000000
731 -80.0000000000
754 -61.0000000000
782 -52.0000000000
913 -43.0000000000
934 -33.0000000000
966 -23.0000000000
1009 -22.0000000000
1013 -14.0000000000
1090 -13.0000000000
1126 -5.0000000000
1127 -4.0000000000
1204 -3.0000000000
1226 5.0000000000
1343 6.0000000000
1395 7.0000000000
1505 8.0000000000
1811 9.0000000000
100000 -39.0000000000
